0
36
LadyAssassinWeights_BackJoint01
LadyAssassinWeights_RootJoint01
1
LadyAssassinWeights_ChestJoint01 
1 0 0 0 
-0 1 0 0 
0 -0 1 0 
-1.04403e-016 15.7464 1.14071 1 

LadyAssassinWeights_ChestJoint01
LadyAssassinWeights_BackJoint01
3
LadyAssassinWeights_NeckJoint01 LadyAssassinWeights_Left_ArmJoint_A01 LadyAssassinWeights_Right_ArmJoint_A01 
1 0 0 0 
-0 1 0 0 
0 -0 1 0 
-1.04403e-016 18.0416 0.7234 1 

LadyAssassinWeights_HeadEndJoint01
LadyAssassinWeights_HeadJoint01
0

1 0 0 0 
0 0.999168 -0.0407916 0 
-0 0.0407916 0.999168 0 
-1.04403e-016 26.3829 0.0596699 1 

LadyAssassinWeights_HeadJoint01
LadyAssassinWeights_NeckJoint01
1
LadyAssassinWeights_HeadEndJoint01 
1 0 0 0 
0 0.999168 -0.0407916 0 
-0 0.0407916 0.999168 0 
-1.04403e-016 21.1238 0.163615 1 

LadyAssassinWeights_HipEndJoint01
LadyAssassinWeights_HipJoint01
0

1 0 0 0 
-0 1 0 0 
0 -0 1 0 
-5.83116e-016 13.6763 1.819 1 

LadyAssassinWeights_HipJoint01
LadyAssassinWeights_RootJoint01
3
LadyAssassinWeights_HipEndJoint01 LadyAssassinWeights_Left_ThighJoint01 LadyAssassinWeights_Right_ThighJoint01 
1 0 0 0 
-0 1 0 0 
0 -0 1 0 
-5.24715e-016 14.589 1.20382 1 

LadyAssassinWeights_Left_AnkleJoint01
LadyAssassinWeights_Left_KneeJoint01
1
LadyAssassinWeights_Left_BallJoint01 
0.983998 0.105461 -0.143619 0 
0.00255532 0.797595 0.603188 0 
0.178162 -0.593903 0.784562 0 
1.7452 2.82694 -0.0375354 1 

LadyAssassinWeights_Left_ArmJoint_A01
LadyAssassinWeights_ChestJoint01
1
LadyAssassinWeights_Left_ShoulderJoint01 
0.980973 0.0365806 0.190668 0 
0.127671 0.618322 -0.775486 0 
-0.146262 0.785073 0.601887 0 
1.61544 19.4124 -0.377931 1 

LadyAssassinWeights_Left_BallJoint01
LadyAssassinWeights_Left_AnkleJoint01
1
LadyAssassinWeights_Left_ToeJoint01 
0.983998 0.105461 -0.143619 0 
0.00255532 0.797595 0.603188 0 
0.178162 -0.593903 0.784562 0 
1.80157 0.649399 -0.22366 1 

LadyAssassinWeights_Left_ElbowJoint01
LadyAssassinWeights_Left_ShoulderJoint01
1
LadyAssassinWeights_Left_WristJoint01 
0.971399 -0.0132453 -0.237082 0 
-0.16113 0.696615 -0.699117 0 
0.174415 0.717323 0.674557 0 
7.00938 17.697 -1.02405 1 

LadyAssassinWeights_Left_HandJoint_A01
LadyAssassinWeights_Left_WristJoint01
1
LadyAssassinWeights_Left_HandJoint_B01 
1 0 -1.38778e-017 0 
0 1 0 0 
1.38778e-017 0 1 0 
11.4936 16.3041 -1.55685 1 

LadyAssassinWeights_Left_HandJoint_B01
LadyAssassinWeights_Left_HandJoint_A01
0

1 0 -1.38778e-017 0 
0 1 0 0 
1.38778e-017 0 1 0 
13.1102 15.4214 -1.61493 1 

LadyAssassinWeights_Left_KneeJoint01
LadyAssassinWeights_Left_ThighJoint01
1
LadyAssassinWeights_Left_AnkleJoint01 
0.98376 0.000557205 -0.17949 0 
-0.00939728 0.998784 -0.0484046 0 
0.179245 0.0493052 0.982568 0 
1.55444 6.92062 0.246927 1 

LadyAssassinWeights_Left_ShoulderJoint01
LadyAssassinWeights_Left_ArmJoint_A01
1
LadyAssassinWeights_Left_ElbowJoint01 
0.94705 0.0873415 -0.308978 0 
-0.279204 0.699214 -0.658138 0 
0.158559 0.709557 0.686576 0 
2.83633 19.0242 -0.524075 1 

LadyAssassinWeights_Left_ThighJoint01
LadyAssassinWeights_HipJoint01
1
LadyAssassinWeights_Left_KneeJoint01 
0.982975 0.0218763 -0.182433 0 
-0.00909442 0.997463 0.0706077 0 
0.183515 -0.0677465 0.98068 0 
1.21945 14.0772 0.743673 1 

LadyAssassinWeights_Left_ThumbJoint_A01
LadyAssassinWeights_Left_WristJoint01
1
LadyAssassinWeights_Left_ThumbJoint_B01 
1 0 -1.38778e-017 0 
0 1 0 0 
1.38778e-017 0 1 0 
10.7971 16.5072 -1.38696 1 

LadyAssassinWeights_Left_ThumbJoint_B01
LadyAssassinWeights_Left_ThumbJoint_A01
1
LadyAssassinWeights_Left_ThumbJoint_C01 
1 0 -1.38778e-017 0 
0 1 0 0 
1.38778e-017 0 1 0 
11.4414 16.1418 -0.900461 1 

LadyAssassinWeights_Left_ThumbJoint_C01
LadyAssassinWeights_Left_ThumbJoint_B01
0

1 0 -1.38778e-017 0 
0 1 0 0 
1.38778e-017 0 1 0 
12.3031 15.4031 -0.560452 1 

LadyAssassinWeights_Left_ToeJoint01
LadyAssassinWeights_Left_BallJoint01
0

0.983998 0.105461 -0.143619 0 
0.00255532 0.797595 0.603188 0 
0.178162 -0.593903 0.784562 0 
1.85837 0.148064 2.33556 1 

LadyAssassinWeights_Left_WristJoint01
LadyAssassinWeights_Left_ElbowJoint01
2
LadyAssassinWeights_Left_HandJoint_A01 LadyAssassinWeights_Left_ThumbJoint_A01 
1 0 -1.38778e-017 0 
0 1 0 0 
1.38778e-017 0 1 0 
10.4293 16.6092 -1.43355 1 

LadyAssassinWeights_NeckJoint01
LadyAssassinWeights_ChestJoint01
1
LadyAssassinWeights_HeadJoint01 
1 0 0 0 
-0 1 0 0 
0 -0 1 0 
-1.04403e-016 20.4433 0.163615 1 

LadyAssassinWeights_Right_AnkleJoint01
LadyAssassinWeights_Right_KneeJoint01
1
LadyAssassinWeights_Right_BallJoint01 
0.983748 -0.00661073 0.179433 0 
-0.0179761 -0.997927 0.0617885 0 
0.178653 -0.0640098 -0.981828 0 
-1.84211 2.82242 0.113444 1 

LadyAssassinWeights_Right_ArmJoint_A01
LadyAssassinWeights_ChestJoint01
1
LadyAssassinWeights_Right_ShoulderJoint01 
0.981424 0.134952 -0.136363 0 
0.135358 -0.990776 -0.00632824 0 
-0.135959 -0.0122472 -0.990639 0 
-1.51185 19.4442 0.276469 1 

LadyAssassinWeights_Right_BallJoint01
LadyAssassinWeights_Right_AnkleJoint01
1
LadyAssassinWeights_Right_ToeJoint01 
0.983748 -0.00661073 0.179433 0 
-0.0179761 -0.997927 0.0617885 0 
0.178653 -0.0640098 -0.981828 0 
-1.87519 0.641602 0.0394484 1 

LadyAssassinWeights_Right_ElbowJoint01
LadyAssassinWeights_Right_ShoulderJoint01
1
LadyAssassinWeights_Right_WristJoint01 
0.997452 0.0320532 -0.0637271 0 
0.0293191 -0.998628 -0.0433856 0 
-0.0650303 0.0414067 -0.997024 0 
-6.79006 18.0101 -0.863193 1 

LadyAssassinWeights_Right_HandJoint_A01
LadyAssassinWeights_Right_WristJoint01
1
LadyAssassinWeights_Right_HandJoint_B01 
0.999546 0.0256202 -0.0158647 0 
0.0247594 -0.998327 -0.0522601 0 
-0.0171771 0.0518436 -0.998507 0 
-11.3114 16.3996 -1.5691 1 

LadyAssassinWeights_Right_HandJoint_B01
LadyAssassinWeights_Right_HandJoint_A01
0

0.999546 0.0256202 -0.0158647 0 
0.0247594 -0.998327 -0.0522601 0 
-0.0171771 0.0518436 -0.998507 0 
-12.9064 15.4801 -1.64758 1 

LadyAssassinWeights_Right_KneeJoint01
LadyAssassinWeights_Right_ThighJoint01
1
LadyAssassinWeights_Right_AnkleJoint01 
0.983748 -0.00661073 0.179433 0 
-0.0179761 -0.997927 0.0617885 0 
0.178653 -0.0640098 -0.981828 0 
-1.61612 6.91775 0.343 1 

LadyAssassinWeights_Right_ShoulderJoint01
LadyAssassinWeights_Right_ArmJoint_A01
1
LadyAssassinWeights_Right_ElbowJoint01 
0.996721 0.0229773 -0.0775829 0 
0.0199768 -0.99903 -0.0392318 0 
-0.0784091 0.0375534 -0.996214 0 
-2.85451 19.6203 -0.38519 1 

LadyAssassinWeights_Right_ThighJoint01
LadyAssassinWeights_HipJoint01
1
LadyAssassinWeights_Right_KneeJoint01 
0.98278 -0.0278899 0.182661 0 
-0.0176928 -0.998205 -0.0572194 0 
0.183929 0.0530024 -0.98151 0 
-1.21945 14.0772 0.743673 1 

LadyAssassinWeights_Right_ThumbJoint_A01
LadyAssassinWeights_Right_WristJoint01
1
LadyAssassinWeights_Right_ThumbJoint_B01 
0.999546 0.0256202 -0.0158647 0 
0.0247594 -0.998327 -0.0522601 0 
-0.0171771 0.0518436 -0.998507 0 
-10.6172 16.6115 -1.3999 1 

LadyAssassinWeights_Right_ThumbJoint_B01
LadyAssassinWeights_Right_ThumbJoint_A01
1
LadyAssassinWeights_Right_ThumbJoint_C01 
0.999546 0.0256202 -0.0158647 0 
0.0247594 -0.998327 -0.0522601 0 
-0.0171771 0.0518436 -0.998507 0 
-11.2439 16.2049 -0.923013 1 

LadyAssassinWeights_Right_ThumbJoint_C01
LadyAssassinWeights_Right_ThumbJoint_B01
0

0.999546 0.0256202 -0.0158647 0 
0.0247594 -0.998327 -0.0522601 0 
-0.0171771 0.0518436 -0.998507 0 
-12.0811 15.4278 -0.608439 1 

LadyAssassinWeights_Right_ToeJoint01
LadyAssassinWeights_Right_BallJoint01
0

0.983748 -0.00661073 0.179433 0 
-0.0179761 -0.997927 0.0617885 0 
0.178653 -0.0640098 -0.981828 0 
-1.92717 0.267489 2.62578 1 

LadyAssassinWeights_Right_WristJoint01
LadyAssassinWeights_Right_ElbowJoint01
2
LadyAssassinWeights_Right_HandJoint_A01 LadyAssassinWeights_Right_ThumbJoint_A01 
0.999546 0.0256202 -0.0158647 0 
0.0247594 -0.998327 -0.0522601 0 
-0.0171771 0.0518436 -0.998507 0 
-10.253 16.7252 -1.44692 1 

LadyAssassinWeights_RootJoint01
NULL
2
LadyAssassinWeights_BackJoint01 LadyAssassinWeights_HipJoint01 
1 0 0 0 
0 0.992224 -0.124469 0 
-0 0.124469 0.992224 0 
0 14.0142 0.80244 1 

LadyAssassinWeights_RootJoint01
