0
17

22

0
1 0 0 0 
0 1 2.87215e-033 0 
0 2.87215e-033 1 0 
-5.29396e-023 -1.90735e-006 -8.9407e-008 1 

1 -6.61744e-024 -6.61744e-024 0 
-6.61744e-024 1 -3.72529e-009 0 
6.61744e-024 3.72529e-009 1 0 
0 -1.90735e-006 -1.19209e-007 1 

1 0 0 0 
1.86265e-009 1 1.37952e-008 0 
1.86265e-009 -1.59489e-008 1 0 
-5.31154e-008 -1.90735e-006 2.38419e-007 1 

1 1.86265e-009 1.86265e-009 0 
-1.86265e-009 1 1.3737e-008 0 
-5.58794e-009 1.3737e-008 1 0 
-1.49012e-007 1.90735e-006 7.7486e-007 1 

1 1.49012e-008 0 0 
0 1 0 0 
-2.98023e-008 0 1 0 
-2.38419e-007 -3.8147e-006 -1.78814e-007 1 

1 7.45058e-009 0 0 
-1.49012e-008 1 0 0 
1.49012e-008 -1.49012e-008 1 0 
-4.76837e-007 -3.8147e-006 2.38419e-007 1 

1 2.23517e-008 -1.49012e-008 0 
3.91156e-008 1 1.00699e-008 0 
1.86265e-009 -1.22236e-008 1 0 
-1.90735e-006 -3.8147e-006 7.15256e-007 1 

1 4.65661e-010 1.86265e-009 0 
4.65661e-010 1 1.49012e-008 0 
1.86265e-009 -1.49012e-008 1 0 
2.38419e-007 -3.8147e-006 4.76837e-007 1 

1 3.72529e-009 0 0 
0 1 2.98023e-008 0 
0 -1.49012e-008 1 0 
-4.76837e-007 -7.62939e-006 1.19209e-007 1 

1 -2.27683e-017 1.86265e-009 0 
-4.65661e-010 1 2.49711e-008 0 
3.72529e-009 -1.22236e-008 1 -0 
0 -7.62939e-006 4.76837e-007 1 

1 0 6.61744e-024 0 
0 1 1.00553e-032 0 
0 1.00553e-032 1 0 
-7.94093e-023 -1.90735e-006 -5.96046e-008 1 

1 -2.32831e-010 0 0 
-2.32831e-010 1 0 0 
0 0 1 0 
0 -9.53674e-007 0 1 

1 -2.32831e-010 0 0 
2.32831e-010 1 0 0 
2.98023e-008 0 1 0 
0 -9.53674e-007 5.96046e-008 1 

1 -6.98492e-010 0 0 
-4.65661e-010 1 0 0 
0 0 1 0 
1.19209e-007 -9.53674e-007 4.47035e-008 1 

1 -3.72529e-009 0 0 
0 1 -7.45058e-009 0 
2.98023e-008 -7.45058e-009 1 0 
0 -1.90735e-006 -5.96046e-008 1 

1 -4.33647e-009 -2.98023e-008 0 
-1.25146e-009 1 -6.8685e-009 0 
0 -6.51926e-009 1 0 
0 -4.76837e-007 -5.96046e-008 1 

1 -3.92902e-009 -2.98023e-008 0 
-3.49246e-009 1 -7.39237e-009 0 
-2.98023e-008 -4.71482e-009 1 0 
0 -4.61936e-007 -2.98023e-008 1 

0.0416667
1 0 0 0 
0 1 2.87215e-033 0 
0 2.87215e-033 1 0 
-5.29396e-023 -1.90735e-006 -8.9407e-008 1 

1 -6.61744e-024 -6.61744e-024 0 
-6.61744e-024 1 -3.72529e-009 0 
6.61744e-024 3.72529e-009 1 0 
0 -1.90735e-006 -1.19209e-007 1 

1 0 0 0 
1.86265e-009 1 1.37952e-008 0 
1.86265e-009 -1.59489e-008 1 0 
-5.31154e-008 -1.90735e-006 2.38419e-007 1 

1 1.86265e-009 1.86265e-009 0 
-1.86265e-009 1 1.3737e-008 0 
-5.58794e-009 1.3737e-008 1 0 
-1.49012e-007 1.90735e-006 7.7486e-007 1 

1 1.49012e-008 0 0 
0 1 0 0 
-2.98023e-008 0 1 0 
-2.38419e-007 -3.8147e-006 -1.78814e-007 1 

1 7.45058e-009 0 0 
-1.49012e-008 1 0 0 
1.49012e-008 -1.49012e-008 1 0 
-4.76837e-007 -3.8147e-006 2.38419e-007 1 

1 2.23517e-008 -1.49012e-008 0 
3.91156e-008 1 1.00699e-008 0 
1.86265e-009 -1.22236e-008 1 0 
-1.90735e-006 -3.8147e-006 7.15256e-007 1 

1 4.65661e-010 1.86265e-009 0 
4.65661e-010 1 1.49012e-008 0 
1.86265e-009 -1.49012e-008 1 0 
2.38419e-007 -3.8147e-006 4.76837e-007 1 

1 3.72529e-009 0 0 
0 1 2.98023e-008 0 
0 -1.49012e-008 1 0 
-4.76837e-007 -7.62939e-006 1.19209e-007 1 

1 -2.27683e-017 1.86265e-009 0 
-4.65661e-010 1 2.49711e-008 0 
3.72529e-009 -1.22236e-008 1 -0 
0 -7.62939e-006 4.76837e-007 1 

1 0 6.61744e-024 0 
0 1 1.00553e-032 0 
0 1.00553e-032 1 0 
-7.94093e-023 -1.90735e-006 -5.96046e-008 1 

1 -2.32831e-010 0 0 
-2.32831e-010 1 0 0 
0 0 1 0 
0 -9.53674e-007 0 1 

1 -2.32831e-010 0 0 
2.32831e-010 1 0 0 
2.98023e-008 0 1 0 
0 -9.53674e-007 5.96046e-008 1 

1 -6.98492e-010 0 0 
-4.65661e-010 1 0 0 
0 0 1 0 
1.19209e-007 -9.53674e-007 4.47035e-008 1 

1 -3.72529e-009 0 0 
0 1 -7.45058e-009 0 
2.98023e-008 -7.45058e-009 1 0 
0 -1.90735e-006 -5.96046e-008 1 

1 -4.33647e-009 -2.98023e-008 0 
-1.25146e-009 1 -6.8685e-009 0 
0 -6.51926e-009 1 0 
0 -4.76837e-007 -5.96046e-008 1 

1 -3.92902e-009 -2.98023e-008 0 
-3.49246e-009 1 -7.39237e-009 0 
-2.98023e-008 -4.71482e-009 1 0 
0 -4.61936e-007 -2.98023e-008 1 

0.0833333
0.999988 -0.00451923 0.00190687 0 
0.00451841 0.99999 0.000436977 0 
-0.00190882 -0.000428364 0.999998 0 
-0.0577841 0.000294685 -0.00565752 1 

0.999988 -0.00451923 0.00190687 0 
0.00451841 0.99999 0.000436977 0 
-0.00190882 -0.000428367 0.999998 0 
-0.0577841 0.000293732 -0.00565755 1 

0.999988 -0.00451923 0.00190687 0 
0.00451841 0.99999 0.000436973 0 
-0.00190883 -0.000428383 0.999998 0 
-0.0577842 0.000297546 -0.00565636 1 

0.999988 -0.00451923 0.00190687 0 
0.00451841 0.99999 0.000437003 0 
-0.00190882 -0.000428323 0.999998 0 
-0.0577843 0.000295639 -0.00565737 1 

0.999988 -0.00451921 0.00190684 0 
0.00451845 0.99999 0.000436991 0 
-0.00190887 -0.000428408 0.999998 0 
-0.0577855 0.000293732 -0.00565818 1 

0.999988 -0.00451923 0.00190689 0 
0.00451844 0.99999 0.000437006 0 
-0.00190879 -0.000428379 0.999998 0 
-0.0577865 0.000293732 -0.00565714 1 

0.999988 -0.00451921 0.00190685 0 
0.00451845 0.99999 0.000436987 0 
-0.00190882 -0.000428376 0.999998 0 
-0.057786 0.000293732 -0.00565672 1 

0.999988 -0.00451923 0.00190687 0 
0.00451841 0.99999 0.000436991 0 
-0.00190882 -0.000428379 0.999998 0 
-0.0577841 0.000295639 -0.0056572 1 

0.999988 -0.00451923 0.00190687 0 
0.0045184 0.99999 0.000436991 0 
-0.00190884 -0.000428393 0.999998 0 
-0.0577841 0.000291824 -0.00565708 1 

0.999988 -0.00451923 0.00190687 0 
0.00451841 0.99999 0.000437001 0 
-0.00190882 -0.000428376 0.999998 -0 
-0.0577841 0.000289917 -0.00565696 1 

0.999988 -0.00451923 0.00190687 0 
0.00451841 0.99999 0.000436977 0 
-0.00190882 -0.00042836 0.999998 0 
-0.0577841 0.000293732 -0.00565743 1 

0.999988 -0.00451923 0.00190684 0 
0.00451841 0.99999 0.000436977 0 
-0.00190881 -0.000428364 0.999998 0 
-0.057784 0.000295639 -0.00565735 1 

0.999988 -0.00451923 0.00190684 0 
0.00451841 0.99999 0.000436977 0 
-0.00190881 -0.000428364 0.999998 0 
-0.0577841 0.000295639 -0.00565737 1 

0.999988 -0.00451923 0.00190684 0 
0.00451841 0.99999 0.000436977 0 
-0.00190878 -0.000428364 0.999998 0 
-0.057784 0.000295639 -0.0056574 1 

0.999988 -0.00451924 0.00190684 0 
0.00451841 0.99999 0.000436977 0 
-0.00190881 -0.000428371 0.999998 0 
-0.0577841 0.000294685 -0.00565755 1 

0.999988 -0.00451924 0.00190687 0 
0.00451841 0.99999 0.000436971 0 
-0.00190881 -0.00042837 0.999998 0 
-0.0577841 0.000295639 -0.00565732 1 

0.999988 -0.00451924 0.00190681 0 
0.00451841 0.99999 0.00043697 0 
-0.00190884 -0.000428369 0.999998 0 
-0.0577843 0.000296146 -0.00565746 1 

0.125
0.999837 -0.0166221 0.00703529 0 
0.0166103 0.999861 0.00172025 0 
-0.0070629 -0.00160313 0.999974 0 
-0.212406 0.00241375 -0.0222653 1 

0.999837 -0.0166221 0.00703529 0 
0.0166103 0.999861 0.00172025 0 
-0.0070629 -0.00160313 0.999974 0 
-0.212406 0.0024147 -0.0222652 1 

0.999837 -0.0166221 0.00703529 0 
0.0166103 0.999861 0.00172024 0 
-0.0070629 -0.00160311 0.999974 0 
-0.212406 0.00241661 -0.0222644 1 

0.999837 -0.0166221 0.00703529 0 
0.0166103 0.999861 0.0017203 0 
-0.0070629 -0.00160317 0.999974 0 
-0.212406 0.0024147 -0.0222651 1 

0.999837 -0.016622 0.00703532 0 
0.0166104 0.999861 0.00172025 0 
-0.00706285 -0.0016031 0.999974 0 
-0.212405 0.0024128 -0.0222657 1 

0.999837 -0.0166221 0.00703527 0 
0.0166104 0.999861 0.00172025 0 
-0.00706287 -0.00160313 0.999974 0 
-0.212407 0.0024147 -0.0222646 1 

0.999837 -0.016622 0.00703527 0 
0.0166104 0.999861 0.00172026 0 
-0.0070629 -0.00160314 0.999974 0 
-0.212407 0.0024128 -0.0222645 1 

0.999837 -0.0166221 0.00703529 0 
0.0166103 0.999861 0.00172025 0 
-0.0070629 -0.00160313 0.999974 0 
-0.212405 0.00241089 -0.0222645 1 

0.999837 -0.0166221 0.0070353 0 
0.0166103 0.999861 0.00172026 0 
-0.0070629 -0.00160314 0.999974 0 
-0.212406 0.00241089 -0.0222652 1 

0.999837 -0.0166221 0.00703529 0 
0.0166103 0.999861 0.00172027 0 
-0.0070629 -0.00160314 0.999974 -0 
-0.212406 0.00240898 -0.0222647 1 

0.999837 -0.0166221 0.00703529 0 
0.0166103 0.999861 0.00172025 0 
-0.0070629 -0.00160312 0.999974 0 
-0.212406 0.00241375 -0.0222652 1 

0.999837 -0.0166221 0.00703526 0 
0.0166103 0.999861 0.00172025 0 
-0.00706291 -0.00160313 0.999974 0 
-0.212406 0.00241661 -0.0222652 1 

0.999837 -0.0166221 0.00703526 0 
0.0166103 0.999861 0.00172025 0 
-0.00706294 -0.00160313 0.999974 0 
-0.212406 0.00241518 -0.0222653 1 

0.999837 -0.0166221 0.00703526 0 
0.0166103 0.999861 0.00172025 0 
-0.00706294 -0.00160313 0.999974 0 
-0.212406 0.00241467 -0.0222652 1 

0.999837 -0.0166221 0.00703529 0 
0.0166103 0.999861 0.00172023 0 
-0.00706288 -0.00160313 0.999974 0 
-0.212406 0.0024147 -0.0222651 1 

0.999837 -0.0166221 0.00703529 0 
0.0166103 0.999861 0.00172024 0 
-0.00706288 -0.00160314 0.999974 0 
-0.212406 0.00241518 -0.0222653 1 

0.999837 -0.0166221 0.00703526 0 
0.0166103 0.999861 0.00172024 0 
-0.00706291 -0.00160313 0.999974 0 
-0.212406 0.00241521 -0.0222652 1 

0.166667
0.999313 -0.0341185 0.0145025 0 
0.0340658 0.999412 0.0038688 0 
-0.014626 -0.00337209 0.999887 0 
-0.435564 0.00889111 -0.0500539 1 

0.999313 -0.0341185 0.0145025 0 
0.0340658 0.999412 0.0038688 0 
-0.014626 -0.00337209 0.999887 0 
-0.435565 0.00888824 -0.0500538 1 

0.999313 -0.0341185 0.0145025 0 
0.0340658 0.999412 0.00386884 0 
-0.014626 -0.00337209 0.999887 0 
-0.435565 0.00889015 -0.0500537 1 

0.999313 -0.0341185 0.0145025 0 
0.0340658 0.999412 0.00386881 0 
-0.014626 -0.00337209 0.999887 0 
-0.435565 0.00889397 -0.0500529 1 

0.999313 -0.0341186 0.0145025 0 
0.0340657 0.999412 0.00386885 0 
-0.014626 -0.0033721 0.999887 0 
-0.435564 0.00889206 -0.050054 1 

0.999313 -0.0341185 0.0145025 0 
0.0340658 0.999412 0.00386882 0 
-0.0146259 -0.00337212 0.999888 0 
-0.435566 0.00889015 -0.0500537 1 

0.999313 -0.0341185 0.0145025 0 
0.0340658 0.999412 0.00386881 0 
-0.014626 -0.0033721 0.999888 0 
-0.435566 0.00889015 -0.0500532 1 

0.999313 -0.0341185 0.0145025 0 
0.0340658 0.999412 0.0038688 0 
-0.014626 -0.0033721 0.999887 0 
-0.435564 0.00889015 -0.0500536 1 

0.999313 -0.0341185 0.0145025 0 
0.0340658 0.999412 0.00386882 0 
-0.014626 -0.00337212 0.999887 0 
-0.435565 0.00888824 -0.0500536 1 

0.999313 -0.0341185 0.0145025 0 
0.0340658 0.999412 0.00386883 0 
-0.014626 -0.0033721 0.999887 -0 
-0.435565 0.00888634 -0.0500534 1 

0.999313 -0.0341185 0.0145025 0 
0.0340658 0.999412 0.0038688 0 
-0.014626 -0.00337209 0.999887 0 
-0.435564 0.00889015 -0.0500539 1 

0.999313 -0.0341185 0.0145025 0 
0.0340658 0.999412 0.0038688 0 
-0.014626 -0.00337209 0.999887 0 
-0.435564 0.00889301 -0.0500537 1 

0.999313 -0.0341185 0.0145025 0 
0.0340658 0.999412 0.0038688 0 
-0.0146259 -0.00337209 0.999887 0 
-0.435564 0.00889206 -0.0500537 1 

0.999313 -0.0341185 0.0145025 0 
0.0340658 0.999412 0.0038688 0 
-0.014626 -0.00337209 0.999887 0 
-0.435564 0.00889201 -0.0500539 1 

0.999313 -0.0341185 0.0145025 0 
0.0340658 0.999412 0.0038688 0 
-0.0146259 -0.0033721 0.999887 0 
-0.435565 0.00889206 -0.0500539 1 

0.999313 -0.0341185 0.0145025 0 
0.0340658 0.999412 0.0038688 0 
-0.0146259 -0.0033721 0.999887 0 
-0.435565 0.00889301 -0.0500538 1 

0.999313 -0.0341185 0.0145025 0 
0.0340658 0.999412 0.0038688 0 
-0.014626 -0.0033721 0.999888 0 
-0.435565 0.0088926 -0.050054 1 

0.208333
0.998222 -0.0548158 0.0234113 0 
0.0546691 0.998481 0.00686385 0 
-0.023752 -0.00557181 0.999702 0 
-0.698892 0.0217848 -0.0887662 1 

0.998222 -0.0548158 0.0234113 0 
0.0546691 0.998481 0.00686384 0 
-0.023752 -0.00557181 0.999703 0 
-0.698892 0.0217857 -0.0887662 1 

0.998222 -0.0548158 0.0234113 0 
0.0546691 0.998481 0.00686385 0 
-0.023752 -0.00557181 0.999702 0 
-0.698892 0.0217857 -0.088766 1 

0.998222 -0.0548158 0.0234113 0 
0.0546691 0.998481 0.00686388 0 
-0.023752 -0.00557181 0.999702 0 
-0.698892 0.0217857 -0.0887662 1 

0.998222 -0.0548158 0.0234113 0 
0.0546691 0.998481 0.00686383 0 
-0.0237521 -0.00557184 0.999703 0 
-0.698892 0.0217857 -0.0887662 1 

0.998222 -0.0548159 0.0234113 0 
0.0546691 0.998481 0.00686385 0 
-0.023752 -0.00557181 0.999703 0 
-0.698893 0.0217819 -0.0887654 1 

0.998222 -0.0548158 0.0234113 0 
0.0546691 0.998481 0.00686386 0 
-0.023752 -0.00557182 0.999703 0 
-0.698894 0.0217829 -0.0887656 1 

0.998222 -0.0548158 0.0234113 0 
0.0546691 0.998481 0.00686388 0 
-0.023752 -0.00557183 0.999702 0 
-0.698891 0.0217819 -0.0887657 1 

0.998222 -0.0548158 0.0234113 0 
0.0546691 0.998481 0.00686388 0 
-0.023752 -0.00557183 0.999702 0 
-0.698891 0.02178 -0.0887659 1 

0.998222 -0.0548158 0.0234113 0 
0.054669 0.998481 0.00686387 0 
-0.023752 -0.00557182 0.999702 -0 
-0.698892 0.02178 -0.0887656 1 

0.998222 -0.0548158 0.0234113 0 
0.0546691 0.998481 0.00686384 0 
-0.023752 -0.00557181 0.999702 0 
-0.698892 0.0217848 -0.0887661 1 

0.998222 -0.0548158 0.0234113 0 
0.054669 0.998481 0.00686385 0 
-0.023752 -0.00557181 0.999702 0 
-0.698891 0.0217867 -0.088766 1 

0.998222 -0.0548158 0.0234113 0 
0.054669 0.998481 0.00686385 0 
-0.0237521 -0.00557181 0.999702 0 
-0.698891 0.0217853 -0.088766 1 

0.998222 -0.0548158 0.0234113 0 
0.0546691 0.998481 0.00686385 0 
-0.023752 -0.00557181 0.999702 0 
-0.698891 0.0217857 -0.088766 1 

0.998222 -0.0548158 0.0234113 0 
0.0546691 0.998481 0.00686384 0 
-0.023752 -0.00557181 0.999703 0 
-0.698891 0.0217848 -0.0887662 1 

0.998222 -0.0548158 0.0234113 0 
0.0546691 0.998481 0.00686384 0 
-0.023752 -0.00557182 0.999702 0 
-0.698892 0.0217853 -0.0887661 1 

0.998222 -0.0548158 0.0234113 0 
0.0546691 0.998481 0.00686384 0 
-0.023752 -0.00557182 0.999703 0 
-0.698892 0.0217862 -0.0887662 1 

0.25
0.996526 -0.0765298 0.0328378 0 
0.0762215 0.997035 0.0105427 0 
-0.0335473 -0.00800319 0.999405 0 
-0.974255 0.0414276 -0.136291 1 

0.996527 -0.0765298 0.0328378 0 
0.0762215 0.997035 0.0105427 0 
-0.0335473 -0.0080032 0.999405 0 
-0.974255 0.0414276 -0.136291 1 

0.996527 -0.0765298 0.0328378 0 
0.0762215 0.997035 0.0105427 0 
-0.0335473 -0.0080032 0.999405 0 
-0.974255 0.0414276 -0.136291 1 

0.996527 -0.0765298 0.0328378 0 
0.0762215 0.997035 0.0105428 0 
-0.0335473 -0.00800317 0.999405 0 
-0.974255 0.0414276 -0.136291 1 

0.996527 -0.0765299 0.0328378 0 
0.0762215 0.997035 0.0105427 0 
-0.0335473 -0.00800318 0.999405 0 
-0.974256 0.0414276 -0.136291 1 

0.996527 -0.0765298 0.0328378 0 
0.0762215 0.997035 0.0105427 0 
-0.0335473 -0.00800321 0.999405 0 
-0.974257 0.0414276 -0.136291 1 

0.996527 -0.0765298 0.0328378 0 
0.0762215 0.997035 0.0105427 0 
-0.0335473 -0.0080032 0.999405 0 
-0.974257 0.0414257 -0.13629 1 

0.996527 -0.0765298 0.0328378 0 
0.0762215 0.997035 0.0105427 0 
-0.0335473 -0.00800322 0.999405 0 
-0.974255 0.0414257 -0.136291 1 

0.996527 -0.0765298 0.0328378 0 
0.0762215 0.997035 0.0105427 0 
-0.0335472 -0.00800321 0.999405 0 
-0.974255 0.0414257 -0.136291 1 

0.996527 -0.0765298 0.0328378 0 
0.0762215 0.997035 0.0105427 0 
-0.0335473 -0.0080032 0.999405 -0 
-0.974256 0.0414219 -0.136291 1 

0.996526 -0.0765298 0.0328378 0 
0.0762215 0.997035 0.0105427 0 
-0.0335473 -0.00800319 0.999405 0 
-0.974255 0.0414267 -0.136291 1 

0.996526 -0.0765298 0.0328377 0 
0.0762215 0.997035 0.0105427 0 
-0.0335472 -0.00800319 0.999405 0 
-0.974255 0.0414286 -0.136291 1 

0.996527 -0.0765298 0.0328378 0 
0.0762215 0.997035 0.0105427 0 
-0.0335472 -0.00800319 0.999405 0 
-0.974255 0.0414286 -0.136291 1 

0.996527 -0.0765298 0.0328378 0 
0.0762215 0.997035 0.0105427 0 
-0.0335472 -0.00800319 0.999405 0 
-0.974255 0.0414286 -0.136291 1 

0.996526 -0.0765298 0.0328377 0 
0.0762215 0.997035 0.0105427 0 
-0.0335472 -0.0080032 0.999405 0 
-0.974255 0.0414286 -0.136291 1 

0.996526 -0.0765298 0.0328378 0 
0.0762215 0.997035 0.0105427 0 
-0.0335472 -0.0080032 0.999405 0 
-0.974255 0.041429 -0.136291 1 

0.996526 -0.0765298 0.0328377 0 
0.0762215 0.997035 0.0105427 0 
-0.0335473 -0.00800319 0.999405 0 
-0.974255 0.0414291 -0.136291 1 

0.291667
0.994395 -0.0970977 0.0418341 0 
0.0965665 0.99522 0.0145432 0 
-0.0430463 -0.010422 0.999019 0 
-1.2341 0.0658464 -0.187947 1 

0.994395 -0.0970978 0.0418341 0 
0.0965665 0.99522 0.0145432 0 
-0.0430463 -0.010422 0.999019 0 
-1.2341 0.0658512 -0.187947 1 

0.994395 -0.0970978 0.0418341 0 
0.0965665 0.99522 0.0145433 0 
-0.0430463 -0.010422 0.999019 0 
-1.2341 0.0658474 -0.187946 1 

0.994395 -0.0970978 0.0418341 0 
0.0965665 0.99522 0.0145433 0 
-0.0430463 -0.010422 0.999019 0 
-1.2341 0.0658493 -0.187947 1 

0.994396 -0.0970978 0.0418342 0 
0.0965665 0.99522 0.0145433 0 
-0.0430463 -0.010422 0.999019 0 
-1.2341 0.0658474 -0.187946 1 

0.994395 -0.0970977 0.0418341 0 
0.0965665 0.99522 0.0145433 0 
-0.0430463 -0.010422 0.999019 0 
-1.2341 0.0658455 -0.187947 1 

0.994395 -0.0970977 0.0418341 0 
0.0965665 0.99522 0.0145432 0 
-0.0430463 -0.010422 0.999019 0 
-1.2341 0.0658445 -0.187946 1 

0.994395 -0.0970978 0.0418341 0 
0.0965665 0.99522 0.0145433 0 
-0.0430463 -0.010422 0.999019 0 
-1.2341 0.0658455 -0.187946 1 

0.994395 -0.0970978 0.0418342 0 
0.0965665 0.99522 0.0145433 0 
-0.0430463 -0.010422 0.999019 0 
-1.2341 0.0658417 -0.187947 1 

0.994396 -0.0970978 0.0418341 0 
0.0965665 0.99522 0.0145433 0 
-0.0430463 -0.010422 0.999019 -0 
-1.2341 0.0658417 -0.187946 1 

0.994395 -0.0970977 0.0418341 0 
0.0965665 0.99522 0.0145432 0 
-0.0430463 -0.010422 0.999019 0 
-1.2341 0.0658455 -0.187947 1 

0.994395 -0.0970977 0.0418341 0 
0.0965665 0.99522 0.0145432 0 
-0.0430463 -0.010422 0.999019 0 
-1.2341 0.0658474 -0.187947 1 

0.994395 -0.0970978 0.0418341 0 
0.0965665 0.99522 0.0145432 0 
-0.0430463 -0.010422 0.999019 0 
-1.2341 0.0658474 -0.187947 1 

0.994396 -0.0970978 0.0418341 0 
0.0965665 0.99522 0.0145432 0 
-0.0430463 -0.010422 0.999019 0 
-1.2341 0.0658474 -0.187947 1 

0.994395 -0.0970977 0.0418341 0 
0.0965665 0.99522 0.0145432 0 
-0.0430463 -0.010422 0.999019 0 
-1.2341 0.0658464 -0.187947 1 

0.994395 -0.0970977 0.0418341 0 
0.0965665 0.99522 0.0145432 0 
-0.0430463 -0.010422 0.999019 0 
-1.2341 0.0658474 -0.187947 1 

0.994395 -0.0970978 0.0418341 0 
0.0965665 0.995221 0.0145432 0 
-0.0430464 -0.010422 0.999019 0 
-1.2341 0.0658479 -0.187947 1 

0.333333
0.992205 -0.114387 0.0494414 0 
0.113608 0.993357 0.0183012 0 
-0.0512064 -0.0125417 0.998609 0 
-1.45167 0.0907764 -0.236454 1 

0.992205 -0.114387 0.0494414 0 
0.113608 0.993357 0.0183012 0 
-0.0512064 -0.0125417 0.998609 0 
-1.45167 0.0907764 -0.236454 1 

0.992205 -0.114387 0.0494414 0 
0.113608 0.993357 0.0183012 0 
-0.0512064 -0.0125417 0.998609 0 
-1.45167 0.0907784 -0.236453 1 

0.992205 -0.114387 0.0494414 0 
0.113608 0.993357 0.0183013 0 
-0.0512064 -0.0125417 0.998609 0 
-1.45167 0.0907764 -0.236452 1 

0.992205 -0.114387 0.0494414 0 
0.113608 0.993357 0.0183013 0 
-0.0512064 -0.0125417 0.998609 0 
-1.45167 0.0907745 -0.236454 1 

0.992205 -0.114387 0.0494414 0 
0.113608 0.993357 0.0183012 0 
-0.0512064 -0.0125417 0.99861 0 
-1.45167 0.0907745 -0.236453 1 

0.992205 -0.114387 0.0494414 0 
0.113608 0.993357 0.0183013 0 
-0.0512064 -0.0125417 0.99861 0 
-1.45167 0.0907745 -0.236453 1 

0.992205 -0.114387 0.0494414 0 
0.113608 0.993357 0.0183012 0 
-0.0512064 -0.0125417 0.998609 0 
-1.45167 0.0907745 -0.236453 1 

0.992205 -0.114387 0.0494414 0 
0.113608 0.993357 0.0183012 0 
-0.0512064 -0.0125417 0.998609 0 
-1.45167 0.0907726 -0.236453 1 

0.992206 -0.114387 0.0494414 0 
0.113608 0.993357 0.0183013 0 
-0.0512064 -0.0125417 0.998609 -0 
-1.45167 0.0907707 -0.236453 1 

0.992205 -0.114387 0.0494414 0 
0.113608 0.993357 0.0183013 0 
-0.0512064 -0.0125417 0.998609 0 
-1.45167 0.0907764 -0.236454 1 

0.992205 -0.114387 0.0494414 0 
0.113608 0.993357 0.0183012 0 
-0.0512064 -0.0125417 0.998609 0 
-1.45167 0.0907774 -0.236454 1 

0.992205 -0.114387 0.0494414 0 
0.113608 0.993357 0.0183012 0 
-0.0512064 -0.0125417 0.998609 0 
-1.45167 0.0907774 -0.236453 1 

0.992205 -0.114387 0.0494414 0 
0.113608 0.993357 0.0183012 0 
-0.0512064 -0.0125417 0.998609 0 
-1.45167 0.0907773 -0.236453 1 

0.992205 -0.114387 0.0494414 0 
0.113608 0.993357 0.0183012 0 
-0.0512064 -0.0125417 0.998609 0 
-1.45167 0.0907774 -0.236454 1 

0.992205 -0.114387 0.0494414 0 
0.113608 0.993357 0.0183012 0 
-0.0512064 -0.0125417 0.99861 0 
-1.45167 0.0907769 -0.236454 1 

0.992205 -0.114387 0.0494414 0 
0.113608 0.993357 0.0183012 0 
-0.0512064 -0.0125417 0.99861 0 
-1.45167 0.0907779 -0.236454 1 

0.375
0.990483 -0.126295 0.0547019 0 
0.125309 0.991893 0.0211026 0 
-0.0569236 -0.0140471 0.99828 0 
-1.60102 0.110302 -0.272603 1 

0.990483 -0.126295 0.0547019 0 
0.125309 0.991893 0.0211026 0 
-0.0569236 -0.0140471 0.99828 0 
-1.60102 0.110302 -0.272603 1 

0.990484 -0.126295 0.0547019 0 
0.125309 0.991893 0.0211026 0 
-0.0569236 -0.0140472 0.99828 0 
-1.60102 0.110304 -0.272603 1 

0.990484 -0.126295 0.0547019 0 
0.125309 0.991893 0.0211026 0 
-0.0569236 -0.0140471 0.99828 0 
-1.60102 0.110302 -0.272604 1 

0.990484 -0.126295 0.054702 0 
0.125309 0.991893 0.0211026 0 
-0.0569236 -0.0140471 0.99828 0 
-1.60102 0.110302 -0.272603 1 

0.990484 -0.126295 0.0547019 0 
0.125309 0.991893 0.0211026 0 
-0.0569236 -0.0140472 0.99828 0 
-1.60102 0.110302 -0.272602 1 

0.990484 -0.126295 0.0547019 0 
0.125309 0.991893 0.0211026 0 
-0.0569236 -0.0140471 0.99828 0 
-1.60102 0.1103 -0.272602 1 

0.990484 -0.126295 0.0547019 0 
0.125309 0.991893 0.0211026 0 
-0.0569236 -0.0140472 0.99828 0 
-1.60102 0.110296 -0.272602 1 

0.990484 -0.126295 0.0547019 0 
0.125309 0.991893 0.0211026 0 
-0.0569236 -0.0140471 0.99828 0 
-1.60102 0.110298 -0.272602 1 

0.990484 -0.126295 0.0547019 0 
0.125309 0.991893 0.0211026 0 
-0.0569236 -0.0140471 0.99828 -0 
-1.60102 0.110296 -0.272602 1 

0.990483 -0.126295 0.0547019 0 
0.125309 0.991893 0.0211026 0 
-0.0569236 -0.0140471 0.99828 0 
-1.60102 0.110301 -0.272603 1 

0.990483 -0.126295 0.0547019 0 
0.125309 0.991893 0.0211026 0 
-0.0569237 -0.0140471 0.99828 0 
-1.60102 0.110302 -0.272603 1 

0.990484 -0.126295 0.0547019 0 
0.125309 0.991893 0.0211026 0 
-0.0569237 -0.0140471 0.99828 0 
-1.60102 0.110303 -0.272603 1 

0.990484 -0.126295 0.0547019 0 
0.125309 0.991893 0.0211026 0 
-0.0569237 -0.0140471 0.99828 0 
-1.60102 0.110303 -0.272603 1 

0.990483 -0.126295 0.0547019 0 
0.125309 0.991893 0.0211026 0 
-0.0569236 -0.0140471 0.99828 0 
-1.60102 0.110302 -0.272603 1 

0.990483 -0.126295 0.0547019 0 
0.125309 0.991894 0.0211026 0 
-0.0569236 -0.0140471 0.99828 0 
-1.60102 0.110303 -0.272603 1 

0.990483 -0.126295 0.0547019 0 
0.125309 0.991894 0.0211026 0 
-0.0569236 -0.0140471 0.99828 0 
-1.60102 0.110303 -0.272603 1 

0.416667
0.989797 -0.13073 0.0566655 0 
0.12966 0.99131 0.022191 0 
-0.0590741 -0.0146174 0.998147 0 
-1.65654 0.118069 -0.286646 1 

0.989797 -0.13073 0.0566655 0 
0.12966 0.99131 0.022191 0 
-0.0590741 -0.0146174 0.998147 0 
-1.65654 0.118069 -0.286646 1 

0.989797 -0.13073 0.0566655 0 
0.12966 0.99131 0.022191 0 
-0.0590741 -0.0146174 0.998147 0 
-1.65654 0.118069 -0.286646 1 

0.989797 -0.13073 0.0566655 0 
0.12966 0.99131 0.022191 0 
-0.0590741 -0.0146174 0.998147 0 
-1.65654 0.118071 -0.286646 1 

0.989798 -0.13073 0.0566655 0 
0.12966 0.99131 0.022191 0 
-0.0590741 -0.0146174 0.998147 0 
-1.65654 0.118069 -0.286646 1 

0.989797 -0.13073 0.0566655 0 
0.12966 0.99131 0.022191 0 
-0.0590741 -0.0146174 0.998147 0 
-1.65654 0.118067 -0.286646 1 

0.989797 -0.13073 0.0566655 0 
0.12966 0.99131 0.022191 0 
-0.0590741 -0.0146174 0.998147 0 
-1.65654 0.118067 -0.286645 1 

0.989798 -0.13073 0.0566655 0 
0.12966 0.99131 0.022191 0 
-0.0590741 -0.0146174 0.998147 0 
-1.65654 0.118069 -0.286645 1 

0.989797 -0.13073 0.0566655 0 
0.12966 0.99131 0.022191 0 
-0.0590741 -0.0146174 0.998147 0 
-1.65654 0.118065 -0.286645 1 

0.989798 -0.13073 0.0566655 0 
0.12966 0.99131 0.022191 0 
-0.0590741 -0.0146174 0.998147 -0 
-1.65654 0.118063 -0.286645 1 

0.989797 -0.13073 0.0566655 0 
0.12966 0.99131 0.022191 0 
-0.0590741 -0.0146174 0.998147 0 
-1.65654 0.118069 -0.286646 1 

0.989797 -0.13073 0.0566655 0 
0.12966 0.99131 0.022191 0 
-0.0590741 -0.0146174 0.998147 0 
-1.65654 0.118069 -0.286646 1 

0.989797 -0.13073 0.0566655 0 
0.12966 0.99131 0.022191 0 
-0.0590741 -0.0146174 0.998147 0 
-1.65654 0.118069 -0.286646 1 

0.989798 -0.13073 0.0566655 0 
0.12966 0.99131 0.022191 0 
-0.0590741 -0.0146174 0.998147 0 
-1.65654 0.11807 -0.286646 1 

0.989797 -0.13073 0.0566655 0 
0.12966 0.99131 0.022191 0 
-0.0590741 -0.0146174 0.998147 0 
-1.65654 0.118068 -0.286646 1 

0.989797 -0.13073 0.0566655 0 
0.12966 0.99131 0.022191 0 
-0.0590741 -0.0146174 0.998147 0 
-1.65654 0.11807 -0.286646 1 

0.989797 -0.13073 0.0566655 0 
0.12966 0.99131 0.022191 0 
-0.0590741 -0.0146174 0.998147 0 
-1.65654 0.11807 -0.286646 1 

0.458333
0.989797 -0.13073 0.0566655 0 
0.12966 0.99131 0.022191 0 
-0.0590741 -0.0146174 0.998147 0 
-1.65654 0.118069 -0.286646 1 

0.989797 -0.13073 0.0566655 0 
0.12966 0.99131 0.022191 0 
-0.0590741 -0.0146174 0.998147 0 
-1.65654 0.118069 -0.286646 1 

0.989797 -0.13073 0.0566655 0 
0.12966 0.99131 0.022191 0 
-0.0590741 -0.0146174 0.998147 0 
-1.65654 0.118069 -0.286646 1 

0.989797 -0.13073 0.0566655 0 
0.12966 0.99131 0.022191 0 
-0.0590741 -0.0146174 0.998147 0 
-1.65654 0.118071 -0.286646 1 

0.989798 -0.13073 0.0566655 0 
0.12966 0.99131 0.022191 0 
-0.0590741 -0.0146174 0.998147 0 
-1.65654 0.118069 -0.286646 1 

0.989797 -0.13073 0.0566655 0 
0.12966 0.99131 0.022191 0 
-0.0590741 -0.0146174 0.998147 0 
-1.65654 0.118067 -0.286646 1 

0.989797 -0.13073 0.0566655 0 
0.12966 0.99131 0.022191 0 
-0.0590741 -0.0146174 0.998147 0 
-1.65654 0.118067 -0.286645 1 

0.989798 -0.13073 0.0566655 0 
0.12966 0.99131 0.022191 0 
-0.0590741 -0.0146174 0.998147 0 
-1.65654 0.118069 -0.286645 1 

0.989797 -0.13073 0.0566655 0 
0.12966 0.99131 0.022191 0 
-0.0590741 -0.0146174 0.998147 0 
-1.65654 0.118065 -0.286645 1 

0.989798 -0.13073 0.0566655 0 
0.12966 0.99131 0.022191 0 
-0.0590741 -0.0146174 0.998147 -0 
-1.65654 0.118063 -0.286645 1 

0.989797 -0.13073 0.0566655 0 
0.12966 0.99131 0.022191 0 
-0.0590741 -0.0146174 0.998147 0 
-1.65654 0.118069 -0.286646 1 

0.989797 -0.13073 0.0566655 0 
0.12966 0.99131 0.022191 0 
-0.0590741 -0.0146174 0.998147 0 
-1.65654 0.118069 -0.286646 1 

0.989797 -0.13073 0.0566655 0 
0.12966 0.99131 0.022191 0 
-0.0590741 -0.0146174 0.998147 0 
-1.65654 0.118069 -0.286646 1 

0.989798 -0.13073 0.0566655 0 
0.12966 0.99131 0.022191 0 
-0.0590741 -0.0146174 0.998147 0 
-1.65654 0.11807 -0.286646 1 

0.989797 -0.13073 0.0566655 0 
0.12966 0.99131 0.022191 0 
-0.0590741 -0.0146174 0.998147 0 
-1.65654 0.118068 -0.286646 1 

0.989797 -0.13073 0.0566655 0 
0.12966 0.99131 0.022191 0 
-0.0590741 -0.0146174 0.998147 0 
-1.65654 0.11807 -0.286646 1 

0.989797 -0.13073 0.0566655 0 
0.12966 0.99131 0.022191 0 
-0.0590741 -0.0146174 0.998147 0 
-1.65654 0.11807 -0.286646 1 

0.5
0.989797 -0.13073 0.0566655 0 
0.12966 0.99131 0.022191 0 
-0.0590741 -0.0146174 0.998147 0 
-1.65654 0.118069 -0.286646 1 

0.989797 -0.13073 0.0566655 0 
0.12966 0.99131 0.022191 0 
-0.0590741 -0.0146174 0.998147 0 
-1.65654 0.118069 -0.286646 1 

0.989797 -0.13073 0.0566655 0 
0.12966 0.99131 0.022191 0 
-0.0590741 -0.0146174 0.998147 0 
-1.65654 0.118069 -0.286646 1 

0.989797 -0.13073 0.0566655 0 
0.12966 0.99131 0.022191 0 
-0.0590741 -0.0146174 0.998147 0 
-1.65654 0.118071 -0.286646 1 

0.989798 -0.13073 0.0566655 0 
0.12966 0.99131 0.022191 0 
-0.0590741 -0.0146174 0.998147 0 
-1.65654 0.118069 -0.286646 1 

0.989797 -0.13073 0.0566655 0 
0.12966 0.99131 0.022191 0 
-0.0590741 -0.0146174 0.998147 0 
-1.65654 0.118067 -0.286646 1 

0.989797 -0.13073 0.0566655 0 
0.12966 0.99131 0.022191 0 
-0.0590741 -0.0146174 0.998147 0 
-1.65654 0.118067 -0.286645 1 

0.989798 -0.13073 0.0566655 0 
0.12966 0.99131 0.022191 0 
-0.0590741 -0.0146174 0.998147 0 
-1.65654 0.118069 -0.286645 1 

0.989797 -0.13073 0.0566655 0 
0.12966 0.99131 0.022191 0 
-0.0590741 -0.0146174 0.998147 0 
-1.65654 0.118065 -0.286645 1 

0.989798 -0.13073 0.0566655 0 
0.12966 0.99131 0.022191 0 
-0.0590741 -0.0146174 0.998147 -0 
-1.65654 0.118063 -0.286645 1 

0.989797 -0.13073 0.0566655 0 
0.12966 0.99131 0.022191 0 
-0.0590741 -0.0146174 0.998147 0 
-1.65654 0.118069 -0.286646 1 

0.989797 -0.13073 0.0566655 0 
0.12966 0.99131 0.022191 0 
-0.0590741 -0.0146174 0.998147 0 
-1.65654 0.118069 -0.286646 1 

0.989797 -0.13073 0.0566655 0 
0.12966 0.99131 0.022191 0 
-0.0590741 -0.0146174 0.998147 0 
-1.65654 0.118069 -0.286646 1 

0.989798 -0.13073 0.0566655 0 
0.12966 0.99131 0.022191 0 
-0.0590741 -0.0146174 0.998147 0 
-1.65654 0.11807 -0.286646 1 

0.989797 -0.13073 0.0566655 0 
0.12966 0.99131 0.022191 0 
-0.0590741 -0.0146174 0.998147 0 
-1.65654 0.118068 -0.286646 1 

0.989797 -0.13073 0.0566655 0 
0.12966 0.99131 0.022191 0 
-0.0590741 -0.0146174 0.998147 0 
-1.65654 0.11807 -0.286646 1 

0.989797 -0.13073 0.0566655 0 
0.12966 0.99131 0.022191 0 
-0.0590741 -0.0146174 0.998147 0 
-1.65654 0.11807 -0.286646 1 

0.541667
0.989797 -0.13073 0.0566655 0 
0.12966 0.99131 0.022191 0 
-0.0590741 -0.0146174 0.998147 0 
-1.65654 0.118069 -0.286646 1 

0.989797 -0.13073 0.0566655 0 
0.12966 0.99131 0.022191 0 
-0.0590741 -0.0146174 0.998147 0 
-1.65654 0.118069 -0.286646 1 

0.989797 -0.13073 0.0566655 0 
0.12966 0.99131 0.022191 0 
-0.0590741 -0.0146174 0.998147 0 
-1.65654 0.118069 -0.286646 1 

0.989797 -0.13073 0.0566655 0 
0.12966 0.99131 0.022191 0 
-0.0590741 -0.0146174 0.998147 0 
-1.65654 0.118071 -0.286646 1 

0.989798 -0.13073 0.0566655 0 
0.12966 0.99131 0.022191 0 
-0.0590741 -0.0146174 0.998147 0 
-1.65654 0.118069 -0.286646 1 

0.989797 -0.13073 0.0566655 0 
0.12966 0.99131 0.022191 0 
-0.0590741 -0.0146174 0.998147 0 
-1.65654 0.118067 -0.286646 1 

0.989797 -0.13073 0.0566655 0 
0.12966 0.99131 0.022191 0 
-0.0590741 -0.0146174 0.998147 0 
-1.65654 0.118067 -0.286645 1 

0.989798 -0.13073 0.0566655 0 
0.12966 0.99131 0.022191 0 
-0.0590741 -0.0146174 0.998147 0 
-1.65654 0.118069 -0.286645 1 

0.989797 -0.13073 0.0566655 0 
0.12966 0.99131 0.022191 0 
-0.0590741 -0.0146174 0.998147 0 
-1.65654 0.118065 -0.286645 1 

0.989798 -0.13073 0.0566655 0 
0.12966 0.99131 0.022191 0 
-0.0590741 -0.0146174 0.998147 -0 
-1.65654 0.118063 -0.286645 1 

0.989797 -0.13073 0.0566655 0 
0.12966 0.99131 0.022191 0 
-0.0590741 -0.0146174 0.998147 0 
-1.65654 0.118069 -0.286646 1 

0.989797 -0.13073 0.0566655 0 
0.12966 0.99131 0.022191 0 
-0.0590741 -0.0146174 0.998147 0 
-1.65654 0.118069 -0.286646 1 

0.989797 -0.13073 0.0566655 0 
0.12966 0.99131 0.022191 0 
-0.0590741 -0.0146174 0.998147 0 
-1.65654 0.118069 -0.286646 1 

0.989798 -0.13073 0.0566655 0 
0.12966 0.99131 0.022191 0 
-0.0590741 -0.0146174 0.998147 0 
-1.65654 0.11807 -0.286646 1 

0.989797 -0.13073 0.0566655 0 
0.12966 0.99131 0.022191 0 
-0.0590741 -0.0146174 0.998147 0 
-1.65654 0.118068 -0.286646 1 

0.989797 -0.13073 0.0566655 0 
0.12966 0.99131 0.022191 0 
-0.0590741 -0.0146174 0.998147 0 
-1.65654 0.11807 -0.286646 1 

0.989797 -0.13073 0.0566655 0 
0.12966 0.99131 0.022191 0 
-0.0590741 -0.0146174 0.998147 0 
-1.65654 0.11807 -0.286646 1 

0.583333
0.989797 -0.13073 0.0566655 0 
0.12966 0.99131 0.022191 0 
-0.0590741 -0.0146174 0.998147 0 
-1.65654 0.118069 -0.286646 1 

0.989797 -0.13073 0.0566655 0 
0.12966 0.99131 0.022191 0 
-0.0590741 -0.0146174 0.998147 0 
-1.65654 0.118069 -0.286646 1 

0.989797 -0.13073 0.0566655 0 
0.12966 0.99131 0.022191 0 
-0.0590741 -0.0146174 0.998147 0 
-1.65654 0.118069 -0.286646 1 

0.989797 -0.13073 0.0566655 0 
0.12966 0.99131 0.022191 0 
-0.0590741 -0.0146174 0.998147 0 
-1.65654 0.118071 -0.286646 1 

0.989798 -0.13073 0.0566655 0 
0.12966 0.99131 0.022191 0 
-0.0590741 -0.0146174 0.998147 0 
-1.65654 0.118069 -0.286646 1 

0.989797 -0.13073 0.0566655 0 
0.12966 0.99131 0.022191 0 
-0.0590741 -0.0146174 0.998147 0 
-1.65654 0.118067 -0.286646 1 

0.989797 -0.13073 0.0566655 0 
0.12966 0.99131 0.022191 0 
-0.0590741 -0.0146174 0.998147 0 
-1.65654 0.118067 -0.286645 1 

0.989798 -0.13073 0.0566655 0 
0.12966 0.99131 0.022191 0 
-0.0590741 -0.0146174 0.998147 0 
-1.65654 0.118069 -0.286645 1 

0.989797 -0.13073 0.0566655 0 
0.12966 0.99131 0.022191 0 
-0.0590741 -0.0146174 0.998147 0 
-1.65654 0.118065 -0.286645 1 

0.989798 -0.13073 0.0566655 0 
0.12966 0.99131 0.022191 0 
-0.0590741 -0.0146174 0.998147 -0 
-1.65654 0.118063 -0.286645 1 

0.989797 -0.13073 0.0566655 0 
0.12966 0.99131 0.022191 0 
-0.0590741 -0.0146174 0.998147 0 
-1.65654 0.118069 -0.286646 1 

0.989797 -0.13073 0.0566655 0 
0.12966 0.99131 0.022191 0 
-0.0590741 -0.0146174 0.998147 0 
-1.65654 0.118069 -0.286646 1 

0.989797 -0.13073 0.0566655 0 
0.12966 0.99131 0.022191 0 
-0.0590741 -0.0146174 0.998147 0 
-1.65654 0.118069 -0.286646 1 

0.989798 -0.13073 0.0566655 0 
0.12966 0.99131 0.022191 0 
-0.0590741 -0.0146174 0.998147 0 
-1.65654 0.11807 -0.286646 1 

0.989797 -0.13073 0.0566655 0 
0.12966 0.99131 0.022191 0 
-0.0590741 -0.0146174 0.998147 0 
-1.65654 0.118068 -0.286646 1 

0.989797 -0.13073 0.0566655 0 
0.12966 0.99131 0.022191 0 
-0.0590741 -0.0146174 0.998147 0 
-1.65654 0.11807 -0.286646 1 

0.989797 -0.13073 0.0566655 0 
0.12966 0.99131 0.022191 0 
-0.0590741 -0.0146174 0.998147 0 
-1.65654 0.11807 -0.286646 1 

0.625
0.989797 -0.13073 0.0566655 0 
0.12966 0.99131 0.022191 0 
-0.0590741 -0.0146174 0.998147 0 
-1.65654 0.118069 -0.286646 1 

0.989797 -0.13073 0.0566655 0 
0.12966 0.99131 0.022191 0 
-0.0590741 -0.0146174 0.998147 0 
-1.65654 0.118069 -0.286646 1 

0.989797 -0.13073 0.0566655 0 
0.12966 0.99131 0.022191 0 
-0.0590741 -0.0146174 0.998147 0 
-1.65654 0.118069 -0.286646 1 

0.989797 -0.13073 0.0566655 0 
0.12966 0.99131 0.022191 0 
-0.0590741 -0.0146174 0.998147 0 
-1.65654 0.118071 -0.286646 1 

0.989798 -0.13073 0.0566655 0 
0.12966 0.99131 0.022191 0 
-0.0590741 -0.0146174 0.998147 0 
-1.65654 0.118069 -0.286646 1 

0.989797 -0.13073 0.0566655 0 
0.12966 0.99131 0.022191 0 
-0.0590741 -0.0146174 0.998147 0 
-1.65654 0.118067 -0.286646 1 

0.989797 -0.13073 0.0566655 0 
0.12966 0.99131 0.022191 0 
-0.0590741 -0.0146174 0.998147 0 
-1.65654 0.118067 -0.286645 1 

0.989798 -0.13073 0.0566655 0 
0.12966 0.99131 0.022191 0 
-0.0590741 -0.0146174 0.998147 0 
-1.65654 0.118069 -0.286645 1 

0.989797 -0.13073 0.0566655 0 
0.12966 0.99131 0.022191 0 
-0.0590741 -0.0146174 0.998147 0 
-1.65654 0.118065 -0.286645 1 

0.989798 -0.13073 0.0566655 0 
0.12966 0.99131 0.022191 0 
-0.0590741 -0.0146174 0.998147 -0 
-1.65654 0.118063 -0.286645 1 

0.989797 -0.13073 0.0566655 0 
0.12966 0.99131 0.022191 0 
-0.0590741 -0.0146174 0.998147 0 
-1.65654 0.118069 -0.286646 1 

0.989797 -0.13073 0.0566655 0 
0.12966 0.99131 0.022191 0 
-0.0590741 -0.0146174 0.998147 0 
-1.65654 0.118069 -0.286646 1 

0.989797 -0.13073 0.0566655 0 
0.12966 0.99131 0.022191 0 
-0.0590741 -0.0146174 0.998147 0 
-1.65654 0.118069 -0.286646 1 

0.989798 -0.13073 0.0566655 0 
0.12966 0.99131 0.022191 0 
-0.0590741 -0.0146174 0.998147 0 
-1.65654 0.11807 -0.286646 1 

0.989797 -0.13073 0.0566655 0 
0.12966 0.99131 0.022191 0 
-0.0590741 -0.0146174 0.998147 0 
-1.65654 0.118068 -0.286646 1 

0.989797 -0.13073 0.0566655 0 
0.12966 0.99131 0.022191 0 
-0.0590741 -0.0146174 0.998147 0 
-1.65654 0.11807 -0.286646 1 

0.989797 -0.13073 0.0566655 0 
0.12966 0.99131 0.022191 0 
-0.0590741 -0.0146174 0.998147 0 
-1.65654 0.11807 -0.286646 1 

0.666667
0.989797 -0.13073 0.0566655 0 
0.12966 0.99131 0.022191 0 
-0.0590741 -0.0146174 0.998147 0 
-1.65654 0.118069 -0.286646 1 

0.989797 -0.13073 0.0566655 0 
0.12966 0.99131 0.022191 0 
-0.0590741 -0.0146174 0.998147 0 
-1.65654 0.118069 -0.286646 1 

0.989797 -0.13073 0.0566655 0 
0.12966 0.99131 0.022191 0 
-0.0590741 -0.0146174 0.998147 0 
-1.65654 0.118069 -0.286646 1 

0.989797 -0.13073 0.0566655 0 
0.12966 0.99131 0.022191 0 
-0.0590741 -0.0146174 0.998147 0 
-1.65654 0.118071 -0.286646 1 

0.989798 -0.13073 0.0566655 0 
0.12966 0.99131 0.022191 0 
-0.0590741 -0.0146174 0.998147 0 
-1.65654 0.118069 -0.286646 1 

0.989797 -0.13073 0.0566655 0 
0.12966 0.99131 0.022191 0 
-0.0590741 -0.0146174 0.998147 0 
-1.65654 0.118067 -0.286646 1 

0.989797 -0.13073 0.0566655 0 
0.12966 0.99131 0.022191 0 
-0.0590741 -0.0146174 0.998147 0 
-1.65654 0.118067 -0.286645 1 

0.989798 -0.13073 0.0566655 0 
0.12966 0.99131 0.022191 0 
-0.0590741 -0.0146174 0.998147 0 
-1.65654 0.118069 -0.286645 1 

0.989797 -0.13073 0.0566655 0 
0.12966 0.99131 0.022191 0 
-0.0590741 -0.0146174 0.998147 0 
-1.65654 0.118065 -0.286645 1 

0.989798 -0.13073 0.0566655 0 
0.12966 0.99131 0.022191 0 
-0.0590741 -0.0146174 0.998147 -0 
-1.65654 0.118063 -0.286645 1 

0.989797 -0.13073 0.0566655 0 
0.12966 0.99131 0.022191 0 
-0.0590741 -0.0146174 0.998147 0 
-1.65654 0.118069 -0.286646 1 

0.989797 -0.13073 0.0566655 0 
0.12966 0.99131 0.022191 0 
-0.0590741 -0.0146174 0.998147 0 
-1.65654 0.118069 -0.286646 1 

0.989797 -0.13073 0.0566655 0 
0.12966 0.99131 0.022191 0 
-0.0590741 -0.0146174 0.998147 0 
-1.65654 0.118069 -0.286646 1 

0.989798 -0.13073 0.0566655 0 
0.12966 0.99131 0.022191 0 
-0.0590741 -0.0146174 0.998147 0 
-1.65654 0.11807 -0.286646 1 

0.989797 -0.13073 0.0566655 0 
0.12966 0.99131 0.022191 0 
-0.0590741 -0.0146174 0.998147 0 
-1.65654 0.118068 -0.286646 1 

0.989797 -0.13073 0.0566655 0 
0.12966 0.99131 0.022191 0 
-0.0590741 -0.0146174 0.998147 0 
-1.65654 0.11807 -0.286646 1 

0.989797 -0.13073 0.0566655 0 
0.12966 0.99131 0.022191 0 
-0.0590741 -0.0146174 0.998147 0 
-1.65654 0.11807 -0.286646 1 

0.708333
0.989797 -0.13073 0.0566655 0 
0.12966 0.99131 0.022191 0 
-0.0590741 -0.0146174 0.998147 0 
-1.65654 0.118069 -0.286646 1 

0.989797 -0.13073 0.0566655 0 
0.12966 0.99131 0.022191 0 
-0.0590741 -0.0146174 0.998147 0 
-1.65654 0.118069 -0.286646 1 

0.989797 -0.13073 0.0566655 0 
0.12966 0.99131 0.022191 0 
-0.0590741 -0.0146174 0.998147 0 
-1.65654 0.118069 -0.286646 1 

0.989797 -0.13073 0.0566655 0 
0.12966 0.99131 0.022191 0 
-0.0590741 -0.0146174 0.998147 0 
-1.65654 0.118071 -0.286646 1 

0.989798 -0.13073 0.0566655 0 
0.12966 0.99131 0.022191 0 
-0.0590741 -0.0146174 0.998147 0 
-1.65654 0.118069 -0.286646 1 

0.989797 -0.13073 0.0566655 0 
0.12966 0.99131 0.022191 0 
-0.0590741 -0.0146174 0.998147 0 
-1.65654 0.118067 -0.286646 1 

0.989797 -0.13073 0.0566655 0 
0.12966 0.99131 0.022191 0 
-0.0590741 -0.0146174 0.998147 0 
-1.65654 0.118067 -0.286645 1 

0.989798 -0.13073 0.0566655 0 
0.12966 0.99131 0.022191 0 
-0.0590741 -0.0146174 0.998147 0 
-1.65654 0.118069 -0.286645 1 

0.989797 -0.13073 0.0566655 0 
0.12966 0.99131 0.022191 0 
-0.0590741 -0.0146174 0.998147 0 
-1.65654 0.118065 -0.286645 1 

0.989798 -0.13073 0.0566655 0 
0.12966 0.99131 0.022191 0 
-0.0590741 -0.0146174 0.998147 -0 
-1.65654 0.118063 -0.286645 1 

0.989797 -0.13073 0.0566655 0 
0.12966 0.99131 0.022191 0 
-0.0590741 -0.0146174 0.998147 0 
-1.65654 0.118069 -0.286646 1 

0.989797 -0.13073 0.0566655 0 
0.12966 0.99131 0.022191 0 
-0.0590741 -0.0146174 0.998147 0 
-1.65654 0.118069 -0.286646 1 

0.989797 -0.13073 0.0566655 0 
0.12966 0.99131 0.022191 0 
-0.0590741 -0.0146174 0.998147 0 
-1.65654 0.118069 -0.286646 1 

0.989798 -0.13073 0.0566655 0 
0.12966 0.99131 0.022191 0 
-0.0590741 -0.0146174 0.998147 0 
-1.65654 0.11807 -0.286646 1 

0.989797 -0.13073 0.0566655 0 
0.12966 0.99131 0.022191 0 
-0.0590741 -0.0146174 0.998147 0 
-1.65654 0.118068 -0.286646 1 

0.989797 -0.13073 0.0566655 0 
0.12966 0.99131 0.022191 0 
-0.0590741 -0.0146174 0.998147 0 
-1.65654 0.11807 -0.286646 1 

0.989797 -0.13073 0.0566655 0 
0.12966 0.99131 0.022191 0 
-0.0590741 -0.0146174 0.998147 0 
-1.65654 0.11807 -0.286646 1 

0.833333
1 0 0 0 
0 1 2.87215e-033 0 
0 2.87215e-033 1 0 
-5.29396e-023 -1.90735e-006 -8.9407e-008 1 

1 -6.61744e-024 -6.61744e-024 0 
-6.61744e-024 1 -3.72529e-009 0 
6.61744e-024 3.72529e-009 1 0 
0 -1.90735e-006 -1.19209e-007 1 

1 0 0 0 
1.86265e-009 1 1.37952e-008 0 
1.86265e-009 -1.59489e-008 1 0 
-5.31154e-008 -1.90735e-006 2.38419e-007 1 

1 1.86265e-009 1.86265e-009 0 
-1.86265e-009 1 1.3737e-008 0 
-5.58794e-009 1.3737e-008 1 0 
-1.49012e-007 1.90735e-006 7.7486e-007 1 

1 1.49012e-008 0 0 
0 1 0 0 
-2.98023e-008 0 1 0 
-2.38419e-007 -3.8147e-006 -1.78814e-007 1 

1 7.45058e-009 0 0 
-1.49012e-008 1 0 0 
1.49012e-008 -1.49012e-008 1 0 
-4.76837e-007 -3.8147e-006 2.38419e-007 1 

1 2.23517e-008 -1.49012e-008 0 
3.91156e-008 1 1.00699e-008 0 
