1
BAKED_SKELETAL

17

CLIPNAME#idle
2

0.0416667
1 0 0 0 
0 1 0 0 
0 0 1 0 
0 0 0 1 

1 0 0 0 
0 1 0 0 
0 0 1 0 
0 0 0 1 

1 0 0 0 
0 1 0 0 
0 0 1 0 
0 0 0 1 

1 0 0 0 
0 1 0 0 
0 0 1 0 
1.97215e-031 0 0 1 

1 0 0 0 
0 1 0 0 
0 0 1 0 
1.97215e-031 0 0 1 

1 0 0 0 
0 1 0 0 
0 0 1 0 
0 0 0 1 

1 0 0 0 
0 1 0 0 
0 0 1 0 
0 0 0 1 

1 1.2326e-032 0 0 
1.2326e-032 1 0 0 
0 0 1 0 
0 -3.9443e-031 0 1 

1 0 0 -0 
0 1 0 0 
0 0 1 0 
0 0 0 1 

1 0 0 -0 
0 1 0 0 
0 0 1 0 
0 0 0 1 

1 1.49976e-032 0 0 
1.49976e-032 1 0 0 
0 0 1 0 
0 8.99856e-032 1.97215e-031 1 

1 0 0 0 
0 1 0 0 
0 0 1 0 
0 0 0 1 

1 0 0 0 
0 1 0 0 
0 0 1 0 
0 -2.46519e-032 0 1 

1 -4.67373e-032 0 0 
-4.67373e-032 1 0 0 
0 0 1 0 
0 5.29396e-023 0 1 

1 3.46745e-025 0 0 
-1.28879e-023 1 5.16988e-026 0 
0 0 1 0 
0 4.96308e-024 -5.82077e-011 1 

1 5.9393e-025 0 0 
-1.2641e-023 1 5.16988e-026 0 
0 0 1 0 
0 4.54949e-024 0 1 

1 0 -2.29589e-041 0 
0 1 0 0 
-2.29589e-041 0 1 0 
0 6.61744e-023 0 1 

0.0833333
1 0 0 0 
0 1 0 0 
0 0 1 0 
0 0 0 1 

1 0 0 0 
0 1 0 0 
0 0 1 0 
0 0 0 1 

1 0 0 0 
0 1 0 0 
0 0 1 0 
0 0 0 1 

1 0 0 0 
0 1 0 0 
0 0 1 0 
1.97215e-031 0 0 1 

1 0 0 0 
0 1 0 0 
0 0 1 0 
1.97215e-031 0 0 1 

1 0 0 0 
0 1 0 0 
0 0 1 0 
0 0 0 1 

1 0 0 0 
0 1 0 0 
0 0 1 0 
0 0 0 1 

1 1.2326e-032 0 0 
1.2326e-032 1 0 0 
0 0 1 0 
0 -3.9443e-031 0 1 

1 0 0 -0 
0 1 0 0 
0 0 1 0 
0 0 0 1 

1 0 0 -0 
0 1 0 0 
0 0 1 0 
0 0 0 1 

1 1.49976e-032 0 0 
1.49976e-032 1 0 0 
0 0 1 0 
0 8.99856e-032 1.97215e-031 1 

1 0 0 0 
0 1 0 0 
0 0 1 0 
0 0 0 1 

1 0 0 0 
0 1 0 0 
0 0 1 0 
0 -2.46519e-032 0 1 

1 -4.67373e-032 0 0 
-4.67373e-032 1 0 0 
0 0 1 0 
0 5.29396e-023 0 1 

1 3.46745e-025 0 0 
-1.28879e-023 1 5.16988e-026 0 
0 0 1 0 
0 4.96308e-024 -5.82077e-011 1 

1 5.9393e-025 0 0 
-1.2641e-023 1 5.16988e-026 0 
0 0 1 0 
0 4.54949e-024 0 1 

1 0 -2.29589e-041 0 
0 1 0 0 
-2.29589e-041 0 1 0 
0 6.61744e-023 0 1 

CLIPNAME#twitching
3

0.208333
1 0 0 0 
0 1 0 0 
0 0 1 0 
0 0 0 1 

1 0 0 0 
0 1 0 0 
0 0 1 0 
0 0 0 1 

1 0 0 0 
0 1 0 0 
0 0 1 0 
0 0 0 1 

1 0 0 0 
0 1 0 0 
0 0 1 0 
1.97215e-031 0 0 1 

1 0 0 0 
0 1 0 0 
0 0 1 0 
1.97215e-031 0 0 1 

1 2.77197e-017 6.63366e-018 0 
-2.77197e-017 0.891664 0.452698 0 
6.63366e-018 -0.452698 0.891664 0 
1.32673e-017 -0.905395 -0.216672 1 

1 -4.52567e-017 1.99864e-017 0 
4.52567e-017 0.673598 -0.739098 0 
1.99864e-017 0.739098 0.673598 0 
6.66781e-017 3.86179 -1.08894 1 

1 -4.52567e-017 1.99864e-017 0 
4.52567e-017 0.673598 -0.739098 0 
1.99864e-017 0.739098 0.673598 0 
6.66781e-017 3.86179 -1.08894 1 

0.919069 -0.394096 -4.82628e-017 -0 
0.394096 0.919069 -9.91113e-018 0 
4.82628e-017 -9.91113e-018 1 0 
-0.161861 -0.788191 -9.65256e-017 1 

0.689408 0.724373 8.87101e-017 -0 
-0.724373 0.689408 -3.80365e-017 0 
-8.87101e-017 -3.80365e-017 1 0 
-1.08051 3.68568 4.51366e-016 1 

0.689408 0.724373 8.87101e-017 0 
-0.724373 0.689408 -3.80365e-017 0 
-8.87101e-017 -3.80365e-017 1 0 
-1.08051 3.68568 4.51366e-016 1 

1 4.05042e-017 4.41363e-017 0 
-1.572e-017 0.888382 -0.459105 0 
-5.78056e-017 0.459105 0.888382 0 
1.15611e-016 -0.918211 0.223236 1 

0.998105 0.0599735 0.0137539 0 
-0.0469648 0.59814 0.800015 0 
0.0397529 -0.799145 0.599823 0 
-0.159012 4.11479 1.37747 1 

0.998105 0.0599735 0.0137539 0 
-0.0469648 0.59814 0.800015 0 
0.0397529 -0.799145 0.599823 0 
-0.159012 4.11479 1.37747 1 

0.885259 0.465099 0.000477085 0 
-0.465099 0.885257 0.00193384 0 
0.000477085 -0.00193384 0.999998 0 
0.229483 -0.930198 -0.000954171 1 

0.761395 -0.551756 -0.340357 0 
0.587194 0.809445 0.00138186 0 
0.274738 -0.200908 0.940295 0 
0.727265 3.13551 1.36187 1 

0.761395 -0.551756 -0.340357 0 
0.587194 0.809445 0.00138186 0 
0.274738 -0.200908 0.940295 0 
0.727265 3.13551 1.36187 1 

0.25
1 0 0 0 
0 1 0 0 
0 0 1 0 
0 0 0 1 

1 0 0 0 
0 1 0 0 
0 0 1 0 
0 0 0 1 

1 0 0 0 
0 1 0 0 
0 0 1 0 
0 0 0 1 

1 0 0 0 
0 1 0 0 
0 0 1 0 
1.97215e-031 0 0 1 

1 0 0 0 
0 1 0 0 
0 0 1 0 
1.97215e-031 0 0 1 

1 -3.48048e-017 1.08535e-017 0 
3.48048e-017 0.822749 -0.568405 0 
1.08535e-017 0.568405 0.822749 0 
2.1707e-017 1.13681 -0.354503 1 

1 2.12765e-017 3.81535e-018 0 
-2.12765e-017 0.937691 0.347471 0 
3.81535e-018 -0.347471 0.937691 0 
-6.4456e-018 -2.5267 0.105265 1 

1 2.12765e-017 3.81535e-018 0 
-2.12765e-017 0.937691 0.347471 0 
3.81535e-018 -0.347471 0.937691 0 
-6.4456e-018 -2.5267 0.105265 1 

0.940962 0.338513 4.14559e-017 -0 
-0.338513 0.940962 -7.23011e-018 0 
-4.14559e-017 -7.23011e-018 1 0 
-0.118077 0.677027 8.29119e-017 1 

0.791379 -0.611326 -7.48658e-017 -0 
0.611326 0.791379 -2.55487e-017 0 
7.48658e-017 -2.55487e-017 1 0 
-0.716407 -3.12233 -3.82375e-016 1 

0.791379 -0.611326 -7.48658e-017 0 
0.611326 0.791379 -2.55487e-017 0 
7.48658e-017 -2.55487e-017 1 0 
-0.716407 -3.12233 -3.82375e-016 1 

1 -1.57192e-017 -5.77761e-017 0 
4.04797e-017 0.888488 0.458899 0 
4.41199e-017 -0.458899 0.888488 0 
-8.82398e-017 0.917798 0.223023 1 

0.99908 -0.04288 -0.000426348 0 
0.038294 0.896616 -0.44115 0 
0.0192988 0.440728 0.897433 0 
-0.0771951 -2.68071 0.187244 1 

0.99908 -0.04288 -0.00042635 0 
0.038294 0.896616 -0.44115 0 
0.0192988 0.440728 0.897433 0 
-0.0771951 -2.68071 0.187244 1 

0.909552 -0.415591 0.000376078 0 
0.415591 0.90955 -0.001728 0 
0.000376078 0.001728 0.999998 0 
0.180897 0.831182 -0.000752156 1 

0.902758 0.334718 0.270171 0 
-0.285069 0.935897 -0.206959 0 
-0.322125 0.109816 0.940306 0 
0.205334 -2.16912 -1.08043 1 

0.902758 0.334718 0.270171 0 
-0.285069 0.935897 -0.206959 0 
-0.322125 0.109816 0.940306 0 
0.205334 -2.16912 -1.08043 1 

0.291667
1 0 0 0 
0 1 0 0 
0 0 1 0 
0 0 0 1 

1 0 0 0 
0 1 0 0 
0 0 1 0 
0 0 0 1 

1 0 0 0 
0 1 0 0 
0 0 1 0 
0 0 0 1 

1 0 0 0 
0 1 0 0 
0 0 1 0 
1.97215e-031 0 0 1 

1 0 0 0 
0 1 0 0 
0 0 1 0 
1.97215e-031 0 0 1 

1 2.77197e-017 6.63366e-018 0 
-2.77197e-017 0.891664 0.452698 0 
6.63366e-018 -0.452698 0.891664 0 
1.32673e-017 -0.905395 -0.216672 1 

1 -4.52567e-017 1.99864e-017 0 
4.52567e-017 0.673598 -0.739098 0 
1.99864e-017 0.739098 0.673598 0 
6.66781e-017 3.86179 -1.08894 1 

1 -4.52567e-017 1.99864e-017 0 
4.52567e-017 0.673598 -0.739098 0 
1.99864e-017 0.739098 0.673598 0 
6.66781e-017 3.86179 -1.08894 1 

0.919069 -0.394096 -4.82628e-017 -0 
0.394096 0.919069 -9.91113e-018 0 
4.82628e-017 -9.91113e-018 1 0 
-0.161861 -0.788191 -9.65256e-017 1 

0.689408 0.724373 8.87101e-017 -0 
-0.724373 0.689408 -3.80365e-017 0 
-8.87101e-017 -3.80365e-017 1 0 
-1.08051 3.68568 4.51366e-016 1 

0.689408 0.724373 8.87101e-017 0 
-0.724373 0.689408 -3.80365e-017 0 
-8.87101e-017 -3.80365e-017 1 0 
-1.08051 3.68568 4.51366e-016 1 

1 4.05042e-017 4.41363e-017 0 
-1.572e-017 0.888382 -0.459105 0 
-5.78056e-017 0.459105 0.888382 0 
1.15611e-016 -0.918211 0.223236 1 

0.998105 0.0599735 0.0137539 0 
-0.0469648 0.59814 0.800015 0 
0.0397529 -0.799145 0.599823 0 
-0.159012 4.11479 1.37747 1 

0.998105 0.0599735 0.0137539 0 
-0.0469648 0.59814 0.800015 0 
0.0397529 -0.799145 0.599823 0 
-0.159012 4.11479 1.37747 1 

0.885259 0.465099 0.000477085 0 
-0.465099 0.885257 0.00193384 0 
0.000477085 -0.00193384 0.999998 0 
0.229483 -0.930198 -0.000954171 1 

0.761395 -0.551756 -0.340357 0 
0.587194 0.809445 0.00138186 0 
0.274738 -0.200908 0.940295 0 
0.727265 3.13551 1.36187 1 

0.761395 -0.551756 -0.340357 0 
0.587194 0.809445 0.00138186 0 
0.274738 -0.200908 0.940295 0 
0.727265 3.13551 1.36187 1 

CLIPNAME#turning
3

0.416667
1 0 0 0 
0 1 0 0 
0 0 1 0 
0 0 0 1 

1 0 0 0 
0 1 0 0 
0 0 1 0 
0 0 0 1 

1 0 0 0 
0 1 0 0 
0 0 1 0 
0 0 0 1 

1 0 0 0 
0 1 0 0 
0 0 1 0 
1.97215e-031 0 0 1 

1 0 0 0 
0 1 0 0 
0 0 1 0 
1.97215e-031 0 0 1 

0.755097 -1.20746e-032 -0.655613 0 
-1.20746e-032 1 -3.23242e-032 0 
0.655613 3.23242e-032 0.755097 0 
1.31123 6.46484e-032 -0.489805 1 

0.0513069 -4.67742e-032 -0.998683 0 
-4.67742e-032 1 -4.92389e-032 0 
0.998683 4.92389e-032 0.0513069 0 
2.68351 1.32307e-031 -3.30497 1 

0.0513069 1.2326e-032 -0.998683 0 
0 1 0 0 
0.998683 0 0.0513069 0 
2.68351 -5.57557e-031 -3.30497 1 

0.650704 5.02149e-017 -0.759332 -0 
-1.35768e-016 1 -5.02149e-017 0 
0.759332 1.35768e-016 0.650704 0 
-0.698593 1.0043e-016 -1.51866 1 

0.0552985 6.58473e-018 -0.99847 -0 
-2.3797e-016 1 -6.58473e-018 0 
0.99847 2.3797e-016 0.0552985 0 
-3.08021 -7.40908e-017 -2.47522 1 

0.0552985 6.58473e-018 -0.99847 0 
-2.3797e-016 1 -6.58473e-018 0 
0.99847 2.3797e-016 0.0552985 0 
-3.08021 -7.40908e-017 -2.47522 1 

0.888118 -1.24214e-017 -0.459616 0 
-1.24214e-017 1 -5.10276e-017 0 
0.459616 5.10276e-017 0.888118 0 
-0.919232 -1.02055e-016 0.223765 1 

0.110428 -1.23835e-015 -0.993884 0 
-1.86806e-015 1 -1.45353e-015 0 
0.993884 2.01714e-015 0.110428 0 
-3.0563 -7.96651e-015 3.33452 1 

0.110428 -1.23835e-015 -0.993884 0 
-1.86806e-015 1 -1.45353e-015 0 
0.993884 2.01714e-015 0.110428 0 
-3.0563 -7.96651e-015 3.33452 1 

0.803844 -2.17782e-017 -0.59484 0 
-2.17783e-017 1 -6.60422e-017 0 
0.59484 6.60422e-017 0.803844 0 
0.392416 4.35681e-017 1.18965 1 

0.192649 -8.96362e-017 -0.981268 0 
-8.96362e-017 1 -1.08945e-016 0 
0.981268 1.08945e-016 0.192649 0 
2.84047 3.15363e-016 2.73016 1 

0.192649 -8.96362e-017 -0.981268 0 
-8.96362e-017 1 -1.08945e-016 0 
0.981268 1.08945e-016 0.192649 0 
2.84047 3.15363e-016 2.73016 1 

0.458333
1 0 0 0 
0 1 0 0 
0 0 1 0 
0 0 0 1 

1 0 0 0 
0 1 0 0 
0 0 1 0 
0 0 0 1 

1 0 0 0 
0 1 0 0 
0 0 1 0 
0 0 0 1 

1 0 0 0 
0 1 0 0 
0 0 1 0 
1.97215e-031 0 0 1 

1 0 0 0 
0 1 0 0 
0 0 1 0 
1.97215e-031 0 0 1 

0.793575 -1.01775e-032 0.608472 0 
-1.01775e-032 1 3e-032 0 
-0.608472 -3e-032 0.793575 0 
-1.21694 -6e-032 -0.41285 1 

0.442765 -2.74738e-032 0.896638 0 
-2.74738e-032 1 4.42076e-032 0 
-0.896638 -4.42076e-032 0.442765 0 
-2.36961 -1.16831e-031 -1.81609 1 

0.442765 1.2326e-032 0.896638 0 
0 1 0 0 
-0.896638 0 0.442765 0 
-2.36961 -2.46015e-031 -1.81609 1 

0.74303 -1.1343e-016 0.669258 -0 
5.04907e-017 1 1.1343e-016 0 
-0.669258 -5.04907e-017 0.74303 0 
-0.513941 -2.26861e-016 1.33852 1 

0.221379 -2.1478e-016 0.975188 -0 
2.40724e-017 1 2.1478e-016 0 
-0.975188 -2.40725e-017 0.221379 0 
-2.60054 -6.32258e-016 2.56223 1 

0.221379 -2.1478e-016 0.975188 0 
2.40725e-017 1 2.1478e-016 0 
-0.975188 -2.40725e-017 0.221379 0 
-2.60055 -6.32258e-016 2.56223 1 

0.871031 -1.43184e-017 0.491228 0 
-1.43184e-017 1 5.45373e-017 0 
-0.491228 -5.45373e-017 0.871031 0 
0.982456 1.09075e-016 0.257938 1 

0.609587 -1.8698e-016 0.792719 0 
-6.91812e-016 1 7.67862e-016 0 
-0.792719 -1.01649e-015 0.609587 0 
2.18842 3.95689e-015 1.30371 1 

0.609587 -1.86979e-016 0.792719 0 
-6.91812e-016 1 7.67862e-016 0 
-0.792719 -1.01649e-015 0.609587 0 
2.18842 3.95689e-015 1.30371 1 

0.834373 -1.83888e-017 0.551201 0 
-1.83888e-017 1 6.11972e-017 0 
-0.551201 -6.11972e-017 0.834373 0 
0.331158 3.67669e-017 -1.10243 1 

0.32492 -7.49508e-017 0.945741 0 
-7.49508e-017 1 1.05001e-016 0 
-0.945741 -1.05001e-016 0.32492 0 
2.36561 2.62642e-016 -2.68491 1 

0.32492 -7.49508e-017 0.945741 0 
-7.49508e-017 1 1.05001e-016 0 
-0.945741 -1.05001e-016 0.32492 0 
2.36561 2.62642e-016 -2.68491 1 

0.5
1 0 0 0 
0 1 0 0 
0 0 1 0 
0 0 0 1 

1 0 0 0 
0 1 0 0 
0 0 1 0 
0 0 0 1 

1 0 0 0 
0 1 0 0 
0 0 1 0 
0 0 0 1 

1 0 0 0 
0 1 0 0 
0 0 1 0 
1.97215e-031 0 0 1 

1 0 0 0 
0 1 0 0 
0 0 1 0 
1.97215e-031 0 0 1 

0.755097 -1.20746e-032 -0.655613 0 
-1.20746e-032 1 -3.23242e-032 0 
0.655613 3.23242e-032 0.755097 0 
1.31123 6.46484e-032 -0.489805 1 

0.0513069 -4.67742e-032 -0.998683 0 
-4.67742e-032 1 -4.92389e-032 0 
0.998683 4.92389e-032 0.0513069 0 
2.68351 1.32307e-031 -3.30497 1 

0.0513069 1.2326e-032 -0.998683 0 
0 1 0 0 
0.998683 0 0.0513069 0 
2.68351 -5.57557e-031 -3.30497 1 

0.650704 5.02149e-017 -0.759332 -0 
-1.35768e-016 1 -5.02149e-017 0 
0.759332 1.35768e-016 0.650704 0 
-0.698593 1.0043e-016 -1.51866 1 

0.0552985 6.58473e-018 -0.99847 -0 
-2.3797e-016 1 -6.58473e-018 0 
0.99847 2.3797e-016 0.0552985 0 
-3.08021 -7.40908e-017 -2.47522 1 

0.0552985 6.58473e-018 -0.99847 0 
-2.3797e-016 1 -6.58473e-018 0 
0.99847 2.3797e-016 0.0552985 0 
-3.08021 -7.40908e-017 -2.47522 1 

0.888118 -1.24214e-017 -0.459616 0 
-1.24214e-017 1 -5.10276e-017 0 
0.459616 5.10276e-017 0.888118 0 
-0.919232 -1.02055e-016 0.223765 1 

0.110428 -1.23835e-015 -0.993884 0 
-1.86806e-015 1 -1.45353e-015 0 
0.993884 2.01714e-015 0.110428 0 
-3.0563 -7.96651e-015 3.33452 1 

0.110428 -1.23835e-015 -0.993884 0 
-1.86806e-015 1 -1.45353e-015 0 
0.993884 2.01714e-015 0.110428 0 
-3.0563 -7.96651e-015 3.33452 1 

0.803844 -2.17782e-017 -0.59484 0 
-2.17783e-017 1 -6.60422e-017 0 
0.59484 6.60422e-017 0.803844 0 
0.392416 4.35681e-017 1.18965 1 

0.192649 -8.96362e-017 -0.981268 0 
-8.96362e-017 1 -1.08945e-016 0 
0.981268 1.08945e-016 0.192649 0 
2.84047 3.15363e-016 2.73016 1 

0.192649 -8.96362e-017 -0.981268 0 
-8.96362e-017 1 -1.08945e-016 0 
0.981268 1.08945e-016 0.192649 0 
2.84047 3.15363e-016 2.73016 1 

CLIPNAME#nodding
3

0.625
1 0 0 0 
0 1 0 0 
0 0 1 0 
0 0 0 1 

1 -4.76165e-018 5.17209e-017 0 
-4.76165e-018 0.983191 0.182581 0 
-5.17209e-017 -0.182581 0.983191 0 
9.5233e-018 0.0336183 -0.365162 1 

1 -1.26987e-017 8.38646e-017 0 
-1.26988e-017 0.955172 0.296052 0 
-8.38646e-017 -0.296052 0.955172 0 
4.12718e-017 0.145694 -0.819045 1 

1 -3.96038e-018 -4.72024e-017 0 
-3.96036e-018 0.986019 -0.16663 0 
4.72024e-017 0.16663 0.986019 0 
-1.11587e-017 -0.0393915 1.95704 1 

1 -3.96036e-018 -4.72024e-017 0 
-3.96036e-018 0.986019 -0.16663 0 
4.72024e-017 0.16663 0.986019 0 
-1.11587e-017 -0.0393915 1.95704 1 

1 0 0 0 
0 1 0 0 
0 0 1 0 
0 0 0 1 

1 0 0 0 
0 1 0 0 
0 0 1 0 
0 0 0 1 

1 1.2326e-032 0 0 
1.2326e-032 1 0 0 
0 0 1 0 
0 -3.9443e-031 0 1 

1 0 0 -0 
0 1 0 0 
0 0 1 0 
0 0 0 1 

1 0 0 -0 
0 1 0 0 
0 0 1 0 
0 0 0 1 

1 1.49976e-032 0 0 
1.49976e-032 1 0 0 
0 0 1 0 
0 8.99856e-032 1.97215e-031 1 

1 0 0 0 
0 1 0 0 
0 0 1 0 
0 0 0 1 

1 0 0 0 
0 1 0 0 
0 0 1 0 
0 -2.46519e-032 0 1 

1 -4.67373e-032 0 0 
-4.67373e-032 1 0 0 
0 0 1 0 
0 5.29396e-023 0 1 

1 3.46745e-025 0 0 
-1.28879e-023 1 5.16988e-026 0 
0 0 1 0 
0 4.96308e-024 -5.82077e-011 1 

1 5.9393e-025 0 0 
-1.2641e-023 1 5.16988e-026 0 
0 0 1 0 
0 4.54949e-024 0 1 

1 0 -2.29589e-041 0 
0 1 0 0 
-2.29589e-041 0 1 0 
0 6.61744e-023 0 1 

0.666667
1 0 0 0 
0 1 0 0 
0 0 1 0 
0 0 0 1 

1 -4.76165e-018 5.17209e-017 0 
-4.76165e-018 0.983191 0.182581 0 
-5.17209e-017 -0.182581 0.983191 0 
9.5233e-018 0.0336183 -0.365162 1 

1 -1.10171e-017 -7.82329e-017 0 
-1.10171e-017 0.961109 -0.276171 0 
7.82329e-017 0.276171 0.961109 0 
3.4545e-017 0.121948 1.46985 1 

1 -1.83539e-016 -2.65138e-016 0 
-1.83539e-016 0.352085 -0.935968 0 
2.65138e-016 0.935968 0.352085 0 
1.06968e-015 3.77609 5.42863 1 

1 -1.83539e-016 -2.65138e-016 0 
-1.83539e-016 0.352085 -0.935968 0 
2.65138e-016 0.935968 0.352085 0 
1.06968e-015 3.77609 5.42863 1 

1 0 0 0 
0 1 0 0 
0 0 1 0 
0 0 0 1 

1 0 0 0 
0 1 0 0 
0 0 1 0 
0 0 0 1 

1 1.2326e-032 0 0 
1.2326e-032 1 0 0 
0 0 1 0 
0 -3.9443e-031 0 1 

1 0 0 -0 
0 1 0 0 
0 0 1 0 
0 0 0 1 

1 0 0 -0 
0 1 0 0 
0 0 1 0 
0 0 0 1 

1 1.49976e-032 0 0 
1.49976e-032 1 0 0 
0 0 1 0 
0 8.99856e-032 1.97215e-031 1 

1 0 0 0 
0 1 0 0 
0 0 1 0 
0 0 0 1 

1 0 0 0 
0 1 0 0 
0 0 1 0 
0 -2.46519e-032 0 1 

1 -4.67373e-032 0 0 
-4.67373e-032 1 0 0 
0 0 1 0 
0 5.29396e-023 0 1 

1 3.46745e-025 0 0 
-1.28879e-023 1 5.16988e-026 0 
0 0 1 0 
0 4.96308e-024 -5.82077e-011 1 

1 5.9393e-025 0 0 
-1.2641e-023 1 5.16988e-026 0 
0 0 1 0 
0 4.54949e-024 0 1 

1 0 -2.29589e-041 0 
0 1 0 0 
-2.29589e-041 0 1 0 
0 6.61744e-023 0 1 

0.708333
1 0 0 0 
0 1 0 0 
0 0 1 0 
0 0 0 1 

1 -4.76165e-018 5.17209e-017 0 
-4.76165e-018 0.983191 0.182581 0 
-5.17209e-017 -0.182581 0.983191 0 
9.5233e-018 0.0336183 -0.365162 1 

1 -1.26987e-017 8.38646e-017 0 
-1.26988e-017 0.955172 0.296052 0 
-8.38646e-017 -0.296052 0.955172 0 
4.12718e-017 0.145694 -0.819045 1 

1 -3.96038e-018 -4.72024e-017 0 
-3.96036e-018 0.986019 -0.16663 0 
4.72024e-017 0.16663 0.986019 0 
-1.11587e-017 -0.0393915 1.95704 1 

1 -3.96036e-018 -4.72024e-017 0 
-3.96036e-018 0.986019 -0.16663 0 
4.72024e-017 0.16663 0.986019 0 
-1.11587e-017 -0.0393915 1.95704 1 

1 0 0 0 
0 1 0 0 
0 0 1 0 
0 0 0 1 

1 0 0 0 
0 1 0 0 
0 0 1 0 
0 0 0 1 

1 1.2326e-032 0 0 
1.2326e-032 1 0 0 
0 0 1 0 
0 -3.9443e-031 0 1 

1 0 0 -0 
0 1 0 0 
0 0 1 0 
0 0 0 1 

1 0 0 -0 
0 1 0 0 
0 0 1 0 
0 0 0 1 

1 1.49976e-032 0 0 
1.49976e-032 1 0 0 
0 0 1 0 
0 8.99856e-032 1.97215e-031 1 

1 0 0 0 
0 1 0 0 
0 0 1 0 
0 0 0 1 

1 0 0 0 
0 1 0 0 
0 0 1 0 
0 -2.46519e-032 0 1 

1 -4.67373e-032 0 0 
-4.67373e-032 1 0 0 
0 0 1 0 
0 5.29396e-023 0 1 

1 3.46745e-025 0 0 
-1.28879e-023 1 5.16988e-026 0 
0 0 1 0 
0 4.96308e-024 -5.82077e-011 1 

1 5.9393e-025 0 0 
-1.2641e-023 1 5.16988e-026 0 
0 0 1 0 
0 4.54949e-024 0 1 

1 0 -2.29589e-041 0 
0 1 0 0 
-2.29589e-041 0 1 0 
0 6.61744e-023 0 1 

