1
BAKED_SKELETAL

16

CLIPNAME#idle
2

0.0416667
1 0 0 0 
0 1 0 0 
0 0 1 0 
0 0 0 1 

1 0 0 0 
0 1 0 0 
0 0 1 0 
0 0 0 1 

1 0 0 0 
0 1 0 0 
0 0 1 0 
0 0 0 1 

1 0 0 0 
0 1 0 0 
0 0 1 0 
1.97215e-031 0 0 1 

1 0 0 0 
0 1 0 0 
0 0 1 0 
1.97215e-031 0 0 1 

1 0 0 0 
0 1 0 0 
0 0 1 0 
0 0 0 1 

1 0 0 0 
0 1 0 0 
0 0 1 0 
0 0 0 1 

1 1.2326e-032 0 0 
1.2326e-032 1 0 0 
0 0 1 0 
0 -3.9443e-031 0 1 

1 0 0 -0 
0 1 0 0 
0 0 1 0 
0 0 0 1 

1 0 0 -0 
0 1 0 0 
0 0 1 0 
0 0 0 1 

1 1.49976e-032 0 0 
1.49976e-032 1 0 0 
0 0 1 0 
0 8.99856e-032 1.97215e-031 1 

1 3.46745e-025 0 0 
-1.28879e-023 1 5.16988e-026 0 
0 0 1 0 
0 4.96308e-024 -5.82077e-011 1 

1 5.9393e-025 0 0 
-1.2641e-023 1 5.16988e-026 0 
0 0 1 0 
0 4.54949e-024 0 1 

1 0 -2.29589e-041 0 
0 1 0 0 
-2.29589e-041 0 1 0 
0 6.61744e-023 0 1 

1 0 0 0 
-2.11758e-022 1 1.32349e-023 0 
0 9.92617e-024 1 0 
0 0 0 1 

1 -1.15556e-033 0 0 
-2.11758e-022 1 1.32349e-023 0 
0 1.32349e-023 1 0 
0 0 0 1 

0.0833333
1 0 0 0 
0 1 0 0 
0 0 1 0 
0 0 0 1 

1 0 0 0 
0 1 0 0 
0 0 1 0 
0 0 0 1 

1 0 0 0 
0 1 0 0 
0 0 1 0 
0 0 0 1 

1 0 0 0 
0 1 0 0 
0 0 1 0 
1.97215e-031 0 0 1 

1 0 0 0 
0 1 0 0 
0 0 1 0 
1.97215e-031 0 0 1 

1 0 0 0 
0 1 0 0 
0 0 1 0 
0 0 0 1 

1 0 0 0 
0 1 0 0 
0 0 1 0 
0 0 0 1 

1 1.2326e-032 0 0 
1.2326e-032 1 0 0 
0 0 1 0 
0 -3.9443e-031 0 1 

1 0 0 -0 
0 1 0 0 
0 0 1 0 
0 0 0 1 

1 0 0 -0 
0 1 0 0 
0 0 1 0 
0 0 0 1 

1 1.49976e-032 0 0 
1.49976e-032 1 0 0 
0 0 1 0 
0 8.99856e-032 1.97215e-031 1 

1 3.46745e-025 0 0 
-1.28879e-023 1 5.16988e-026 0 
0 0 1 0 
0 4.96308e-024 -5.82077e-011 1 

1 5.9393e-025 0 0 
-1.2641e-023 1 5.16988e-026 0 
0 0 1 0 
0 4.54949e-024 0 1 

1 0 -2.29589e-041 0 
0 1 0 0 
-2.29589e-041 0 1 0 
0 6.61744e-023 0 1 

1 0 0 0 
-2.11758e-022 1 1.32349e-023 0 
0 9.92617e-024 1 0 
0 0 0 1 

1 -1.15556e-033 0 0 
-2.11758e-022 1 1.32349e-023 0 
0 1.32349e-023 1 0 
0 0 0 1 

CLIPNAME#twitching
3

0.125
1 0 0 0 
0 1 0 0 
0 0 1 0 
0 0 0 1 

1 0 0 0 
0 1 0 0 
0 0 1 0 
0 0 0 1 

1 0 0 0 
0 1 0 0 
0 0 1 0 
0 0 0 1 

1 0 0 0 
0 1 0 0 
0 0 1 0 
1.97215e-031 0 0 1 

1 0 0 0 
0 1 0 0 
0 0 1 0 
1.97215e-031 0 0 1 

1 0 0 0 
0 1 0 0 
0 0 1 0 
0 0 0 1 

1 0 0 0 
0 1 0 0 
0 0 1 0 
0 0 0 1 

1 1.2326e-032 0 0 
1.2326e-032 1 0 0 
0 0 1 0 
0 -3.9443e-031 0 1 

1 0 0 -0 
0 1 0 0 
0 0 1 0 
0 0 0 1 

1 0 0 -0 
0 1 0 0 
0 0 1 0 
0 0 0 1 

1 1.49976e-032 0 0 
1.49976e-032 1 0 0 
0 0 1 0 
0 8.99856e-032 1.97215e-031 1 

1 3.46745e-025 0 0 
-1.28879e-023 1 5.16988e-026 0 
0 0 1 0 
0 4.96308e-024 -5.82077e-011 1 

1 5.9393e-025 0 0 
-1.2641e-023 1 5.16988e-026 0 
0 0 1 0 
0 4.54949e-024 0 1 

1 0 -2.29589e-041 0 
0 1 0 0 
-2.29589e-041 0 1 0 
0 6.61744e-023 0 1 

1 0 0 0 
-2.11758e-022 1 1.32349e-023 0 
0 9.92617e-024 1 0 
0 0 0 1 

1 -1.15556e-033 0 0 
-2.11758e-022 1 1.32349e-023 0 
0 1.32349e-023 1 0 
0 0 0 1 

0.166667
1 0 0 0 
0 1 0 0 
0 0 1 0 
0 0 0 1 

1 0 0 0 
0 1 0 0 
0 0 1 0 
0 0 0 1 

1 0 0 0 
0 1 0 0 
0 0 1 0 
0 0 0 1 

1 0 0 0 
0 1 0 0 
0 0 1 0 
1.97215e-031 0 0 1 

1 0 0 0 
0 1 0 0 
0 0 1 0 
1.97215e-031 0 0 1 

1 0 0 0 
0 1 0 0 
0 0 1 0 
0 0 0 1 

1 0 0 0 
0 1 0 0 
0 0 1 0 
0 0 0 1 

1 1.2326e-032 0 0 
1.2326e-032 1 0 0 
0 0 1 0 
0 -3.9443e-031 0 1 

1 0 0 -0 
0 1 0 0 
0 0 1 0 
0 0 0 1 

1 0 0 -0 
0 1 0 0 
0 0 1 0 
0 0 0 1 

1 1.49976e-032 0 0 
1.49976e-032 1 0 0 
0 0 1 0 
0 8.99856e-032 1.97215e-031 1 

1 3.46745e-025 0 0 
-1.28879e-023 1 5.16988e-026 0 
0 0 1 0 
0 4.96308e-024 -5.82077e-011 1 

1 5.9393e-025 0 0 
-1.2641e-023 1 5.16988e-026 0 
0 0 1 0 
0 4.54949e-024 0 1 

1 0 -2.29589e-041 0 
0 1 0 0 
-2.29589e-041 0 1 0 
0 6.61744e-023 0 1 

1 0 0 0 
-2.11758e-022 1 1.32349e-023 0 
0 9.92617e-024 1 0 
0 0 0 1 

1 -1.15556e-033 0 0 
-2.11758e-022 1 1.32349e-023 0 
0 1.32349e-023 1 0 
0 0 0 1 

0.208333
1 0 0 0 
0 1 0 0 
0 0 1 0 
0 0 0 1 

1 0 0 0 
0 1 0 0 
0 0 1 0 
0 0 0 1 

1 0 0 0 
0 1 0 0 
0 0 1 0 
0 0 0 1 

1 0 0 0 
0 1 0 0 
0 0 1 0 
1.97215e-031 0 0 1 

1 0 0 0 
0 1 0 0 
0 0 1 0 
1.97215e-031 0 0 1 

1 0 0 0 
0 1 0 0 
0 0 1 0 
0 0 0 1 

1 0 0 0 
0 1 0 0 
0 0 1 0 
0 0 0 1 

1 1.2326e-032 0 0 
1.2326e-032 1 0 0 
0 0 1 0 
0 -3.9443e-031 0 1 

1 0 0 -0 
0 1 0 0 
0 0 1 0 
0 0 0 1 

1 0 0 -0 
0 1 0 0 
0 0 1 0 
0 0 0 1 

1 1.49976e-032 0 0 
1.49976e-032 1 0 0 
0 0 1 0 
0 8.99856e-032 1.97215e-031 1 

1 3.46745e-025 0 0 
-1.28879e-023 1 5.16988e-026 0 
0 0 1 0 
0 4.96308e-024 -5.82077e-011 1 

1 5.9393e-025 0 0 
-1.2641e-023 1 5.16988e-026 0 
0 0 1 0 
0 4.54949e-024 0 1 

1 0 -2.29589e-041 0 
0 1 0 0 
-2.29589e-041 0 1 0 
0 6.61744e-023 0 1 

1 0 0 0 
-2.11758e-022 1 1.32349e-023 0 
0 9.92617e-024 1 0 
0 0 0 1 

1 -1.15556e-033 0 0 
-2.11758e-022 1 1.32349e-023 0 
0 1.32349e-023 1 0 
0 0 0 1 

CLIPNAME#turning
3

0.25
1 0 0 0 
0 1 0 0 
0 0 1 0 
0 0 0 1 

1 0 0 0 
0 1 0 0 
0 0 1 0 
0 0 0 1 

1 0 0 0 
0 1 0 0 
0 0 1 0 
0 0 0 1 

1 0 0 0 
0 1 0 0 
0 0 1 0 
1.97215e-031 0 0 1 

1 0 0 0 
0 1 0 0 
0 0 1 0 
1.97215e-031 0 0 1 

1 0 0 0 
0 1 0 0 
0 0 1 0 
0 0 0 1 

1 0 0 0 
0 1 0 0 
0 0 1 0 
0 0 0 1 

1 1.2326e-032 0 0 
1.2326e-032 1 0 0 
0 0 1 0 
0 -3.9443e-031 0 1 

1 0 0 -0 
0 1 0 0 
0 0 1 0 
0 0 0 1 

1 0 0 -0 
0 1 0 0 
0 0 1 0 
0 0 0 1 

1 1.49976e-032 0 0 
1.49976e-032 1 0 0 
0 0 1 0 
0 8.99856e-032 1.97215e-031 1 

1 3.46745e-025 0 0 
-1.28879e-023 1 5.16988e-026 0 
0 0 1 0 
0 4.96308e-024 -5.82077e-011 1 

1 5.9393e-025 0 0 
-1.2641e-023 1 5.16988e-026 0 
0 0 1 0 
0 4.54949e-024 0 1 

1 0 -2.29589e-041 0 
0 1 0 0 
-2.29589e-041 0 1 0 
0 6.61744e-023 0 1 

1 0 0 0 
-2.11758e-022 1 1.32349e-023 0 
0 9.92617e-024 1 0 
0 0 0 1 

1 -1.15556e-033 0 0 
-2.11758e-022 1 1.32349e-023 0 
0 1.32349e-023 1 0 
0 0 0 1 

0.291667
1 0 0 0 
0 1 0 0 
0 0 1 0 
0 0 0 1 

1 0 0 0 
0 1 0 0 
0 0 1 0 
0 0 0 1 

1 0 0 0 
0 1 0 0 
0 0 1 0 
0 0 0 1 

1 0 0 0 
0 1 0 0 
0 0 1 0 
1.97215e-031 0 0 1 

1 0 0 0 
0 1 0 0 
0 0 1 0 
1.97215e-031 0 0 1 

1 0 0 0 
0 1 0 0 
0 0 1 0 
0 0 0 1 

1 0 0 0 
0 1 0 0 
0 0 1 0 
0 0 0 1 

1 1.2326e-032 0 0 
1.2326e-032 1 0 0 
0 0 1 0 
0 -3.9443e-031 0 1 

1 0 0 -0 
0 1 0 0 
0 0 1 0 
0 0 0 1 

1 0 0 -0 
0 1 0 0 
0 0 1 0 
0 0 0 1 

1 1.49976e-032 0 0 
1.49976e-032 1 0 0 
0 0 1 0 
0 8.99856e-032 1.97215e-031 1 

1 3.46745e-025 0 0 
-1.28879e-023 1 5.16988e-026 0 
0 0 1 0 
0 4.96308e-024 -5.82077e-011 1 

1 5.9393e-025 0 0 
-1.2641e-023 1 5.16988e-026 0 
0 0 1 0 
0 4.54949e-024 0 1 

1 0 -2.29589e-041 0 
0 1 0 0 
-2.29589e-041 0 1 0 
0 6.61744e-023 0 1 

1 0 0 0 
-2.11758e-022 1 1.32349e-023 0 
0 9.92617e-024 1 0 
0 0 0 1 

1 -1.15556e-033 0 0 
-2.11758e-022 1 1.32349e-023 0 
0 1.32349e-023 1 0 
0 0 0 1 

0.333333
1 0 0 0 
0 1 0 0 
0 0 1 0 
0 0 0 1 

1 0 0 0 
0 1 0 0 
0 0 1 0 
0 0 0 1 

1 0 0 0 
0 1 0 0 
0 0 1 0 
0 0 0 1 

1 0 0 0 
0 1 0 0 
0 0 1 0 
1.97215e-031 0 0 1 

1 0 0 0 
0 1 0 0 
0 0 1 0 
1.97215e-031 0 0 1 

1 0 0 0 
0 1 0 0 
0 0 1 0 
0 0 0 1 

1 0 0 0 
0 1 0 0 
0 0 1 0 
0 0 0 1 

1 1.2326e-032 0 0 
1.2326e-032 1 0 0 
0 0 1 0 
0 -3.9443e-031 0 1 

1 0 0 -0 
0 1 0 0 
0 0 1 0 
0 0 0 1 

1 0 0 -0 
0 1 0 0 
0 0 1 0 
0 0 0 1 

1 1.49976e-032 0 0 
1.49976e-032 1 0 0 
0 0 1 0 
0 8.99856e-032 1.97215e-031 1 

1 3.46745e-025 0 0 
-1.28879e-023 1 5.16988e-026 0 
0 0 1 0 
0 4.96308e-024 -5.82077e-011 1 

1 5.9393e-025 0 0 
-1.2641e-023 1 5.16988e-026 0 
0 0 1 0 
0 4.54949e-024 0 1 

1 0 -2.29589e-041 0 
0 1 0 0 
-2.29589e-041 0 1 0 
0 6.61744e-023 0 1 

1 0 0 0 
-2.11758e-022 1 1.32349e-023 0 
0 9.92617e-024 1 0 
0 0 0 1 

1 -1.15556e-033 0 0 
-2.11758e-022 1 1.32349e-023 0 
0 1.32349e-023 1 0 
0 0 0 1 

CLIPNAME#nodding
3

0.375
1 0 0 0 
0 1 0 0 
0 0 1 0 
0 0 0 1 

1 0 0 0 
0 1 0 0 
0 0 1 0 
0 0 0 1 

1 0 0 0 
0 1 0 0 
0 0 1 0 
0 0 0 1 

1 0 0 0 
0 1 0 0 
0 0 1 0 
1.97215e-031 0 0 1 

1 0 0 0 
0 1 0 0 
0 0 1 0 
1.97215e-031 0 0 1 

1 0 0 0 
0 1 0 0 
0 0 1 0 
0 0 0 1 

1 0 0 0 
0 1 0 0 
0 0 1 0 
0 0 0 1 

1 1.2326e-032 0 0 
1.2326e-032 1 0 0 
0 0 1 0 
0 -3.9443e-031 0 1 

1 0 0 -0 
0 1 0 0 
0 0 1 0 
0 0 0 1 

1 0 0 -0 
0 1 0 0 
0 0 1 0 
0 0 0 1 

1 1.49976e-032 0 0 
1.49976e-032 1 0 0 
0 0 1 0 
0 8.99856e-032 1.97215e-031 1 

1 3.46745e-025 0 0 
-1.28879e-023 1 5.16988e-026 0 
0 0 1 0 
0 4.96308e-024 -5.82077e-011 1 

1 5.9393e-025 0 0 
-1.2641e-023 1 5.16988e-026 0 
0 0 1 0 
0 4.54949e-024 0 1 

1 0 -2.29589e-041 0 
0 1 0 0 
-2.29589e-041 0 1 0 
0 6.61744e-023 0 1 

1 0 0 0 
-2.11758e-022 1 1.32349e-023 0 
0 9.92617e-024 1 0 
0 0 0 1 

1 -1.15556e-033 0 0 
-2.11758e-022 1 1.32349e-023 0 
0 1.32349e-023 1 0 
0 0 0 1 

0.416667
1 0 0 0 
0 1 0 0 
0 0 1 0 
0 0 0 1 

1 0 0 0 
0 1 0 0 
0 0 1 0 
0 0 0 1 

1 -1.69389e-017 -9.64877e-017 0 
-1.69389e-017 0.940204 -0.340613 0 
9.64877e-017 0.340613 0.940204 0 
6.77555e-017 0.239185 1.36245 1 

0.755657 0.421479 -0.501337 0 
-0.654968 0.486273 -0.578408 0 
2.16831e-016 0.765437 0.643511 0 
3.92981 2.96277 2.78922 1 

0.755657 0.421479 -0.501337 0 
-0.00209606 0.766989 0.641656 0 
0.654965 -0.483821 0.580464 0 
-1.29317 0.717038 -6.97129 1 

0.802215 -9.75154e-033 -0.597035 0 
-9.75154e-033 1 -2.94361e-032 0 
0.597035 2.94361e-032 0.802215 0 
1.19407 5.88722e-032 -0.39557 1 

0.363226 -3.13954e-032 -0.931701 0 
-3.13954e-032 1 -4.59364e-032 0 
0.931701 4.59364e-032 0.363226 0 
2.53273 1.24873e-031 -2.15153 1 

0.363226 1.2326e-032 -0.931701 0 
0 1 0 0 
0.931701 0 0.363226 0 
2.53273 -5.45175e-031 -2.15153 1 

0.891722 4.21653e-017 -0.452584 -0 
-6.86859e-017 1 -4.21653e-017 0 
0.452584 6.86859e-017 0.891722 0 
-0.216557 8.43306e-017 -0.905169 1 

0.557831 4.749e-017 -0.829954 -0 
-1.5579e-016 1 -4.749e-017 0 
0.829954 1.5579e-016 0.557831 0 
-1.55212 1.0563e-016 -2.41465 1 

0.557831 4.749e-017 -0.829954 0 
-1.5579e-016 1 -4.74901e-017 0 
0.829954 1.5579e-016 0.557831 0 
-1.55212 1.05629e-016 -2.41465 1 

0.852439 -1.6383e-017 -0.522827 0 
-1.6383e-017 1 -5.80469e-017 0 
0.522827 5.80469e-017 0.852439 0 
0.295214 3.27761e-017 1.04563 1 

0.411457 -6.5343e-017 -0.911429 0 
-6.5343e-017 1 -1.01192e-016 0 
0.911429 1.01192e-016 0.411457 0 
2.06243 2.28982e-016 2.59629 1 

0.411457 -6.5343e-017 -0.911429 0 
-6.5343e-017 1 -1.01192e-016 0 
0.911429 1.01192e-016 0.411457 0 
2.06243 2.28982e-016 2.59629 1 

0.0059749 0.0144278 -0.999878 0 
0.70696 0.707107 0.0144277 0 
0.707229 -0.70696 -0.00597496 0 
-2.97163 3.04288 4.40533 1 

0.0059749 0.0144278 -0.999878 0 
0.70696 0.707107 0.0144277 0 
0.707229 -0.70696 -0.00597496 0 
-2.97163 3.04288 4.40533 1 

0.458333
1 0 0 0 
0 1 0 0 
0 0 1 0 
0 0 0 1 

1 0 0 0 
0 1 0 0 
0 0 1 0 
0 0 0 1 

1 0 0 0 
0 1 0 0 
0 0 1 0 
0 0 0 1 

1 0 0 0 
0 1 0 0 
0 0 1 0 
1.97215e-031 0 0 1 

1 0 0 0 
0 1 0 0 
0 0 1 0 
1.97215e-031 0 0 1 

1 0 0 0 
0 1 0 0 
0 0 1 0 
0 0 0 1 

1 0 0 0 
0 1 0 0 
0 0 1 0 
0 0 0 1 

1 1.2326e-032 0 0 
1.2326e-032 1 0 0 
0 0 1 0 
0 -3.9443e-031 0 1 

1 0 0 -0 
0 1 0 0 
0 0 1 0 
0 0 0 1 

1 0 0 -0 
0 1 0 0 
0 0 1 0 
0 0 0 1 

1 1.49976e-032 0 0 
1.49976e-032 1 0 0 
0 0 1 0 
0 8.99856e-032 1.97215e-031 1 

1 3.46745e-025 0 0 
-1.28879e-023 1 5.16988e-026 0 
0 0 1 0 
0 4.96308e-024 -5.82077e-011 1 

1 5.9393e-025 0 0 
-1.2641e-023 1 5.16988e-026 0 
0 0 1 0 
0 4.54949e-024 0 1 

1 0 -2.29589e-041 0 
0 1 0 0 
-2.29589e-041 0 1 0 
0 6.61744e-023 0 1 

1 0 0 0 
-2.11758e-022 1 1.32349e-023 0 
0 9.92617e-024 1 0 
0 0 0 1 

1 -1.15556e-033 0 0 
-2.11758e-022 1 1.32349e-023 0 
0 1.32349e-023 1 0 
0 0 0 1 

