1
BAKED_SKELETAL

17

CLIPNAME#pCube1
4

0.0416667
1 0 0 0 
0 1 0 0 
0 0 1 0 
0 0 0 1 

1 0 0 0 
0 1 0 0 
0 0 1 0 
0 0 0 1 

1 0 0 0 
0 1 0 0 
0 0 1 0 
0 0 0 1 

1 0 0 0 
0 1 0 0 
0 0 1 0 
1.97215e-31 0 0 1 

1 0 0 0 
0 1 0 0 
0 0 1 0 
1.97215e-31 0 0 1 

1 0 0 0 
0 1 0 0 
0 0 1 0 
0 0 0 1 

1 0 0 0 
0 1 0 0 
0 0 1 0 
0 0 0 1 

1 1.2326e-32 0 0 
1.2326e-32 1 0 0 
0 0 1 0 
0 -3.9443e-31 0 1 

1 0 0 -0 
0 1 0 0 
0 0 1 0 
0 0 0 1 

1 0 0 -0 
0 1 0 0 
0 0 1 0 
0 0 0 1 

1 1.49976e-32 0 0 
1.49976e-32 1 0 0 
0 0 1 0 
0 8.99856e-32 1.97215e-31 1 

1 0 0 0 
0 1 0 0 
0 0 1 0 
0 0 0 1 

1 -2.11758e-22 3.72529e-09 0 
0 1 1.32349e-23 0 
-3.72529e-09 0 1 0 
1.49012e-08 -2.46519e-32 2.38419e-07 1 

1 -2.11758e-22 3.72529e-09 0 
-4.56217e-25 1 1.32349e-23 0 
-3.72529e-09 0 1 0 
1.49012e-08 2.11026e-23 0 1 

1 3.46745e-25 0 0 
-1.28879e-23 1 5.16988e-26 0 
0 0 1 0 
0 4.96308e-24 -5.82077e-11 1 

1 5.9393e-25 0 0 
-1.2641e-23 1 5.16988e-26 0 
0 0 1 0 
0 4.54949e-24 0 1 

1 0 -2.29589e-41 0 
0 1 0 0 
-2.29589e-41 0 1 0 
0 6.61744e-23 0 1 

0.416667
1 0 0 0 
0 1 0 0 
0 0 1 0 
0 0 0 1 

1 0 0 0 
0 1 0 0 
0 0 1 0 
0 0 0 1 

1 -1.69389e-17 -9.64877e-17 0 
-1.69389e-17 0.940204 -0.340613 0 
9.64877e-17 0.340613 0.940204 0 
6.77555e-17 0.239185 1.36245 1 

1 -1.00985e-16 -2.16831e-16 0 
-1.00985e-16 0.643511 -0.765437 0 
2.16831e-16 0.765437 0.643511 0 
5.72033e-16 2.01934 3.9114 1 

1 -1.00985e-16 -2.16831e-16 0 
2.16506e-16 0.767493 0.641058 0 
1.01679e-16 -0.641058 0.767493 0 
-1.9679e-15 1.02749 -7.34056 1 

0.802215 -9.75154e-33 -0.597035 0 
-9.75154e-33 1 -2.94361e-32 0 
0.597035 2.94361e-32 0.802215 0 
1.19407 5.88722e-32 -0.39557 1 

0.363226 -3.13954e-32 -0.931701 0 
-3.13954e-32 1 -4.59364e-32 0 
0.931701 4.59364e-32 0.363226 0 
2.53273 1.24873e-31 -2.15153 1 

0.363226 1.2326e-32 -0.931701 0 
0 1 -3.30872e-24 0 
0.931701 0 0.363226 0 
2.53273 -5.45175e-31 -2.15153 1 

0.891722 4.21653e-17 -0.452584 -0 
-6.86859e-17 1 -4.21653e-17 0 
0.452584 6.86859e-17 0.891722 0 
-0.216557 8.43306e-17 -0.905169 1 

0.557831 4.74901e-17 -0.829954 -0 
-1.5579e-16 1 -4.74901e-17 0 
0.829954 1.5579e-16 0.557831 0 
-1.55212 1.0563e-16 -2.41465 1 

0.557831 4.749e-17 -0.829954 0 
-1.5579e-16 1 -4.74901e-17 0 
0.829954 1.5579e-16 0.557831 0 
-1.55212 1.05629e-16 -2.41465 1 

0.954996 -0.0360253 -0.294423 0 
0.0260827 0.998951 -0.0376283 0 
0.29547 0.0282556 0.954934 0 
-0.590939 -0.0565112 0.0901316 1 

0.690393 -0.253618 -0.677521 0 
0.16132 0.966925 -0.197566 0 
0.705218 0.0271007 0.708472 0 
-2.22993 -0.0518915 1.07598 1 

0.690393 -0.253618 -0.677521 0 
0.16132 0.966925 -0.197566 0 
0.705218 0.0271007 0.708472 0 
-2.22993 -0.0518915 1.07598 1 

0.852439 -1.6383e-17 -0.522827 0 
-1.6383e-17 1 -5.80469e-17 0 
0.522827 5.80469e-17 0.852439 0 
0.295214 3.27761e-17 1.04563 1 

0.411457 -6.5343e-17 -0.911429 0 
-6.5343e-17 1 -1.01192e-16 0 
0.911429 1.01192e-16 0.411457 0 
2.06243 2.28982e-16 2.59629 1 

0.411457 -6.5343e-17 -0.911429 0 
-6.5343e-17 1 -1.01192e-16 0 
0.911429 1.01192e-16 0.411457 0 
2.06243 2.28982e-16 2.59629 1 

0.625
1 0 0 0 
0 1 0 0 
0 0 1 0 
0 0 0 1 

1 0 0 0 
0 1 0 0 
0 0 1 0 
0 0 0 1 

1 0 0 0 
0 1 0 0 
0 0 1 0 
0 0 0 1 

1 0 0 0 
0 1 0 0 
0 0 1 0 
1.97215e-31 0 0 1 

1 0 0 0 
0 1 0 0 
0 0 1 0 
1.97215e-31 0 0 1 

1 0 0 0 
0 1 0 0 
0 0 1 0 
0 0 0 1 

1 0 0 0 
0 1 0 0 
0 0 1 0 
0 0 0 1 

1 1.2326e-32 0 0 
1.2326e-32 1 0 0 
0 0 1 0 
0 -3.9443e-31 0 1 

1 0 0 -0 
0 1 0 0 
0 0 1 0 
0 0 0 1 

1 0 0 -0 
0 1 0 0 
0 0 1 0 
0 0 0 1 

1 1.49976e-32 0 0 
1.49976e-32 1 0 0 
0 0 1 0 
0 8.99856e-32 1.97215e-31 1 

1 0 0 0 
0 1 0 0 
0 0 1 0 
0 0 0 1 

1 -2.11758e-22 3.72529e-09 0 
0 1 1.32349e-23 0 
-3.72529e-09 0 1 0 
1.49012e-08 -2.46519e-32 2.38419e-07 1 

1 -2.11758e-22 3.72529e-09 0 
-4.56217e-25 1 1.32349e-23 0 
-3.72529e-09 0 1 0 
1.49012e-08 2.11026e-23 0 1 

0.981311 0.192429 7.77086e-05 0 
-0.192429 0.98131 0.000800107 0 
7.77082e-05 -0.000800107 1 0 
0.0373783 -0.384859 -0.000155417 1 

0.721754 0.692149 0.0010667 0 
-0.692149 0.72175 0.00257041 0 
0.00100922 -0.00259352 0.999996 0 
1.07561 -2.38374 -0.0041114 1 

0.721754 0.692149 0.0010667 0 
-0.692149 0.72175 0.00257041 0 
0.00100922 -0.00259352 0.999996 0 
1.07561 -2.38374 -0.0041114 1 

0.833333
1 0 0 0 
0 1 0 0 
0 0 1 0 
0 0 0 1 

1 0 0 0 
0 1 0 0 
0 0 1 0 
0 0 0 1 

1 0 0 0 
0 1 0 0 
0 0 1 0 
0 0 0 1 

1 0 0 0 
0 1 0 0 
0 0 1 0 
1.97215e-31 0 0 1 

1 0 0 0 
0 1 0 0 
0 0 1 0 
1.97215e-31 0 0 1 

1 0 0 0 
0 1 0 0 
0 0 1 0 
0 0 0 1 

1 0 0 0 
0 1 0 0 
0 0 1 0 
0 0 0 1 

1 1.2326e-32 0 0 
1.2326e-32 1 0 0 
0 0 1 0 
0 -3.9443e-31 0 1 

1 0 0 -0 
0 1 0 0 
0 0 1 0 
0 0 0 1 

1 0 0 -0 
0 1 0 0 
0 0 1 0 
0 0 0 1 

1 1.49976e-32 0 0 
1.49976e-32 1 0 0 
0 0 1 0 
0 8.99856e-32 1.97215e-31 1 

1 0 0 0 
0 1 0 0 
0 0 1 0 
0 0 0 1 

1 -2.11758e-22 3.72529e-09 0 
0 1 1.32349e-23 0 
-3.72529e-09 0 1 0 
1.49012e-08 -2.46519e-32 2.38419e-07 1 

1 -2.11758e-22 3.72529e-09 0 
-4.56217e-25 1 1.32349e-23 0 
-3.72529e-09 0 1 0 
1.49012e-08 2.11026e-23 0 1 

1 3.46745e-25 0 0 
-1.28879e-23 1 5.16988e-26 0 
0 0 1 0 
0 4.96308e-24 -5.82077e-11 1 

1 5.9393e-25 0 0 
-1.2641e-23 1 5.16988e-26 0 
0 0 1 0 
0 4.54949e-24 0 1 

1 0 -2.29589e-41 0 
0 1 0 0 
-2.29589e-41 0 1 0 
0 6.61744e-23 0 1 

