1
BAKED_SKELETAL

16

CLIPNAME#idle
2

0.0416667
1 0 0 0 
0 1 0 0 
0 0 1 0 
0 0 0 1 

1 0 0 0 
0 1 0 0 
0 0 1 0 
2 0 0 1 

1 0 0 0 
0 1 0 0 
0 0 1 0 
4 0 0 1 

1 0 0 0 
0 1 0 0 
0 0 1 0 
6 0 0 1 

1 0 0 0 
0 1 0 0 
0 0 1 0 
8 0 0 1 

1 0 0 0 
0 1 0 0 
0 0 1 0 
0 0 -2 1 

1 0 0 0 
0 1 0 0 
0 0 1 0 
2 -7.39557e-032 -2 1 

1 1.2326e-032 0 0 
1.2326e-032 1 0 0 
0 0 1 0 
4 -4.19082e-031 -2 1 

1 0 0 -0 
0 1 0 0 
0 0 1 0 
0 2 0 1 

1 0 0 -0 
0 1 0 0 
0 0 1 0 
2 2 0 1 

1 1.49976e-032 0 0 
1.49976e-032 1 0 0 
0 0 1 0 
4 2 1.97215e-031 1 

1 3.46745e-025 0 0 
-1.28879e-023 1 5.16988e-026 0 
0 0 1 0 
0 -2 -0.000175584 1 

1 5.9393e-025 0 0 
-1.2641e-023 1 5.16988e-026 0 
0 0 1 0 
2 -2 -0.000175584 1 

1 0 -2.29589e-041 0 
0 1 0 0 
-2.29589e-041 0 1 0 
4 -2 -0.000175584 1 

1 0 0 0 
-2.11758e-022 1 1.32349e-023 0 
0 9.92617e-024 1 0 
0 -0.0739175 4.30569 1 

1 -1.15556e-033 0 0 
-2.11758e-022 1 1.32349e-023 0 
0 1.32349e-023 1 0 
1.81136 -0.0739175 4.30569 1 

0.0833333
1 0 0 0 
0 1 0 0 
0 0 1 0 
0 0 0 1 

1 0 0 0 
0 1 0 0 
0 0 1 0 
2 0 0 1 

1 -2.0117e-020 -3.3764e-018 0 
-2.0117e-020 0.999929 -0.0119191 0 
3.3764e-018 0.0119191 0.999929 0 
4 0.000284195 0.0476763 1 

1 -1.26578e-019 -8.46713e-018 0 
-1.26578e-019 0.999553 -0.0298899 0 
8.46713e-018 0.0298899 0.999553 0 
6 0.00253868 0.155501 1 

1 -1.26568e-019 -8.46713e-018 0 
3.28576e-019 0.999715 0.0238618 0 
8.4617e-018 -0.0238618 0.999715 0 
8 0.00124216 -0.274512 1 

0.999759 -1.18666e-035 -0.0219393 0 
-1.18666e-035 1 -1.08169e-033 0 
0.0219393 1.08169e-033 0.999759 0 
0.0438785 2.16338e-033 -2.00048 1 

0.999155 -4.16772e-035 -0.0411087 0 
-4.16772e-035 1 -2.02682e-033 0 
0.0411087 2.02682e-033 0.999155 0 
2.12007 -6.80356e-032 -2.04678 1 

0.999155 1.2326e-032 -0.0411087 0 
-1.24077e-024 1 0 0 
0.0411087 0 0.999155 0 
4.11838 -4.25323e-031 -2.129 1 

0.99987 1.95649e-018 -0.0161057 -0 
-1.98826e-018 1 -1.95649e-018 0 
0.0161057 1.98825e-018 0.99987 0 
-0.000259399 2 -0.0322113 1 

0.999436 4.04187e-018 -0.033568 -0 
-4.17991e-018 1 -4.04187e-018 0 
0.033568 4.17991e-018 0.999436 0 
1.99775 2 -0.134272 1 

0.999436 4.04186e-018 -0.033568 0 
-4.17992e-018 1 -4.04186e-018 0 
0.033568 4.1799e-018 0.999436 0 
3.99662 2 -0.201408 1 

0.999822 -1.97526e-020 -0.0188659 0 
-1.97658e-020 1 -2.0946e-018 0 
0.0188659 2.0946e-018 0.999822 0 
0.000359297 -2 0.0375563 1 

0.999227 -8.58336e-020 -0.0393158 0 
-8.58403e-020 1 -4.36504e-018 0 
0.0393158 4.36504e-018 0.999227 0 
2.00256 -2 0.0816184 1 

0.999227 -8.58415e-020 -0.0393158 0 
-8.58305e-020 1 -4.36504e-018 0 
0.0393158 4.36504e-018 0.999227 0 
4.00101 -2 0.00298676 1 

0.998245 -0.0512071 -0.0297506 0 
0.052744 0.997179 0.0534034 0 
0.026932 -0.0548789 0.99813 0 
-0.115831 0.166159 4.31595 1 

0.998245 -0.0512071 -0.0297506 0 
0.052744 0.997179 0.0534034 0 
0.026932 -0.0548789 0.99813 0 
1.69234 0.073405 4.26206 1 

CLIPNAME#twitching
3

0.125
1 0 0 0 
0 1 0 0 
0 0 1 0 
0 0 0 1 

1 0 0 0 
0 1 0 0 
0 0 1 0 
2 0 0 1 

1 -2.7248e-019 -1.24215e-017 0 
-2.7248e-019 0.999038 -0.0438492 0 
1.24215e-017 0.0438492 0.999038 0 
4 0.00384736 0.175397 1 

1 -1.71246e-018 -3.11009e-017 0 
-1.71249e-018 0.993955 -0.10979 0 
3.11009e-017 0.10979 0.993955 0 
6 0.0343475 0.571039 1 

1 -1.71247e-018 -3.11009e-017 0 
4.4336e-018 0.996146 0.0877069 0 
3.08308e-017 -0.0877069 0.996146 0 
8 0.0168161 -1.00893 1 

0.996742 -1.60628e-034 -0.0806552 0 
-1.60628e-034 1 -3.97661e-033 0 
0.0806552 3.97661e-033 0.996742 0 
0.16131 7.95322e-033 -2.00652 1 

0.988573 -5.63417e-034 -0.150746 0 
-5.63417e-034 1 -7.43235e-033 0 
0.150746 7.43235e-033 0.988573 0 
2.43516 -5.25008e-032 -2.20051 1 

0.988573 1.2326e-032 -0.150746 0 
0 1 0 0 
0.150746 0 0.988573 0 
4.4123 -4.42222e-031 -2.502 1 

0.998244 7.03935e-018 -0.0592367 -0 
-7.46946e-018 1 -7.03935e-018 0 
0.0592367 7.46945e-018 0.998244 0 
-0.00351202 2 -0.118473 1 

0.992377 1.41589e-017 -0.123239 -0 
-1.6026e-017 1 -1.41589e-017 0 
0.123239 1.6026e-017 0.992377 0 
1.96951 2 -0.492957 1 

0.992377 1.41589e-017 -0.123239 0 
-1.6026e-017 1 -1.41589e-017 0 
0.123239 1.6026e-017 0.992377 0 
3.95426 2 -0.739435 1 

0.997591 -2.67498e-019 -0.069375 0 
-2.67504e-019 1 -7.70238e-018 0 
0.069375 7.70237e-018 0.997591 0 
0.00483096 -2 0.138574 1 

0.989546 -1.16061e-018 -0.144215 0 
-1.16063e-018 1 -1.60115e-017 0 
0.144215 1.60115e-017 0.989546 0 
2.03282 -2 0.299113 1 

0.989546 -1.16062e-018 -0.144215 0 
-1.16061e-018 1 -1.60115e-017 0 
0.144215 1.60115e-017 0.989546 0 
4.01192 -2 0.0106838 1 

0.976317 -0.169941 -0.133888 0 
0.192382 0.965053 0.177938 0 
0.0989698 -0.199482 0.974891 0 
-0.424383 0.79755 4.4237 1 

0.976317 -0.169941 -0.133888 0 
0.192382 0.965053 0.177938 0 
0.0989698 -0.199482 0.974891 0 
1.34407 0.489727 4.18118 1 

0.166667
1 0 0 0 
0 1 0 0 
0 0 1 0 
0 0 0 1 

1 0 0 0 
0 1 0 0 
0 0 1 0 
2 0 0 1 

1 -1.14929e-018 -2.54916e-017 0 
-1.14929e-018 0.995943 -0.0899884 0 
2.54916e-017 0.0899884 0.995943 0 
4 0.0162287 0.359954 1 

1 -7.2037e-018 -6.34774e-017 0 
-7.20367e-018 0.97457 -0.224083 0 
6.34774e-017 0.224083 0.97457 0 
6 0.144465 1.16452 1 

1 -7.20367e-018 -6.34774e-017 0 
1.84769e-017 0.98377 0.179435 0 
6.11546e-017 -0.179435 0.98377 0 
8 0.0708675 -2.06362 1 

0.986274 -6.76723e-034 -0.165114 0 
-6.76723e-034 1 -8.14077e-033 0 
0.165114 8.14077e-033 0.986274 0 
0.330229 1.62815e-032 -2.02745 1 

0.952068 -2.36323e-033 -0.305887 0 
-2.36323e-033 1 -1.50814e-032 0 
0.305887 1.50814e-032 0.952068 0 
2.86587 -3.12652e-032 -2.49451 1 

0.952068 1.2326e-032 -0.305887 0 
0 1 -6.61744e-024 0 
0.305887 0 0.952068 0 
4.77 -4.6688e-031 -3.10628 1 

0.992596 1.39682e-017 -0.121463 -0 
-1.57817e-017 1 -1.39682e-017 0 
0.121463 1.57817e-017 0.992596 0 
-0.0148082 2 -0.242927 1 

0.96796 2.68277e-017 -0.251105 -0 
-3.46753e-017 1 -2.68277e-017 0 
0.251105 3.46753e-017 0.96796 0 
1.87184 2 -1.00442 1 

0.96796 2.68277e-017 -0.251105 0 
-3.46753e-017 1 -2.68277e-017 0 
0.251105 3.46753e-017 0.96796 0 
3.80776 2 -1.50663 1 

0.989845 -1.12746e-018 -0.142152 0 
-1.12748e-018 1 -1.57824e-017 0 
0.142152 1.57824e-017 0.989845 0 
0.0203353 -2 0.284126 1 

0.95613 -4.87069e-018 -0.292944 0 
-4.87072e-018 1 -3.25241e-017 0 
0.292944 3.25241e-017 0.95613 0 
2.13617 -2 0.6027 1 

0.95613 -4.8707e-018 -0.292944 0 
-4.87071e-018 1 -3.25241e-017 0 
0.292944 3.25241e-017 0.95613 0 
4.04843 -2 0.0168134 1 

0.901799 -0.282168 -0.327321 0 
0.381896 0.874845 0.297997 0 
0.20227 -0.393736 0.896693 0 
-0.863653 1.64225 4.7747 1 

0.901799 -0.282168 -0.327321 0 
0.381896 0.874845 0.297997 0 
0.20227 -0.393736 0.896693 0 
0.769827 1.13114 4.1818 1 

0.208333
1 0 0 0 
0 1 0 0 
0 0 1 0 
0 0 0 1 

1 0 0 0 
0 1 0 0 
0 0 1 0 
2 0 0 1 

1 -2.97025e-018 -4.09144e-017 0 
-2.97025e-018 0.989515 -0.144432 0 
4.09144e-017 0.144432 0.989515 0 
4 0.0419414 0.57773 1 

1 -1.85114e-017 -1.00723e-016 0 
-1.85114e-017 0.934653 -0.355562 0 
1.00723e-016 0.355562 0.934653 0 
6 0.371114 1.84451 1 

1 -1.85114e-017 -1.00723e-016 0 
4.65574e-017 0.95819 0.286131 0 
9.12148e-017 -0.286131 0.95819 0 
8 0.182811 -3.28904 1 

0.964619 -1.74443e-033 -0.263649 0 
-1.74443e-033 1 -1.29989e-032 0 
0.263649 1.29989e-032 0.964619 0 
0.527297 2.59978e-032 -2.07076 1 

0.877572 -6.03619e-033 -0.479446 0 
-6.03619e-033 1 -2.36385e-032 0 
0.479446 2.36385e-032 0.877572 0 
3.31972 -8.88837e-033 -2.94625 1 

0.877572 1.2326e-032 -0.479446 0 
0 1 -6.61744e-024 0 
0.479446 0 0.877572 0 
5.07487 -4.95846e-031 -3.90514 1 

0.980882 2.14908e-017 -0.194604 -0 
-2.61733e-017 1 -2.14908e-017 0 
0.194604 2.61733e-017 0.980882 0 
-0.038236 2 -0.389207 1 

0.917812 3.85553e-017 -0.397016 -0 
-5.86856e-017 1 -3.85553e-017 0 
0.397016 5.86856e-017 0.917812 0 
1.67125 2 -1.58806 1 

0.917812 3.85553e-017 -0.397016 0 
-5.86856e-017 1 -3.85553e-017 0 
0.397016 5.86856e-017 0.917812 0 
3.50687 2 -2.38209 1 

0.973798 -2.90911e-018 -0.227416 0 
-2.90912e-018 1 -2.52489e-017 0 
0.227416 2.52489e-017 0.973798 0 
0.0524446 -2 0.454652 1 

0.887823 -1.24544e-017 -0.460185 0 
-1.24544e-017 1 -5.10921e-017 0 
0.460185 5.10921e-017 0.887823 0 
2.34591 -2 0.93016 1 

0.887823 -1.24544e-017 -0.460185 0 
-1.24545e-017 1 -5.10921e-017 0 
0.460185 5.10921e-017 0.887823 0 
4.12156 -2 0.00979042 1 

0.756006 -0.315853 -0.573316 0 
0.57 0.748274 0.339392 0 
0.321799 -0.583373 0.745736 0 
-1.36753 2.46125 5.44286 1 

0.756006 -0.315853 -0.573316 0 
0.57 0.748274 0.339392 0 
0.321799 -0.583373 0.745736 0 
0.00186205 1.88913 4.40438 1 

CLIPNAME#turning
3

0.25
1 0 0 0 
0 1 0 0 
0 0 1 0 
0 0 0 1 

1 0 0 0 
0 1 0 0 
0 0 1 0 
2 0 0 1 

1 -5.79558e-018 -5.70081e-017 0 
-5.79558e-018 0.979541 -0.201245 0 
5.70081e-017 0.201245 0.979541 0 
4 0.0818365 0.804981 1 

1 -3.58007e-017 -1.37845e-016 0 
-3.58007e-017 0.87362 -0.48661 0 
1.37845e-016 0.48661 0.87362 0 
6 0.717364 2.51717 1 

1 -3.58007e-017 -1.37845e-016 0 
8.72956e-017 0.918831 0.394652 0 
1.12528e-016 -0.394652 0.918831 0 
8 0.355674 -4.53292 1 

0.931239 -3.39016e-033 -0.364408 0 
-3.39016e-033 1 -1.79667e-032 0 
0.364408 1.79667e-032 0.931239 0 
0.728816 3.59334e-032 -2.13752 1 

0.765457 -1.15639e-032 -0.643487 0 
-1.15639e-032 1 -3.17264e-032 0 
0.643487 3.17264e-032 0.765457 0 
3.70761 1.0236e-032 -3.52947 1 

0.765457 1.2326e-032 -0.643487 0 
0 1 0 0 
0.643487 0 0.765457 0 
5.23852 -5.25249e-031 -4.81644 1 

0.962748 2.85524e-017 -0.2704 -0 
-3.76764e-017 1 -2.85524e-017 0 
0.2704 3.76764e-017 0.962748 0 
-0.0745037 2 -0.540799 1 

0.841489 4.67525e-017 -0.540274 -0 
-8.55765e-017 1 -4.67525e-017 0 
0.540274 8.55765e-017 0.841489 0 
1.36596 2 -2.1611 1 

0.841489 4.67525e-017 -0.540274 0 
-8.55765e-017 1 -4.67525e-017 0 
0.540274 8.55765e-017 0.841489 0 
3.04893 2 -3.24164 1 

0.949002 -5.66201e-018 -0.315269 0 
-5.66202e-018 1 -3.50028e-017 0 
0.315269 3.50028e-017 0.949002 0 
0.102051 -2 0.630353 1 

0.784727 -2.39007e-017 -0.619842 0 
-2.39007e-017 1 -6.8818e-017 0 
0.619842 6.8818e-017 0.784727 0 
2.65974 -2 1.21671 1 

0.784727 -2.39007e-017 -0.619841 0 
-2.39007e-017 1 -6.8818e-017 0 
0.619841 6.8818e-017 0.784727 0 
4.2292 -2 -0.0229776 1 

0.553595 -0.254978 -0.792792 0 
0.705689 0.64911 0.284006 0 
0.442193 -0.716689 0.539279 0 
-1.87095 3.03077 6.34802 1 

0.553595 -0.254978 -0.792792 0 
0.705689 0.64911 0.284006 0 
0.442193 -0.716689 0.539279 0 
-0.868194 2.56892 4.91199 1 

0.291667
1 0 0 0 
0 1 0 0 
0 0 1 0 
0 0 0 1 

1 0 0 0 
0 1 0 0 
0 0 1 0 
2 0 0 1 

1 -9.33671e-018 -7.21289e-017 0 
-9.33671e-018 0.96704 -0.254623 0 
7.21289e-017 0.254623 0.96704 0 
4 0.131839 1.01849 1 

1 -5.70329e-017 -1.70468e-016 0 
-5.70329e-017 0.798667 -0.601773 0 
1.70468e-016 0.601773 0.798667 0 
6 1.14208 3.10139 1 

1 -5.70329e-017 -1.70468e-016 0 
1.33653e-016 0.870064 0.492938 0 
1.20205e-016 -0.492938 0.870064 0 
8 0.5709 -5.6563 1 

0.889783 -5.4341e-033 -0.456383 0 
-5.4341e-033 1 -2.25014e-032 0 
0.456383 2.25014e-032 0.889783 0 
0.912766 4.50028e-032 -2.22043 1 

0.630811 -1.82024e-032 -0.775937 0 
-1.82024e-032 1 -3.82566e-032 0 
0.775937 3.82566e-032 0.630811 0 
3.97055 2.31998e-032 -4.16909 1 

0.630811 1.2326e-032 -0.775937 0 
0 1 0 0 
0.775937 0 0.630811 0 
5.23217 -5.51467e-031 -5.72096 1 

0.940092 3.44142e-017 -0.340922 -0 
-4.90875e-017 1 -3.44142e-017 0 
0.340922 4.90875e-017 0.940092 0 
-0.119817 2 -0.681844 1 

0.748364 5.04129e-017 -0.663288 -0 
-1.12046e-016 1 -5.04129e-017 0 
0.663288 1.12046e-016 0.748364 0 
0.993456 2 -2.65315 1 

0.748364 5.04129e-017 -0.663288 0 
-1.12046e-016 1 -5.04129e-017 0 
0.663288 1.12046e-016 0.748364 0 
2.49018 2 -3.97973 1 

0.918103 -9.09261e-018 -0.396342 0 
-9.09262e-018 1 -4.40039e-017 0 
0.396342 4.40039e-017 0.918103 0 
0.163863 -2 0.792493 1 

0.660404 -3.77037e-017 -0.750911 0 
-3.77037e-017 1 -8.337e-017 0 
0.750911 8.337e-017 0.660404 0 
3.03387 -2 1.41589 1 

0.660404 -3.77037e-017 -0.750911 0 
-3.77037e-017 1 -8.337e-017 0 
0.750911 8.337e-017 0.660404 0 
4.35468 -2 -0.0859294 1 

0.338668 -0.148151 -0.929169 0 
0.763656 0.620182 0.179457 0 
0.549667 -0.770342 0.323172 0 
-2.31781 3.25389 7.28859 1 

0.338668 -0.148151 -0.929169 0 
0.763656 0.620182 0.179457 0 
0.549667 -0.770342 0.323172 0 
-1.70437 2.98553 5.60554 1 

0.333333
1 0 0 0 
0 1 0 0 
0 0 1 0 
0 0 0 1 

1 0 0 0 
0 1 0 0 
0 0 1 0 
2 0 0 1 

1 -1.29642e-017 -8.47162e-017 0 
-1.29642e-017 0.954235 -0.299058 0 
8.47162e-017 0.299058 0.954235 0 
4 0.18306 1.19623 1 

1 -7.82814e-017 -1.95506e-016 0 
-7.82814e-017 0.723658 -0.690159 0 
1.95506e-016 0.690159 0.723658 0 
6 1.56652 3.54284 1 

1 -7.82814e-017 -1.95506e-016 0 
1.75938e-016 0.82076 0.571273 0 
1.15744e-016 -0.571273 0.82076 0 
8 0.789705 -6.54862 1 

0.847756 -7.50623e-033 -0.530387 0 
-7.50623e-033 1 -2.61501e-032 0 
0.530387 2.61501e-032 0.847756 0 
1.06077 5.23002e-032 -2.30449 1 

0.499526 -2.46753e-032 -0.866299 0 
-2.46753e-032 1 -4.27118e-032 0 
0.866299 4.27118e-032 0.499526 0 
4.09993 2.9579e-032 -4.75818 1 

0.499526 1.2326e-032 -0.866299 0 
0 1 3.30872e-024 0 
0.866299 0 0.499526 0 
5.09898 -5.71819e-031 -6.49078 1 

0.916965 3.86905e-017 -0.398967 -0 
-5.90282e-017 1 -3.86905e-017 0 
0.398967 5.90282e-017 0.916965 0 
-0.166069 2 -0.797934 1 

0.655862 5.03015e-017 -0.754881 -0 
-1.34591e-016 1 -5.03015e-017 0 
0.754881 1.34591e-016 0.655862 0 
0.623448 2 -3.01952 1 

0.655862 5.03015e-017 -0.754881 0 
-1.34591e-016 1 -5.03015e-017 0 
0.754881 1.34591e-016 0.655862 0 
1.93517 2 -4.52929 1 

0.886656 -1.2584e-017 -0.462429 0 
-1.2584e-017 1 -5.13413e-017 0 
0.462429 5.13413e-017 0.886656 0 
0.226769 -2 0.924662 1 

0.538598 -5.12273e-017 -0.842563 0 
-5.12273e-017 1 -9.35457e-017 0 
0.842563 9.35457e-017 0.538598 0 
3.39554 -2 1.51738 1 

0.538598 -5.12273e-017 -0.842563 0 
-5.12273e-017 1 -9.35457e-017 0 
0.842563 9.35457e-017 0.538598 0 
4.47273 -2 -0.167748 1 

0.159537 -0.0552426 -0.985645 0 
0.756857 0.647873 0.0861936 0 
0.633811 -0.759743 0.14517 0 
-2.66687 3.20139 8.05919 1 

0.159537 -0.0552426 -0.985645 0 
0.756857 0.647873 0.0861936 0 
0.633811 -0.759743 0.14517 0 
-2.37789 3.10132 6.27383 1 

CLIPNAME#nodding
3

0.375
1 0 0 0 
0 1 0 0 
0 0 1 0 
0 0 0 1 

1 0 0 0 
0 1 0 0 
0 0 1 0 
2 0 0 1 

1 -1.58078e-017 -9.33063e-017 0 
-1.58078e-017 0.944197 -0.329382 0 
9.33063e-017 0.329382 0.944197 0 
4 0.223213 1.31753 1 

1 -9.45856e-017 -2.11285e-016 0 
-9.45856e-017 0.666102 -0.745861 0 
2.11285e-016 0.745861 0.666102 0 
6 1.89178 3.8164 1 

1 -9.45856e-017 -2.11285e-016 0 
2.05558e-016 0.782571 0.622561 0 
1.0646e-016 -0.622561 0.782571 0 
8 0.96003 -7.13098 1 

0.815121 -9.11526e-033 -0.579291 0 
-9.11526e-033 1 -2.85613e-032 0 
0.579291 2.85613e-032 0.815121 0 
1.15858 5.71225e-032 -2.36976 1 

0.40122 -2.95221e-032 -0.915982 0 
-2.95221e-032 1 -4.51614e-032 0 
0.915982 4.51614e-032 0.40122 0 
4.13558 3.13368e-032 -5.18394 1 

0.40122 1.2326e-032 -0.915982 0 
0 1 -3.30872e-024 0 
0.915982 0 0.40122 0 
4.93803 -5.84758e-031 -7.01591 1 

0.898895 4.12778e-017 -0.438164 -0 
-6.60414e-017 1 -4.12778e-017 0 
0.438164 6.60414e-017 0.898895 0 
-0.20221 2 -0.876328 1 

0.585377 4.85129e-017 -0.810761 -0 
-1.50066e-016 1 -4.85129e-017 0 
0.810761 1.50066e-016 0.585377 0 
0.341507 2 -3.24305 1 

0.585377 4.85129e-017 -0.810761 0 
-1.50066e-016 1 -4.85129e-017 0 
0.810761 1.50066e-016 0.585377 0 
1.51226 2 -4.86457 1 

0.862151 -1.53047e-017 -0.506652 0 
-1.53047e-017 1 -5.62511e-017 0 
0.506652 5.62511e-017 0.862151 0 
0.275787 -2 1.0131 1 

0.446973 -6.13999e-017 -0.894547 0 
-6.13999e-017 1 -9.93173e-017 0 
0.894547 9.93173e-017 0.446973 0 
3.66409 -2 1.54785 1 

0.446973 -6.13999e-017 -0.894548 0 
-6.13999e-017 1 -9.93173e-017 0 
0.894548 9.93173e-017 0.446973 0 
4.55803 -2 -0.241243 1 

0.0454338 -0.00199164 -0.998965 0 
0.724347 0.688713 0.0315708 0 
0.687937 -0.725032 0.0327334 0 
-2.89149 3.048 8.54429 1 

0.0454338 -0.00199164 -0.998965 0 
0.724347 0.688713 0.0315708 0 
0.687937 -0.725032 0.0327334 0 
-2.80919 3.04439 6.73481 1 

0.416667
1 0 0 0 
0 1 0 0 
0 0 1 0 
0 0 0 1 

1 0 0 0 
0 1 0 0 
0 0 1 0 
2 0 0 1 

1 -1.69389e-017 -9.64877e-017 0 
-1.69389e-017 0.940204 -0.340613 0 
9.64877e-017 0.340613 0.940204 0 
4 0.239185 1.36245 1 

1 -1.00985e-016 -2.16831e-016 0 
-1.00985e-016 0.643511 -0.765437 0 
2.16831e-016 0.765437 0.643511 0 
6 2.01934 3.9114 1 

1 -1.00985e-016 -2.16831e-016 0 
2.16506e-016 0.767493 0.641058 0 
1.01679e-016 -0.641058 0.767493 0 
8 1.02749 -7.34056 1 

0.802215 -9.75154e-033 -0.597035 0 
-9.75154e-033 1 -2.94361e-032 0 
0.597035 2.94361e-032 0.802215 0 
1.19407 5.88722e-032 -2.39557 1 

0.363226 -3.13954e-032 -0.931701 0 
-3.13954e-032 1 -4.59364e-032 0 
0.931701 4.59364e-032 0.363226 0 
4.13716 3.14146e-032 -5.34559 1 

0.363226 1.2326e-032 -0.931701 0 
0 1 0 0 
0.931701 0 0.363226 0 
4.86362 -5.8933e-031 -7.209 1 

0.891722 4.21653e-017 -0.452584 -0 
-6.86859e-017 1 -4.21653e-017 0 
0.452584 6.86859e-017 0.891722 0 
-0.216557 2 -0.905169 1 

0.557831 4.749e-017 -0.829954 -0 
-1.5579e-016 1 -4.749e-017 0 
0.829954 1.5579e-016 0.557831 0 
0.231325 2 -3.31982 1 

0.557831 4.749e-017 -0.829954 0 
-1.5579e-016 1 -4.74901e-017 0 
0.829954 1.5579e-016 0.557831 0 
1.34699 2 -4.97973 1 

0.852439 -1.6383e-017 -0.522827 0 
-1.6383e-017 1 -5.80469e-017 0 
0.522827 5.80469e-017 0.852439 0 
0.295214 -2 1.04545 1 

0.411457 -6.5343e-017 -0.911429 0 
-6.5343e-017 1 -1.01192e-016 0 
0.911429 1.01192e-016 0.411457 0 
3.76731 -2 1.55046 1 

0.411457 -6.5343e-017 -0.911429 0 
-6.5343e-017 1 -1.01192e-016 0 
0.911429 1.01192e-016 0.411457 0 
4.59023 -2 -0.272401 1 

0.0059749 0.0144278 -0.999878 0 
0.70696 0.707107 0.0144277 0 
0.707229 -0.70696 -0.00597496 0 
-2.97163 2.96897 8.71102 1 

0.0059749 0.0144278 -0.999878 0 
0.70696 0.707107 0.0144277 0 
0.707229 -0.70696 -0.00597496 0 
-2.96081 2.9951 6.89989 1 

0.458333
1 0 0 0 
0 1 0 0 
0 0 1 0 
0 0 0 1 

1 0 0 0 
0 1 0 0 
0 0 1 0 
2 0 0 1 

1 -1.36259e-017 -8.67994e-017 0 
-1.36259e-017 0.951899 -0.306412 0 
8.67994e-017 0.306412 0.951899 0 
4 0.192404 1.22565 1 

1 -8.21031e-017 -1.99436e-016 0 
-8.21031e-017 0.710167 -0.704034 0 
1.99436e-016 0.704034 0.710167 0 
6 1.6428 3.61138 1 

1 -8.21031e-017 -1.99436e-016 0 
1.83102e-016 0.811837 0.583884 0 
1.13971e-016 -0.583884 0.811837 0 
8 0.829433 -6.69196 1 

0.840137 -7.88186e-033 -0.542374 0 
-7.88186e-033 1 -2.67411e-032 0 
0.542374 2.67411e-032 0.840137 0 
1.08475 5.34822e-032 -2.31973 1 

0.476291 -2.58209e-032 -0.879288 0 
-2.58209e-032 1 -4.33522e-032 0 
0.879288 4.33522e-032 0.476291 0 
4.11268 3.02073e-032 -4.85986 1 

0.476291 1.2326e-032 -0.879288 0 
0 1 0 0 
0.879288 0 0.476291 0 
5.06526 -5.75033e-031 -6.61843 1 

0.912756 3.93432e-017 -0.408506 -0 
-6.07119e-017 1 -3.93432e-017 0 
0.408506 6.07119e-017 0.912756 0 
-0.174489 2 -0.817012 1 

0.639301 4.99971e-017 -0.768956 -0 
-1.38343e-016 1 -4.99971e-017 0 
0.768956 1.38343e-016 0.639301 0 
0.557205 2 -3.07583 1 

0.639301 4.99971e-017 -0.768956 0 
-1.38343e-016 1 -4.99971e-017 0 
0.768956 1.38343e-016 0.639301 0 
1.83581 2 -4.61374 1 

0.880763 0.0177791 -0.473223 0 
-0.0201369 0.999797 8.37278e-005 0 
0.473128 0.00945552 0.880943 0 
0.238557 -2.03556 0.946249 1 

0.514504 0.0616079 -0.855272 0 
-0.0722574 0.996983 0.028348 0 
0.854438 0.0472146 0.517404 0 
3.46835 -2.17499 1.52491 1 

0.514504 0.0616079 -0.855272 0 
-0.0722574 0.996983 0.028348 0 
0.854438 0.0472145 0.517404 0 
4.49736 -2.05178 -0.185638 1 

0.131011 -0.0412761 -0.990521 0 
0.750979 0.656392 0.0719755 0 
0.647199 -0.75329 0.116992 0 
-2.72241 3.17257 8.18087 1 

0.131011 -0.0412761 -0.990521 0 
0.750979 0.656392 0.0719755 0 
0.647199 -0.75329 0.116992 0 
-2.4851 3.09781 6.38669 1 

CLIPNAME#jumping
11

1.04167
1 0 0 0 
0 1 0 0 
0 0 1 0 
0 0 0 1 

1 0 0 0 
0 1 0 0 
0 0 1 0 
2 0 0 1 

1 0 0 0 
0 1 0 0 
0 0 1 0 
4 0 0 1 

1 0 0 0 
0 1 0 0 
0 0 1 0 
6 0 0 1 

1 0 0 0 
0 1 0 0 
0 0 1 0 
8 0 0 1 

1 0 0 0 
0 1 0 0 
0 0 1 0 
0 0 -2 1 

1 0 0 0 
0 1 0 0 
0 0 1 0 
2 -7.39557e-032 -2 1 

1 1.2326e-032 0 0 
1.2326e-032 1 0 0 
0 0 1 0 
4 -4.19082e-031 -2 1 

1 0 0 -0 
0 1 0 0 
0 0 1 0 
0 2 0 1 

1 0 0 -0 
0 1 0 0 
0 0 1 0 
2 2 0 1 

1 1.49976e-032 0 0 
1.49976e-032 1 0 0 
0 0 1 0 
4 2 1.97215e-031 1 

1 3.46745e-025 0 0 
-1.28879e-023 1 5.16988e-026 0 
0 0 1 0 
0 -2 -0.000175584 1 

1 5.9393e-025 0 0 
-1.2641e-023 1 5.16988e-026 0 
0 0 1 0 
2 -2 -0.000175584 1 

1 0 -2.29589e-041 0 
0 1 0 0 
-2.29589e-041 0 1 0 
4 -2 -0.000175584 1 

1 0 0 0 
-2.11758e-022 1 1.32349e-023 0 
0 9.92617e-024 1 0 
0 -0.0739175 4.30569 1 

1 -1.15556e-033 0 0 
-2.11758e-022 1 1.32349e-023 0 
0 1.32349e-023 1 0 
1.81136 -0.0739175 4.30569 1 

1.08333
1 0 0 0 
0 1 0 0 
0 0 1 0 
0 0.149126 0 1 

1 0 0 0 
0 1 0 0 
0 0 1 0 
2 0.149126 0 1 

1 0 0 0 
0 1 0 0 
0 0 1 0 
4 0.149126 0 1 

0.99649 0.0837139 0 0 
-0.0837139 0.99649 0 0 
0 0 1 0 
6.50228 0.170187 0 1 

0.99649 0.0837139 0 0 
-0.0837139 0.99649 0 0 
0 0 1 0 
8.49526 0.337615 0 1 

1 0 0 0 
0 1 0 0 
0 0 1 0 
0 0.149126 -2 1 

1 0 0 0 
0 1 0 0 
0 0 1 0 
2 0.149126 -2 1 

1 1.2326e-032 0 0 
1.2326e-032 1 0 0 
0 0 1 0 
4 0.149126 -2 1 

1 0 0 -0 
0 1 0 0 
0 0 1 0 
0 2.14913 0 1 

1 0 0 -0 
0 1 0 0 
0 0 1 0 
2 2.14913 0 1 

1 1.49976e-032 0 0 
1.49976e-032 1 0 0 
0 0 1 0 
4 2.14913 1.97215e-031 1 

1 3.46745e-025 0 0 
-1.28879e-023 1 5.16988e-026 0 
0 0 1 0 
0 -1.85087 -0.000175584 1 

1 5.9393e-025 0 0 
-1.2641e-023 1 5.16988e-026 0 
0 0 1 0 
2 -1.85087 -0.000175584 1 

1 0 -2.29589e-041 0 
0 1 0 0 
-2.29589e-041 0 1 0 
4 -1.85087 -0.000175584 1 

1 0 0 0 
-2.11758e-022 1 1.32349e-023 0 
0 9.92617e-024 1 0 
0 0.0752083 4.30569 1 

1 -1.15556e-033 0 0 
-2.11758e-022 1 1.32349e-023 0 
0 1.32349e-023 1 0 
1.81136 0.0752083 4.30569 1 

1.125
1 0 0 0 
0 1 0 0 
0 0 1 0 
0 0.504732 0 1 

1 0 0 0 
0 1 0 0 
0 0 1 0 
2 0.504732 0 1 

1 0 0 0 
0 1 0 0 
0 0 1 0 
4 0.504732 0 1 

0.960035 0.279881 0 0 
-0.279881 0.960035 0 0 
0 0 1 0 
7.67929 0.744524 0 1 

0.960035 0.279881 0 0 
-0.279881 0.960035 0 0 
0 0 1 0 
9.59936 1.30429 0 1 

1 0 0 0 
0 1 0 0 
0 0 1 0 
0 0.504732 -2 1 

1 0 0 0 
0 1 0 0 
0 0 1 0 
2 0.504732 -2 1 

1 1.2326e-032 0 0 
1.2326e-032 1 0 0 
0 0 1 0 
4 0.504732 -2 1 

1 0 0 -0 
0 1 0 0 
0 0 1 0 
0 2.50473 0 1 

1 0 0 -0 
0 1 0 0 
0 0 1 0 
2 2.50473 0 1 

1 1.49976e-032 0 0 
1.49976e-032 1 0 0 
0 0 1 0 
4 2.50473 1.97215e-031 1 

1 3.46745e-025 0 0 
-1.28879e-023 1 5.16988e-026 0 
0 0 1 0 
0 -1.49527 -0.000175584 1 

1 5.9393e-025 0 0 
-1.2641e-023 1 5.16988e-026 0 
0 0 1 0 
2 -1.49527 -0.000175584 1 

1 0 -2.29589e-041 0 
0 1 0 0 
-2.29589e-041 0 1 0 
4 -1.49527 -0.000175584 1 

1 0 0 0 
-2.11758e-022 1 1.32349e-023 0 
0 9.92617e-024 1 0 
0 0.430815 4.30569 1 

1 -1.15556e-033 0 0 
-2.11758e-022 1 1.32349e-023 0 
0 1.32349e-023 1 0 
1.81136 0.430815 4.30569 1 

1.16667
1 0 0 0 
0 1 0 0 
0 0 1 0 
0 0.929165 0 1 

1 0 0 0 
0 1 0 0 
0 0 1 0 
2 0.929165 0 1 

1 0 0 0 
0 1 0 0 
0 0 1 0 
4 0.929165 0 1 

0.866718 0.498798 0 0 
-0.498798 0.866718 0 0 
0 0 1 0 
8.99279 1.72885 0 1 

0.866718 0.498798 0 0 
-0.498798 0.866718 0 0 
0 0 1 0 
10.7262 2.72645 0 1 

1 0 0 0 
0 1 0 0 
0 0 1 0 
0 0.929165 -2 1 

1 0 0 0 
0 1 0 0 
0 0 1 0 
2 0.929165 -2 1 

1 1.2326e-032 0 0 
1.2326e-032 1 0 0 
0 0 1 0 
4 0.929165 -2 1 

1 0 0 -0 
0 1 0 0 
0 0 1 0 
0 2.92916 0 1 

1 0 0 -0 
0 1 0 0 
0 0 1 0 
2 2.92916 0 1 

1 1.49976e-032 0 0 
1.49976e-032 1 0 0 
0 0 1 0 
4 2.92916 1.97215e-031 1 

1 3.46745e-025 0 0 
-1.28879e-023 1 5.16988e-026 0 
0 0 1 0 
0 -1.07084 -0.000175584 1 

1 5.9393e-025 0 0 
-1.2641e-023 1 5.16988e-026 0 
0 0 1 0 
2 -1.07084 -0.000175584 1 

1 0 -2.29589e-041 0 
0 1 0 0 
-2.29589e-041 0 1 0 
4 -1.07084 -0.000175584 1 

1 0 0 0 
-2.11758e-022 1 1.32349e-023 0 
0 9.92617e-024 1 0 
0 0.855248 4.30569 1 

1 -1.15556e-033 0 0 
-2.11758e-022 1 1.32349e-023 0 
0 1.32349e-023 1 0 
1.81136 0.855248 4.30569 1 

1.20833
1 0 0 0 
0 1 0 0 
0 0 1 0 
0 1.28477 0 1 

1 0 0 0 
0 1 0 0 
0 0 1 0 
2 1.28477 0 1 

1 0 0 0 
0 1 0 0 
0 0 1 0 
4 1.28477 0 1 

0.750439 0.66094 0 0 
-0.66094 0.750439 0 0 
0 0 1 0 
9.96564 2.78214 0 1 

0.750439 0.66094 0 0 
-0.66094 0.750439 0 0 
0 0 1 0 
11.4665 4.10402 0 1 

1 0 0 0 
0 1 0 0 
0 0 1 0 
0 1.28477 -2 1 

1 0 0 0 
0 1 0 0 
0 0 1 0 
2 1.28477 -2 1 

1 1.2326e-032 0 0 
1.2326e-032 1 0 0 
0 0 1 0 
4 1.28477 -2 1 

1 0 0 -0 
0 1 0 0 
0 0 1 0 
0 3.28477 0 1 

1 0 0 -0 
0 1 0 0 
0 0 1 0 
2 3.28477 0 1 

1 1.49976e-032 0 0 
1.49976e-032 1 0 0 
0 0 1 0 
4 3.28477 1.97215e-031 1 

1 3.46745e-025 0 0 
-1.28879e-023 1 5.16988e-026 0 
0 0 1 0 
0 -0.715228 -0.000175584 1 

1 5.9393e-025 0 0 
-1.2641e-023 1 5.16988e-026 0 
0 0 1 0 
2 -0.715228 -0.000175584 1 

1 0 -2.29589e-041 0 
0 1 0 0 
-2.29589e-041 0 1 0 
4 -0.715228 -0.000175584 1 

1 0 0 0 
-2.11758e-022 1 1.32349e-023 0 
0 9.92617e-024 1 0 
0 1.21085 4.30569 1 

1 -1.15556e-033 0 0 
-2.11758e-022 1 1.32349e-023 0 
0 1.32349e-023 1 0 
1.81136 1.21085 4.30569 1 

1.25
1 0 0 0 
0 1 0 0 
0 0 1 0 
0 1.4339 0 1 

1 0 0 0 
0 1 0 0 
0 0 1 0 
2 1.4339 0 1 

1 0 0 0 
0 1 0 0 
0 0 1 0 
4 1.4339 0 1 

0.692475 0.721442 0 0 
-0.721442 0.692475 0 0 
0 0 1 0 
10.3286 3.27904 0 1 

0.692475 0.721442 0 0 
-0.721442 0.692475 0 0 
0 0 1 0 
11.7136 4.72193 0 1 

1 0 0 0 
0 1 0 0 
0 0 1 0 
0 1.4339 -2 1 

1 0 0 0 
0 1 0 0 
0 0 1 0 
2 1.4339 -2 1 

1 1.2326e-032 0 0 
1.2326e-032 1 0 0 
0 0 1 0 
4 1.4339 -2 1 

1 0 0 -0 
0 1 0 0 
0 0 1 0 
0 3.4339 0 1 

1 0 0 -0 
0 1 0 0 
0 0 1 0 
2 3.4339 0 1 

1 1.49976e-032 0 0 
1.49976e-032 1 0 0 
0 0 1 0 
4 3.4339 1.97215e-031 1 

1 3.46745e-025 0 0 
-1.28879e-023 1 5.16988e-026 0 
0 0 1 0 
0 -0.566103 -0.000175584 1 

1 5.9393e-025 0 0 
-1.2641e-023 1 5.16988e-026 0 
0 0 1 0 
2 -0.566103 -0.000175584 1 

1 0 -2.29589e-041 0 
0 1 0 0 
-2.29589e-041 0 1 0 
4 -0.566103 -0.000175584 1 

1 0 0 0 
-2.11758e-022 1 1.32349e-023 0 
0 9.92617e-024 1 0 
0 1.35998 4.30569 1 

1 -1.15556e-033 0 0 
-2.11758e-022 1 1.32349e-023 0 
0 1.32349e-023 1 0 
1.81136 1.35998 4.30569 1 

1.29167
1 0 0 0 
0 1 0 0 
0 0 1 0 
0 1.28477 0 1 

1 0 0 0 
0 1 0 0 
0 0 1 0 
2 1.28477 0 1 

1 0 0 0 
0 1 0 0 
0 0 1 0 
4 1.28477 0 1 

0.750439 0.66094 0 0 
-0.66094 0.750439 0 0 
0 0 1 0 
9.96564 2.78214 0 1 

0.750439 0.66094 0 0 
-0.66094 0.750439 0 0 
0 0 1 0 
11.4665 4.10402 0 1 

1 0 0 0 
0 1 0 0 
0 0 1 0 
0 1.28477 -2 1 

1 0 0 0 
0 1 0 0 
0 0 1 0 
2 1.28477 -2 1 

1 1.2326e-032 0 0 
1.2326e-032 1 0 0 
0 0 1 0 
4 1.28477 -2 1 

1 0 0 -0 
0 1 0 0 
0 0 1 0 
0 3.28477 0 1 

1 0 0 -0 
0 1 0 0 
0 0 1 0 
2 3.28477 0 1 

1 1.49976e-032 0 0 
1.49976e-032 1 0 0 
0 0 1 0 
4 3.28477 1.97215e-031 1 

1 3.46745e-025 0 0 
-1.28879e-023 1 5.16988e-026 0 
0 0 1 0 
0 -0.715228 -0.000175584 1 

1 5.9393e-025 0 0 
-1.2641e-023 1 5.16988e-026 0 
0 0 1 0 
2 -0.715228 -0.000175584 1 

1 0 -2.29589e-041 0 
0 1 0 0 
-2.29589e-041 0 1 0 
4 -0.715228 -0.000175584 1 

1 0 0 0 
-2.11758e-022 1 1.32349e-023 0 
0 9.92617e-024 1 0 
0 1.21085 4.30569 1 

1 -1.15556e-033 0 0 
-2.11758e-022 1 1.32349e-023 0 
0 1.32349e-023 1 0 
1.81136 1.21085 4.30569 1 

1.33333
1 0 0 0 
0 1 0 0 
0 0 1 0 
0 0.929165 0 1 

1 0 0 0 
0 1 0 0 
0 0 1 0 
2 0.929165 0 1 

1 0 0 0 
0 1 0 0 
0 0 1 0 
4 0.929165 0 1 

0.866718 0.498798 0 0 
-0.498798 0.866718 0 0 
0 0 1 0 
8.99279 1.72885 0 1 

0.866718 0.498798 0 0 
-0.498798 0.866718 0 0 
0 0 1 0 
10.7262 2.72645 0 1 

1 0 0 0 
0 1 0 0 
0 0 1 0 
0 0.929165 -2 1 

1 0 0 0 
0 1 0 0 
0 0 1 0 
2 0.929165 -2 1 

1 1.2326e-032 0 0 
1.2326e-032 1 0 0 
0 0 1 0 
4 0.929165 -2 1 

1 0 0 -0 
0 1 0 0 
0 0 1 0 
0 2.92916 0 1 

1 0 0 -0 
0 1 0 0 
0 0 1 0 
2 2.92916 0 1 

1 1.49976e-032 0 0 
1.49976e-032 1 0 0 
0 0 1 0 
4 2.92916 1.97215e-031 1 

1 3.46745e-025 0 0 
-1.28879e-023 1 5.16988e-026 0 
0 0 1 0 
0 -1.07084 -0.000175584 1 

1 5.9393e-025 0 0 
-1.2641e-023 1 5.16988e-026 0 
0 0 1 0 
2 -1.07084 -0.000175584 1 

1 0 -2.29589e-041 0 
0 1 0 0 
-2.29589e-041 0 1 0 
4 -1.07084 -0.000175584 1 

1 0 0 0 
-2.11758e-022 1 1.32349e-023 0 
0 9.92617e-024 1 0 
0 0.855248 4.30569 1 

1 -1.15556e-033 0 0 
-2.11758e-022 1 1.32349e-023 0 
0 1.32349e-023 1 0 
1.81136 0.855248 4.30569 1 

1.375
1 0 0 0 
0 1 0 0 
0 0 1 0 
0 0.504732 0 1 

1 0 0 0 
0 1 0 0 
0 0 1 0 
2 0.504732 0 1 

1 0 0 0 
0 1 0 0 
0 0 1 0 
4 0.504732 0 1 

0.960035 0.279881 0 0 
-0.279881 0.960035 0 0 
0 0 1 0 
7.67929 0.744524 0 1 

0.960035 0.279881 0 0 
-0.279881 0.960035 0 0 
0 0 1 0 
9.59936 1.30429 0 1 

1 0 0 0 
0 1 0 0 
0 0 1 0 
0 0.504732 -2 1 

1 0 0 0 
0 1 0 0 
0 0 1 0 
2 0.504732 -2 1 

1 1.2326e-032 0 0 
1.2326e-032 1 0 0 
0 0 1 0 
4 0.504732 -2 1 

1 0 0 -0 
0 1 0 0 
0 0 1 0 
0 2.50473 0 1 

1 0 0 -0 
0 1 0 0 
0 0 1 0 
2 2.50473 0 1 

1 1.49976e-032 0 0 
1.49976e-032 1 0 0 
0 0 1 0 
4 2.50473 1.97215e-031 1 

1 3.46745e-025 0 0 
-1.28879e-023 1 5.16988e-026 0 
0 0 1 0 
0 -1.49527 -0.000175584 1 

1 5.9393e-025 0 0 
-1.2641e-023 1 5.16988e-026 0 
0 0 1 0 
2 -1.49527 -0.000175584 1 

1 0 -2.29589e-041 0 
0 1 0 0 
-2.29589e-041 0 1 0 
4 -1.49527 -0.000175584 1 

1 0 0 0 
-2.11758e-022 1 1.32349e-023 0 
0 9.92617e-024 1 0 
0 0.430815 4.30569 1 

1 -1.15556e-033 0 0 
-2.11758e-022 1 1.32349e-023 0 
0 1.32349e-023 1 0 
1.81136 0.430815 4.30569 1 

1.41667
1 0 0 0 
0 1 0 0 
0 0 1 0 
0 0.149126 0 1 

1 0 0 0 
0 1 0 0 
0 0 1 0 
2 0.149126 0 1 

1 0 0 0 
0 1 0 0 
0 0 1 0 
4 0.149126 0 1 

0.99649 0.0837139 0 0 
-0.0837139 0.99649 0 0 
0 0 1 0 
6.50228 0.170187 0 1 

0.99649 0.0837139 0 0 
-0.0837139 0.99649 0 0 
0 0 1 0 
8.49526 0.337615 0 1 

1 0 0 0 
0 1 0 0 
0 0 1 0 
0 0.149126 -2 1 

1 0 0 0 
0 1 0 0 
0 0 1 0 
2 0.149126 -2 1 

1 1.2326e-032 0 0 
1.2326e-032 1 0 0 
0 0 1 0 
4 0.149126 -2 1 

1 0 0 -0 
0 1 0 0 
0 0 1 0 
0 2.14913 0 1 

1 0 0 -0 
0 1 0 0 
0 0 1 0 
2 2.14913 0 1 

1 1.49976e-032 0 0 
1.49976e-032 1 0 0 
0 0 1 0 
4 2.14913 1.97215e-031 1 

1 3.46745e-025 0 0 
-1.28879e-023 1 5.16988e-026 0 
0 0 1 0 
0 -1.85087 -0.000175584 1 

1 5.9393e-025 0 0 
-1.2641e-023 1 5.16988e-026 0 
0 0 1 0 
2 -1.85087 -0.000175584 1 

1 0 -2.29589e-041 0 
0 1 0 0 
-2.29589e-041 0 1 0 
4 -1.85087 -0.000175584 1 

1 0 0 0 
-2.11758e-022 1 1.32349e-023 0 
0 9.92617e-024 1 0 
0 0.0752083 4.30569 1 

1 -1.15556e-033 0 0 
-2.11758e-022 1 1.32349e-023 0 
0 1.32349e-023 1 0 
1.81136 0.0752083 4.30569 1 

1.45833
1 0 0 0 
0 1 0 0 
0 0 1 0 
0 0 0 1 

1 0 0 0 
0 1 0 0 
0 0 1 0 
2 0 0 1 

1 0 0 0 
0 1 0 0 
0 0 1 0 
4 0 0 1 

1 0 0 0 
0 1 0 0 
0 0 1 0 
6 0 0 1 

1 0 0 0 
0 1 0 0 
0 0 1 0 
8 0 0 1 

1 0 0 0 
0 1 0 0 
0 0 1 0 
0 0 -2 1 

1 0 0 0 
0 1 0 0 
0 0 1 0 
2 -7.39557e-032 -2 1 

1 1.2326e-032 0 0 
1.2326e-032 1 0 0 
0 0 1 0 
4 -4.19082e-031 -2 1 

1 0 0 -0 
0 1 0 0 
0 0 1 0 
0 2 0 1 

1 0 0 -0 
0 1 0 0 
0 0 1 0 
2 2 0 1 

1 1.49976e-032 0 0 
1.49976e-032 1 0 0 
0 0 1 0 
4 2 1.97215e-031 1 

1 3.46745e-025 0 0 
-1.28879e-023 1 5.16988e-026 0 
0 0 1 0 
0 -2 -0.000175584 1 

1 5.9393e-025 0 0 
-1.2641e-023 1 5.16988e-026 0 
0 0 1 0 
2 -2 -0.000175584 1 

1 0 -2.29589e-041 0 
0 1 0 0 
-2.29589e-041 0 1 0 
4 -2 -0.000175584 1 

1 0 0 0 
-2.11758e-022 1 1.32349e-023 0 
0 9.92617e-024 1 0 
0 -0.0739175 4.30569 1 

1 -1.15556e-033 0 0 
-2.11758e-022 1 1.32349e-023 0 
0 1.32349e-023 1 0 
1.81136 -0.0739175 4.30569 1 

