1
BAKED_SKELETAL

19

CLIPNAME#idle
21

0.416667
1 0 0 0 
0 0.956334 0.292276 0 
0 -0.292276 0.956334 0 
0 -4.4673 -4.19931 1 

1 0 0 0 
0 0.956334 0.292276 0 
0 -0.292276 0.956334 0 
0 -4.4673 -4.19931 1 

1 0 0 0 
0 0.956334 0.292276 0 
0 -0.292276 0.956334 0 
0 -4.4673 -4.19931 1 

0.935544 -0.122139 -0.331421 0 
0.011334 0.948208 -0.317449 0 
0.353029 0.293231 0.888474 0 
-0.109847 -4.07588 8.76526 1 

0.935544 -0.122139 -0.331421 0 
0.011334 0.948208 -0.317449 0 
0.353029 0.293231 0.888474 0 
-0.109847 -4.07588 8.76526 1 

0.273981 -0.747057 -0.605673 0 
0.95681 0.148079 0.250176 0 
-0.0972086 -0.648057 0.755362 0 
-16.6053 12.9185 -1.89443 1 

0.177372 -0.979172 -0.0987984 0 
0.95681 0.148079 0.250176 0 
-0.230335 -0.138906 0.963146 0 
-16.005 15.0675 -5.46226 1 

0.177372 -0.979172 -0.0987984 0 
0.95681 0.148079 0.250176 0 
-0.230335 -0.138906 0.963146 0 
-16.005 15.0675 -5.46226 1 

0.557282 0.769146 -0.312813 0 
-0.750489 0.627773 0.20656 0 
0.35525 0.11965 0.927082 0 
13.5521 4.05941 -3.35781 1 

-0.425052 -0.21917 -0.878234 0 
-0.750489 0.627773 0.20656 0 
0.50606 0.746904 -0.431321 0 
6.38904 -2.84502 -8.39939 1 

-0.425052 -0.21917 -0.878234 0 
-0.750489 0.627773 0.20656 0 
0.50606 0.746904 -0.431321 0 
6.38904 -2.84502 -8.39939 1 

0.866772 0.251931 -0.430392 0 
-0.376344 0.896692 -0.233042 0 
0.327218 0.363969 0.872041 0 
4.95982 -4.21021 3.19733 1 

0.866772 0.251931 -0.430392 0 
0.487417 -0.245379 0.837982 0 
0.105505 -0.93612 -0.335483 0 
-0.466728 3.232 -3.37494 1 

0.866772 0.251931 -0.430392 0 
0.40032 0.16318 0.901729 0 
0.297405 -0.953888 0.0405867 0 
-0.281508 2.61902 -3.36074 1 

0.866772 0.251931 -0.430392 0 
0.40032 0.16318 0.901729 0 
0.297405 -0.953888 0.0405867 0 
-0.281508 2.61902 -3.36074 1 

0.942358 0.159865 0.293945 0 
0.223482 0.353103 -0.908501 0 
-0.249031 0.921825 0.297022 0 
-2.89667 3.30274 11.5442 1 

0.942358 0.159865 0.293945 0 
-0.278568 0.861497 0.424527 0 
-0.185366 -0.48194 0.856372 0 
0.268385 0.322309 3.0183 1 

0.942358 0.159865 0.293945 0 
-0.144864 0.986809 -0.072269 0 
-0.301621 0.0255212 0.953086 0 
0.0357566 0.283017 3.78545 1 

0.942358 0.159865 0.293945 0 
-0.144864 0.986809 -0.072269 0 
-0.301621 0.0255212 0.953086 0 
0.0357566 0.283017 3.78545 1 

0.458333
1 0 0 0 
0 0.956334 0.292276 0 
0 -0.292276 0.956334 0 
0 -4.4673 -4.18904 1 

1 0 0 0 
0 0.956334 0.292276 0 
0 -0.292276 0.956334 0 
0 -4.4673 -4.18904 1 

1 0 0 0 
0 0.956334 0.292276 0 
0 -0.292276 0.956334 0 
0 -4.4673 -4.18904 1 

0.952517 -0.124525 -0.277856 0 
0.0307274 0.947201 -0.319165 0 
0.302929 0.295472 0.906052 0 
-0.541691 -4.0536 8.81864 1 

0.952517 -0.124525 -0.277856 0 
0.0307274 0.947201 -0.319165 0 
0.302929 0.295472 0.906052 0 
-0.541691 -4.05359 8.81864 1 

0.254776 -0.747415 -0.613564 0 
0.96097 0.124946 0.24683 0 
-0.107822 -0.652503 0.750076 0 
-16.6398 13.3638 -1.80118 1 

0.142404 -0.988328 -0.0541226 0 
0.96097 0.124946 0.24683 0 
-0.237186 -0.0871598 0.967546 0 
-15.9198 15.6257 -5.74914 1 

0.142404 -0.988328 -0.0541226 0 
0.96097 0.124946 0.24683 0 
-0.237186 -0.0871598 0.967546 0 
-15.9198 15.6257 -5.74914 1 

0.513959 0.772463 -0.373025 0 
-0.76757 0.608281 0.202064 0 
0.382991 0.18247 0.905551 0 
13.777 4.4618 -3.42317 1 

-0.442025 -0.274049 -0.854114 0 
-0.76757 0.608281 0.202064 0 
0.464166 0.74491 -0.479227 0 
6.76443 -2.91385 -7.85834 1 

-0.442025 -0.274049 -0.854114 0 
-0.76757 0.608281 0.202064 0 
0.464166 0.74491 -0.479227 0 
6.76443 -2.91385 -7.85835 1 

0.866437 0.253039 -0.430416 0 
-0.376739 0.897051 -0.231013 0 
0.32765 0.362313 0.872568 0 
4.96536 -4.21648 3.1819 1 

0.866437 0.253039 -0.430416 0 
0.487886 -0.245913 0.837553 0 
0.106089 -0.935681 -0.336522 0 
-0.466684 3.23103 -3.37456 1 

0.866437 0.253039 -0.430416 0 
0.400506 0.162513 0.901767 0 
0.29813 -0.953709 0.0394633 0 
-0.281001 2.61817 -3.36108 1 

0.866437 0.253039 -0.430416 0 
0.400506 0.162513 0.901767 0 
0.29813 -0.953709 0.0394633 0 
-0.281001 2.61817 -3.36108 1 

0.934076 0.170194 0.313905 0 
0.23859 0.356569 -0.90329 0 
-0.265664 0.918636 0.292456 0 
-3.09953 3.27572 11.5209 1 

0.934076 0.170194 0.313905 0 
-0.297426 0.857287 0.420233 0 
-0.197585 -0.485893 0.851392 0 
0.279634 0.343965 3.05521 1 

0.934076 0.170194 0.313905 0 
-0.154838 0.985208 -0.0734176 0 
-0.321757 0.0199731 0.946612 0 
0.0314945 0.300331 3.81725 1 

0.934076 0.170194 0.313905 0 
-0.154838 0.985208 -0.0734176 0 
-0.321757 0.0199731 0.946612 0 
0.0314946 0.300331 3.81725 1 

0.5
1 0 0 0 
0 0.956334 0.292276 0 
0 -0.292276 0.956334 0 
0 -4.4673 -4.16117 1 

1 0 0 0 
0 0.956334 0.292276 0 
0 -0.292276 0.956334 0 
0 -4.4673 -4.16117 1 

1 0 0 0 
0 0.956334 0.292276 0 
0 -0.292276 0.956334 0 
0 -4.4673 -4.16117 1 

0.981923 -0.127126 -0.140235 0 
0.077585 0.94611 -0.314415 0 
0.172648 0.297851 0.93887 0 
-1.58854 -4.02946 8.75756 1 

0.981923 -0.127126 -0.140235 0 
0.077585 0.94611 -0.314415 0 
0.172648 0.297851 0.93887 0 
-1.58854 -4.02946 8.75755 1 

0.248169 -0.737877 -0.627654 0 
0.962811 0.116444 0.243794 0 
-0.106803 -0.664815 0.739334 0 
-16.6578 13.4984 -1.68232 1 

0.112977 -0.993197 0.0282043 0 
0.962811 0.116444 0.243794 0 
-0.24542 -0.000387818 0.969417 0 
-15.7771 15.9513 -6.33189 1 

0.112977 -0.993197 0.0282043 0 
0.962811 0.116444 0.243794 0 
-0.24542 -0.000387818 0.969417 0 
-15.7771 15.9513 -6.33189 1 

0.489303 0.766548 -0.415916 0 
-0.773532 0.601716 0.198964 0 
0.402778 0.22437 0.887371 0 
13.8326 4.58321 -3.45175 1 

-0.45855 -0.314677 -0.83109 0 
-0.773532 0.601715 0.198964 0 
0.43747 0.734109 -0.51933 0 
6.85048 -3.08246 -7.41378 1 

-0.45855 -0.314677 -0.83109 0 
-0.773532 0.601715 0.198964 0 
0.43747 0.734109 -0.51933 0 
6.85048 -3.08246 -7.41378 1 

0.865521 0.256044 -0.430481 0 
-0.377815 0.897997 -0.225515 0 
0.328829 0.35783 0.873973 0 
4.98042 -4.23314 3.1401 1 

0.865521 0.256044 -0.430481 0 
0.489159 -0.247326 0.836393 0 
0.107684 -0.93449 -0.339312 0 
-0.466551 3.22834 -3.37354 1 

0.865521 0.256044 -0.430481 0 
0.401007 0.160734 0.901864 0 
0.30011 -0.953208 0.0364434 0 
-0.279607 2.61582 -3.36199 1 

0.865521 0.256044 -0.430481 0 
0.401007 0.160734 0.901864 0 
0.30011 -0.953208 0.0364434 0 
-0.279607 2.61582 -3.36199 1 

0.926975 0.177634 0.330399 0 
0.250933 0.361065 -0.898145 0 
-0.278836 0.915466 0.290124 0 
-3.26584 3.23103 11.5103 1 

0.926975 0.177634 0.330399 0 
-0.312889 0.851982 0.419794 0 
-0.206924 -0.492517 0.845346 0 
0.288561 0.361849 3.08052 1 

0.926975 0.177634 0.330399 0 
-0.163365 0.984029 -0.0707078 0 
-0.337682 0.0115689 0.941189 0 
0.0281912 0.311559 3.83806 1 

0.926975 0.177634 0.330399 0 
-0.163365 0.984029 -0.0707078 0 
-0.337682 0.0115689 0.941189 0 
0.0281911 0.311559 3.83806 1 

0.541667
1 0 0 0 
0 0.956334 0.292276 0 
0 -0.292276 0.956334 0 
0 -4.4673 -4.1201 1 

1 0 0 0 
0 0.956334 0.292276 0 
0 -0.292276 0.956334 0 
0 -4.4673 -4.1201 1 

1 0 0 0 
0 0.956334 0.292276 0 
0 -0.292276 0.956334 0 
0 -4.4673 -4.1201 1 

0.991203 -0.125305 0.0426126 0 
0.13229 0.947842 -0.289989 0 
-0.00405305 0.293076 0.956081 0 
-2.81988 -4.06816 8.28466 1 

0.991203 -0.125305 0.0426126 0 
0.13229 0.947842 -0.289989 0 
-0.00405305 0.293076 0.956081 0 
-2.81988 -4.06816 8.28466 1 

0.249018 -0.726844 -0.640069 0 
0.963394 0.118133 0.240659 0 
-0.0993083 -0.676567 0.729654 0 
-16.6684 13.4329 -1.55227 1 

0.0905069 -0.988294 0.122815 0 
0.963394 0.118133 0.240659 0 
-0.25235 0.0965376 0.962808 0 
-15.6278 16.0237 -6.98996 1 

0.0905069 -0.988294 0.122815 0 
0.963394 0.118133 0.240659 0 
-0.25235 0.0965376 0.962808 0 
-15.6278 16.0237 -6.98996 1 

0.480497 0.755716 -0.444991 0 
-0.770843 0.605911 0.196654 0 
0.41824 0.248527 0.873676 0 
13.7601 4.47789 -3.44518 1 

-0.47597 -0.342649 -0.809966 0 
-0.770843 0.605911 0.196654 0 
0.423384 0.717958 -0.552524 0 
6.69564 -3.34005 -7.04866 1 

-0.47597 -0.342649 -0.809966 0 
-0.770843 0.605911 0.196654 0 
0.423384 0.717958 -0.552524 0 
6.69564 -3.34005 -7.04866 1 

0.864156 0.26047 -0.430569 0 
-0.379404 0.89932 -0.217429 0 
0.330586 0.351253 0.875976 0 
5.0027 -4.25679 3.07874 1 

0.864156 0.26047 -0.430569 0 
0.491039 -0.249314 0.834699 0 
0.110067 -0.932737 -0.343347 0 
-0.466321 3.22424 -3.37203 1 

0.864156 0.26047 -0.430569 0 
0.401735 0.158199 0.901988 0 
0.303056 -0.952433 0.032069 0 
-0.277501 2.61225 -3.36329 1 

0.864156 0.26047 -0.430569 0 
0.401735 0.158199 0.901988 0 
0.303056 -0.952433 0.032069 0 
-0.277501 2.61225 -3.36329 1 

0.92124 0.182413 0.343573 0 
0.26064 0.366193 -0.893291 0 
-0.288762 0.912485 0.289807 0 
-3.39693 3.17405 11.511 1 

0.92124 0.182413 0.343573 0 
-0.325108 0.846024 0.42255 0 
-0.213592 -0.500968 0.838695 0 
0.295621 0.375916 3.09559 1 

0.92124 0.182413 0.343573 0 
-0.170466 0.983221 -0.0649428 0 
-0.349655 0.00126055 0.936878 0 
0.0260991 0.317425 3.84933 1 

0.92124 0.182413 0.343573 0 
-0.170466 0.983221 -0.0649428 0 
-0.349655 0.00126055 0.936878 0 
0.026099 0.317425 3.84933 1 

0.583333
1 0 0 0 
0 0.956334 0.292276 0 
0 -0.292276 0.956334 0 
0 -4.4673 -4.07023 1 

1 0 0 0 
0 0.956334 0.292276 0 
0 -0.292276 0.956334 0 
0 -4.4673 -4.07023 1 

1 0 0 0 
0 0.956334 0.292276 0 
0 -0.292276 0.956334 0 
0 -4.4673 -4.07023 1 

0.967116 -0.120791 0.223824 0 
0.176204 0.952822 -0.247149 0 
-0.183411 0.278461 0.942772 0 
-3.82232 -4.17969 7.41688 1 

0.967116 -0.120791 0.223824 0 
0.176204 0.952822 -0.247149 0 
-0.183411 0.278461 0.942772 0 
-3.82232 -4.17969 7.41688 1 

0.253281 -0.718856 -0.647375 0 
0.963247 0.125521 0.237484 0 
-0.0894581 -0.683733 0.724228 0 
-16.673 13.2671 -1.4243 1 

0.0754108 -0.974915 0.209414 0 
0.963247 0.125521 0.237484 0 
-0.257813 0.183809 0.94855 0 
-15.5023 15.8985 -7.56333 1 

0.0754108 -0.974915 0.209414 0 
0.963247 0.125521 0.237484 0 
-0.257813 0.183809 0.94855 0 
-15.5023 15.8985 -7.56333 1 

0.483135 0.743004 -0.46317 0 
-0.762155 0.617267 0.195195 0 
0.43093 0.258702 0.864507 0 
13.6003 4.22495 -3.41672 1 

-0.493589 -0.358945 -0.792167 0 
-0.762155 0.617267 0.195195 0 
0.418914 0.7001 -0.578248 0 
6.37516 -3.6373 -6.76487 1 

-0.493589 -0.358945 -0.792167 0 
-0.762155 0.617267 0.195195 0 
0.418914 0.7001 -0.578248 0 
6.37516 -3.6373 -6.76487 1 

0.862472 0.265839 -0.430664 0 
-0.381339 0.900814 -0.207642 0 
0.332748 0.343314 0.878302 0 
5.02986 -4.28406 3.00459 1 

0.862472 0.265839 -0.430664 0 
0.493325 -0.251578 0.832669 0 
0.11301 -0.930612 -0.348124 0 
-0.465991 3.21905 -3.37024 1 

0.862472 0.265839 -0.430664 0 
0.402602 0.15526 0.902112 0 
0.306681 -0.951433 0.0268801 0 
-0.274859 2.60774 -3.36482 1 

0.862472 0.265839 -0.430664 0 
0.402602 0.15526 0.902112 0 
0.306681 -0.951433 0.0268801 0 
-0.274859 2.60774 -3.36482 1 

0.917003 0.184799 0.353489 0 
0.267787 0.371584 -0.88894 0 
-0.295627 0.909821 0.291257 0 
-3.49351 3.10988 11.5215 1 

0.917003 0.184799 0.353489 0 
-0.334164 0.839823 0.427823 0 
-0.217806 -0.510438 0.831873 0 
0.301088 0.386214 3.10165 1 

0.917003 0.184799 0.353489 0 
-0.1761 0.982725 -0.0569253 0 
-0.357902 -0.0100488 0.933705 0 
0.0253066 0.318703 3.85236 1 

0.917003 0.184799 0.353489 0 
-0.1761 0.982725 -0.0569253 0 
-0.357902 -0.0100488 0.933705 0 
0.0253067 0.318702 3.85236 1 

0.625
1 0 0 0 
0 0.956334 0.292276 0 
0 -0.292276 0.956334 0 
0 -4.4673 -4.01596 1 

1 0 0 0 
0 0.956334 0.292276 0 
0 -0.292276 0.956334 0 
0 -4.4673 -4.01596 1 

1 0 0 0 
0 0.956334 0.292276 0 
0 -0.292276 0.956334 0 
0 -4.4673 -4.01596 1 

0.926278 -0.117698 0.357988 0 
0.200456 0.958314 -0.203599 0 
-0.319102 0.26035 0.911258 0 
-4.38957 -4.30344 6.53159 1 

0.926278 -0.117698 0.357988 0 
0.200456 0.958314 -0.203599 0 
-0.319102 0.26035 0.911258 0 
-4.38957 -4.30344 6.53159 1 

0.257832 -0.714815 -0.650048 0 
0.962805 0.133817 0.234734 0 
-0.0808039 -0.686391 0.72273 0 
-16.673 13.0957 -1.31064 1 

0.0671433 -0.959989 0.271869 0 
0.962805 0.133817 0.234734 0 
-0.261722 0.245996 0.933267 0 
-15.4183 15.702 -7.9426 1 

0.0671433 -0.959989 0.271869 0 
0.962805 0.133817 0.234734 0 
-0.261722 0.245996 0.933267 0 
-15.4183 15.702 -7.9426 1 

0.491903 0.730948 -0.473019 0 
-0.750448 0.631414 0.195306 0 
0.441429 0.258904 0.859132 0 
13.3972 3.91715 -3.39174 1 

-0.509562 -0.364547 -0.779392 0 
-0.750448 0.631414 0.195306 0 
0.420921 0.684414 -0.595318 0 
5.98384 -3.9075 -6.58014 1 

-0.509562 -0.364547 -0.779392 0 
-0.750448 0.631414 0.195306 0 
0.420921 0.684414 -0.595318 0 
5.98385 -3.9075 -6.58014 1 

0.860609 0.271674 -0.430751 0 
-0.383452 0.902299 -0.19703 0 
0.335138 0.334737 0.8807 0 
5.05955 -4.31198 2.92438 1 

0.860609 0.271674 -0.430751 0 
0.495816 -0.253859 0.830495 0 
0.116274 -0.928304 -0.353173 0 
-0.465561 3.21314 -3.36832 1 

0.860609 0.271674 -0.430751 0 
0.403522 0.152229 0.902218 0 
0.310682 -0.950273 0.0213837 0 
-0.271882 2.60261 -3.36642 1 

0.860609 0.271674 -0.430751 0 
0.403522 0.152229 0.902218 0 
0.310682 -0.950273 0.0213837 0 
-0.271882 2.60261 -3.36642 1 

0.914358 0.18508 0.36013 0 
0.2724 0.37688 -0.885302 0 
-0.299578 0.907583 0.294187 0 
-3.55575 3.0435 11.5401 1 

0.914358 0.18508 0.36013 0 
-0.340073 0.833776 0.434935 0 
-0.21977 -0.520157 0.825311 0 
0.305074 0.392839 3.0998 1 

0.914358 0.18508 0.36013 0 
-0.180179 0.982488 -0.0474594 0 
-0.362607 -0.0214929 0.931694 0 
0.0257738 0.316183 3.84833 1 

0.914358 0.18508 0.36013 0 
-0.180179 0.982488 -0.0474594 0 
-0.362607 -0.0214929 0.931694 0 
0.025774 0.316183 3.84833 1 

0.666667
1 0 0 0 
0 0.956334 0.292276 0 
0 -0.292276 0.956334 0 
0 -4.4673 -3.96169 1 

1 0 0 0 
0 0.956334 0.292276 0 
0 -0.292276 0.956334 0 
0 -4.4673 -3.96169 1 

1 0 0 0 
0 0.956334 0.292276 0 
0 -0.292276 0.956334 0 
0 -4.4673 -3.96169 1 

0.904716 -0.116947 0.409649 0 
0.207511 0.960771 -0.184008 0 
-0.37206 0.251482 0.893492 0 
-4.55962 -4.35909 6.16185 1 

0.904716 -0.116947 0.409649 0 
0.207511 0.960771 -0.184008 0 
-0.37206 0.251482 0.893492 0 
-4.55962 -4.35909 6.16185 1 

0.259792 -0.713697 -0.650496 0 
0.962615 0.137906 0.233141 0 
-0.0766847 -0.686745 0.722842 0 
-16.6728 13.0138 -1.22445 1 

0.0648423 -0.952991 0.295979 0 
0.962615 0.137906 0.233141 0 
-0.262998 0.269796 0.926306 0 
-15.3913 15.5973 -8.04389 1 

0.0648423 -0.952991 0.295979 0 
0.962615 0.137906 0.233141 0 
-0.262998 0.269796 0.926306 0 
-15.3913 15.5973 -8.04389 1 

0.501148 0.721979 -0.477072 0 
-0.738977 0.643917 0.198203 0 
0.450292 0.253216 0.856223 0 
13.1996 3.64833 -3.40529 1 

-0.521644 -0.360662 -0.773182 0 
-0.738977 0.643917 0.198203 0 
0.426381 0.674755 -0.602416 0 
5.62652 -4.08386 -6.52052 1 

-0.521644 -0.360662 -0.773182 0 
-0.738977 0.643917 0.198203 0 
0.426381 0.674755 -0.602416 0 
5.62652 -4.08386 -6.52052 1 

0.858712 0.277501 -0.430822 0 
-0.385569 0.903643 -0.186459 0 
0.337566 0.326226 0.882964 0 
5.08935 -4.33808 2.84469 1 

0.858712 0.277501 -0.430822 0 
0.498307 -0.255951 0.828359 0 
0.119601 -0.926003 -0.358069 0 
-0.465059 3.20695 -3.36644 1 

0.858712 0.277501 -0.430822 0 
0.404416 0.149374 0.902294 0 
0.314741 -0.949042 0.016043 0 
-0.268791 2.59725 -3.36796 1 

0.858712 0.277501 -0.430822 0 
0.404416 0.149374 0.902294 0 
0.314741 -0.949042 0.016043 0 
-0.268791 2.59725 -3.36796 1 

0.91337 0.183546 0.36341 0 
0.274455 0.381719 -0.88259 0 
-0.300716 0.90587 0.298276 0 
-3.58324 2.97994 11.5648 1 

0.91337 0.183546 0.36341 0 
-0.342791 0.828287 0.443209 0 
-0.219658 -0.529387 0.81945 0 
0.307567 0.395867 3.09105 1 

0.91337 0.183546 0.36341 0 
-0.182572 0.982483 -0.037353 0 
-0.3639 -0.0322315 0.93088 0 
0.0273771 0.310618 3.83831 1 

0.91337 0.183546 0.36341 0 
-0.182572 0.982483 -0.037353 0 
-0.3639 -0.0322315 0.93088 0 
0.0273774 0.310618 3.83831 1 

0.708333
1 0 0 0 
0 0.956334 0.292276 0 
0 -0.292276 0.956334 0 
0 -4.4673 -3.91182 1 

1 0 0 0 
0 0.956334 0.292276 0 
0 -0.292276 0.956334 0 
0 -4.4673 -3.91182 1 

1 0 0 0 
0 0.956334 0.292276 0 
0 -0.292276 0.956334 0 
0 -4.4673 -3.91182 1 

0.915061 -0.117248 0.385897 0 
0.204441 0.95962 -0.193218 0 
-0.34766 0.2557 0.902081 0 
-4.48513 -4.33301 6.41114 1 

0.915061 -0.117248 0.385897 0 
0.204441 0.95962 -0.193218 0 
-0.34766 0.2557 0.902081 0 
-4.48513 -4.33301 6.41114 1 

0.259561 -0.713719 -0.650564 0 
0.962714 0.138058 0.232641 0 
-0.0762246 -0.686692 0.722941 0 
-16.674 13.0109 -1.16474 1 

0.0665258 -0.954385 0.291073 0 
0.962714 0.138058 0.232641 0 
-0.262214 0.264743 0.927984 0 
-15.4063 15.6002 -7.94709 1 

0.0665258 -0.954385 0.291073 0 
0.962714 0.138058 0.232641 0 
-0.262214 0.264743 0.927984 0 
-15.4063 15.6002 -7.94709 1 

0.506752 0.719374 -0.475083 0 
-0.731343 0.650502 0.204899 0 
0.456442 0.243615 0.855753 0 
13.0667 3.51092 -3.48095 1 

-0.525864 -0.346543 -0.776773 0 
-0.731343 0.650502 0.204899 0 
0.434286 0.675837 -0.595517 0 
5.42216 -4.0909 -6.63272 1 

-0.525864 -0.346543 -0.776773 0 
-0.731343 0.650502 0.204899 0 
0.434286 0.675837 -0.595517 0 
5.42216 -4.0909 -6.63272 1 

0.85694 0.282848 -0.430873 0 
-0.387517 0.904753 -0.176783 0 
0.339831 0.318463 0.884927 0 
5.11683 -4.36049 2.77192 1 

0.85694 0.282848 -0.430873 0 
0.500595 -0.25771 0.826432 0 
0.122715 -0.923895 -0.362435 0 
-0.464531 3.20104 -3.36475 1 

0.85694 0.282848 -0.430873 0 
0.405214 0.146901 0.902342 0 
0.318521 -0.947849 0.011271 0 
-0.265853 2.59213 -3.36932 1 

0.85694 0.282848 -0.430873 0 
0.405214 0.146901 0.902342 0 
0.318521 -0.947849 0.011271 0 
-0.265853 2.59213 -3.36932 1 

0.913401 0.181145 0.364533 0 
0.274909 0.385934 -0.880613 0 
-0.300205 0.904567 0.302714 0 
-3.589 2.92285 11.591 1 

0.913401 0.181145 0.364533 0 
-0.343497 0.823524 0.451462 0 
-0.218422 -0.537582 0.814431 0 
0.309026 0.396728 3.07911 1 

0.913401 0.181145 0.364533 0 
-0.183811 0.982571 -0.0276939 0 
-0.363197 -0.0417095 0.930779 0 
0.0294735 0.303887 3.82571 1 

0.913401 0.181145 0.364533 0 
-0.183811 0.982571 -0.0276939 0 
-0.363197 -0.0417095 0.930779 0 
0.0294738 0.303887 3.82571 1 

0.75
1 0 0 0 
0 0.956334 0.292276 0 
0 -0.292276 0.956334 0 
0 -4.4673 -3.87076 1 

1 0 0 0 
0 0.956334 0.292276 0 
0 -0.292276 0.956334 0 
0 -4.4673 -3.87076 1 

1 0 0 0 
0 0.956334 0.292276 0 
0 -0.292276 0.956334 0 
0 -4.4673 -3.87076 1 

0.939686 -0.118428 0.320882 0 
0.194559 0.956659 -0.216681 0 
-0.281314 0.266043 0.922 0 
-4.24986 -4.26606 6.95951 1 

0.939686 -0.118428 0.320882 0 
0.194559 0.956659 -0.216681 0 
-0.281314 0.266043 0.922 0 
-4.24986 -4.26606 6.95951 1 

0.259558 -0.713747 -0.650534 0 
0.962715 0.138067 0.232632 0 
-0.0762227 -0.68666 0.722971 0 
-16.674 13.0109 -1.12355 1 

0.0704814 -0.958266 0.277055 0 
0.962715 0.138067 0.232632 0 
-0.261175 0.250328 0.932268 0 
-15.4347 15.6162 -7.79848 1 

0.0704814 -0.958266 0.277055 0 
0.962715 0.138067 0.232632 0 
-0.261175 0.250328 0.932268 0 
-15.4347 15.6162 -7.79848 1 

0.509049 0.723397 -0.466438 0 
-0.728075 0.65093 0.214937 0 
0.459103 0.230189 0.858043 0 
13.0096 3.51035 -3.61246 1 

-0.521265 -0.322093 -0.790278 0 
-0.728075 0.65093 0.214937 0 
0.445185 0.68742 -0.573815 0 
5.38725 -3.92464 -6.91557 1 

-0.521265 -0.322093 -0.790278 0 
-0.728075 0.65093 0.214937 0 
0.445185 0.68742 -0.573815 0 
5.38725 -3.92464 -6.91557 1 

0.85546 0.287246 -0.430905 0 
-0.389123 0.90558 -0.168842 0 
0.341719 0.312113 0.886461 0 
5.1395 -4.37783 2.71233 1 

0.85546 0.287246 -0.430905 0 
0.502478 -0.259043 0.824871 0 
0.125318 -0.922164 -0.365936 0 
-0.464046 3.19601 -3.36338 1 

0.85546 0.287246 -0.430905 0 
0.405854 0.144972 0.902367 0 
0.32167 -0.946823 0.00743771 0 
-0.26336 2.58778 -3.37041 1 

0.85546 0.287246 -0.430905 0 
0.405854 0.144972 0.902367 0 
0.32167 -0.946823 0.00743771 0 
-0.263359 2.58778 -3.37041 1 

0.913793 0.17879 0.364714 0 
0.27472 0.389337 -0.879173 0 
-0.299184 0.903577 0.306657 0 
-3.58607 2.87609 11.6137 1 

0.913793 0.17879 0.364714 0 
-0.343372 0.81968 0.458498 0 
-0.216974 -0.544205 0.810409 0 
0.309888 0.396752 3.06777 1 

0.913793 0.17879 0.364714 0 
-0.184442 0.982648 -0.0195907 0 
-0.361888 -0.0493669 0.930914 0 
0.0314211 0.297778 3.81399 1 

0.913793 0.17879 0.364714 0 
-0.184442 0.982648 -0.0195907 0 
-0.361888 -0.0493669 0.930914 0 
0.0314212 0.297777 3.81399 1 

0.791667
1 0 0 0 
0 0.956334 0.292276 0 
0 -0.292276 0.956334 0 
0 -4.4673 -3.84289 1 

1 0 0 0 
0 0.956334 0.292276 0 
0 -0.292276 0.956334 0 
0 -4.4673 -3.84289 1 

1 0 0 0 
0 0.956334 0.292276 0 
0 -0.292276 0.956334 0 
0 -4.4673 -3.84289 1 

0.967116 -0.120791 0.223824 0 
0.176204 0.952822 -0.247149 0 
-0.183411 0.278461 0.942772 0 
-3.82232 -4.17969 7.64423 1 

0.967116 -0.120791 0.223824 0 
0.176204 0.952822 -0.247149 0 
-0.183411 0.278461 0.942772 0 
-3.82232 -4.17969 7.64423 1 

0.259796 -0.71393 -0.650238 0 
0.962612 0.137977 0.233109 0 
-0.0767052 -0.686488 0.723084 0 
-16.6728 13.0131 -1.1056 1 

0.0763543 -0.963866 0.255211 0 
0.962612 0.137977 0.233109 0 
-0.259899 0.227871 0.938364 0 
-15.4736 15.6392 -7.61186 1 

0.0763543 -0.963866 0.255211 0 
0.962612 0.137977 0.233109 0 
-0.259899 0.227871 0.938364 0 
-15.4737 15.6392 -7.61186 1 

0.509172 0.731545 -0.453416 0 
-0.72757 0.647285 0.227295 0 
0.459766 0.214159 0.86183 0 
13.0002 3.59955 -3.7906 1 

-0.510286 -0.289169 -0.809932 0 
-0.72757 0.647285 0.227295 0 
0.45853 0.705268 -0.540692 0 
5.46616 -3.63082 -7.31652 1 

-0.510286 -0.289169 -0.809932 0 
-0.72757 0.647285 0.227295 0 
0.45853 0.705268 -0.540692 0 
5.46616 -3.63082 -7.31652 1 

0.854445 0.290227 -0.430921 0 
-0.390213 0.906097 -0.163469 0 
0.343013 0.307826 0.88746 0 
5.15491 -4.38903 2.67208 1 

0.854445 0.290227 -0.430921 0 
0.503755 -0.259889 0.823826 0 
0.127105 -0.920992 -0.368264 0 
-0.463691 3.1925 -3.36248 1 

0.854445 0.290227 -0.430921 0 
0.406278 0.143718 0.902377 0 
0.323825 -0.946105 0.00488597 0 
-0.26163 2.58476 -3.37114 1 

0.854445 0.290227 -0.430921 0 
0.406278 0.143718 0.902377 0 
0.323825 -0.946105 0.00488597 0 
-0.261631 2.58476 -3.37114 1 

0.914553 0.176699 0.363827 0 
0.273831 0.391522 -0.87848 0 
-0.297673 0.903043 0.309682 0 
-3.57375 2.84513 11.6311 1 

0.914553 0.176699 0.363827 0 
-0.342335 0.817223 0.46363 0 
-0.215405 -0.548565 0.807885 0 
0.310017 0.395793 3.05798 1 

0.914553 0.176699 0.363827 0 
-0.184352 0.982762 -0.0138893 0 
-0.360009 -0.0543698 0.931363 0 
0.0330487 0.292808 3.80422 1 

0.914553 0.176699 0.363827 0 
-0.184352 0.982762 -0.0138893 0 
-0.360009 -0.0543698 0.931363 0 
0.0330486 0.292808 3.80422 1 

0.833333
1 0 0 0 
0 0.956334 0.292276 0 
0 -0.292276 0.956334 0 
0 -4.4673 -3.83262 1 

1 0 0 0 
0 0.956334 0.292276 0 
0 -0.292276 0.956334 0 
0 -4.4673 -3.83262 1 

1 0 0 0 
0 0.956334 0.292276 0 
0 -0.292276 0.956334 0 
0 -4.4673 -3.83262 1 

0.986663 -0.123874 0.105601 0 
0.148838 0.949227 -0.277158 0 
-0.0659067 0.289179 0.955004 0 
-3.19548 -4.0991 8.29836 1 

0.986663 -0.123874 0.105601 0 
0.148838 0.949227 -0.277158 0 
-0.0659067 0.289179 0.955004 0 
-3.19548 -4.0991 8.29836 1 

0.260274 -0.714458 -0.649467 0 
0.962401 0.137819 0.234072 0 
-0.077726 -0.685971 0.723466 0 
-16.6704 13.0177 -1.11577 1 

0.0837985 -0.970334 0.22678 0 
0.962401 0.137819 0.234072 0 
-0.258383 0.198638 0.9454 0 
-15.5205 15.6624 -7.40059 1 

0.0837985 -0.970334 0.22678 0 
0.962401 0.137819 0.234072 0 
-0.258383 0.198638 0.9454 0 
-15.5205 15.6624 -7.40059 1 

0.508161 0.741446 -0.438212 0 
-0.728296 0.641524 0.240896 0 
0.459735 0.196734 0.86599 0 
13.0117 3.73438 -4.00475 1 

-0.495245 -0.249784 -0.83207 0 
-0.728296 0.641524 0.240896 0 
0.473621 0.725296 -0.499629 0 
5.60587 -3.25432 -7.78316 1 

-0.495245 -0.249784 -0.83207 0 
-0.728296 0.641524 0.240896 0 
0.473621 0.725296 -0.499629 0 
5.60587 -3.25432 -7.78316 1 

0.854069 0.291324 -0.430926 0 
-0.390615 0.906278 -0.161492 0 
0.343492 0.306251 0.887819 0 
5.16059 -4.39304 2.65729 1 

0.854069 0.291324 -0.430926 0 
0.504225 -0.260188 0.823444 0 
0.127767 -0.920561 -0.369112 0 
-0.463555 3.1912 -3.36214 1 

0.854069 0.291324 -0.430926 0 
0.406432 0.143267 0.902379 0 
0.324622 -0.945836 0.0039559 0 
-0.260985 2.58363 -3.37141 1 

0.854069 0.291324 -0.430926 0 
0.406432 0.143267 0.902379 0 
0.324622 -0.945836 0.0039559 0 
-0.260985 2.58363 -3.37141 1 

0.915687 0.175084 0.36175 0 
0.272187 0.39208 -0.878742 0 
-0.295689 0.903116 0.311367 0 
-3.55132 2.83547 11.6412 1 

0.915687 0.175084 0.36175 0 
-0.340307 0.816626 0.466168 0 
-0.213796 -0.54997 0.807356 0 
0.309281 0.393686 3.05073 1 

0.915687 0.175084 0.36175 0 
-0.18343 0.982966 -0.0114374 0 
-0.357591 -0.0558827 0.932205 0 
0.0341927 0.289479 3.79749 1 

0.915687 0.175084 0.36175 0 
-0.18343 0.982966 -0.0114374 0 
-0.357591 -0.0558827 0.932205 0 
0.0341926 0.289479 3.79749 1 

0.875
1 0 0 0 
0 0.956334 0.292276 0 
0 -0.292276 0.956334 0 
0 -4.4673 -3.84289 1 

1 0 0 0 
0 0.956334 0.292276 0 
0 -0.292276 0.956334 0 
0 -4.4673 -3.84289 1 

1 0 0 0 
0 0.956334 0.292276 0 
0 -0.292276 0.956334 0 
0 -4.4673 -3.84289 1 

0.991764 -0.126415 -0.0205708 0 
0.114454 0.94685 -0.300626 0 
0.057481 0.295796 0.95352 0 
-2.41696 -4.04599 8.78753 1 

0.991764 -0.126415 -0.0205708 0 
0.114454 0.94685 -0.300626 0 
0.057481 0.295796 0.95352 0 
-2.41696 -4.04599 8.78753 1 

0.260979 -0.715525 -0.648008 0 
0.962079 0.137622 0.235506 0 
-0.0793302 -0.684897 0.724308 0 
-16.6666 13.0247 -1.15715 1 

0.0924869 -0.976829 0.193005 0 
0.962079 0.137622 0.235506 0 
-0.256611 0.163905 0.952515 0 
-15.5728 15.6789 -7.1763 1 

0.0924869 -0.976829 0.193005 0 
0.962079 0.137622 0.235506 0 
-0.256611 0.163905 0.952515 0 
-15.5728 15.6789 -7.1763 1 

0.506889 0.751283 -0.422655 0 
-0.729095 0.635235 0.25475 0 
0.459874 0.179025 0.86975 0 
13.0239 3.87928 -4.24352 1 

-0.478229 -0.206571 -0.853595 0 
-0.729095 0.635235 0.25475 0 
0.48961 0.744181 -0.454398 0 
5.76334 -2.83952 -8.26959 1 

-0.478229 -0.206571 -0.853595 0 
-0.729095 0.635235 0.25475 0 
0.48961 0.744181 -0.454398 0 
5.76334 -2.83952 -8.26959 1 

0.854445 0.290227 -0.430921 0 
-0.390213 0.906097 -0.163469 0 
0.343013 0.307826 0.88746 0 
5.15491 -4.38903 2.67208 1 

0.854445 0.290227 -0.430921 0 
0.503755 -0.259889 0.823826 0 
0.127105 -0.920992 -0.368264 0 
-0.463691 3.1925 -3.36248 1 

0.854445 0.290227 -0.430921 0 
0.406278 0.143718 0.902377 0 
0.323825 -0.946105 0.00488597 0 
-0.26163 2.58476 -3.37114 1 

0.854445 0.290227 -0.430921 0 
0.406278 0.143718 0.902377 0 
0.323825 -0.946105 0.00488597 0 
-0.261631 2.58476 -3.37114 1 

0.917191 0.17407 0.358414 0 
0.269757 0.390742 -0.880086 0 
-0.293244 0.903892 0.311429 0 
-3.51839 2.85071 11.6426 1 

0.917191 0.17407 0.358414 0 
-0.337242 0.818199 0.465638 0 
-0.2122 -0.547951 0.809148 0 
0.307594 0.390311 3.04669 1 

0.917191 0.17407 0.358414 0 
-0.18161 0.983287 -0.0128078 0 
-0.354653 -0.0533443 0.933475 0 
0.0347456 0.288114 3.79455 1 

0.917191 0.17407 0.358414 0 
-0.18161 0.983287 -0.0128078 0 
-0.354653 -0.0533443 0.933475 0 
0.0347457 0.288114 3.79455 1 

0.916667
1 0 0 0 
0 0.956334 0.292276 0 
0 -0.292276 0.956334 0 
0 -4.4673 -3.87076 1 

1 0 0 0 
0 0.956334 0.292276 0 
0 -0.292276 0.956334 0 
0 -4.4673 -3.87076 1 

1 0 0 0 
0 0.956334 0.292276 0 
0 -0.292276 0.956334 0 
0 -4.4673 -3.87076 1 

0.981923 -0.127126 -0.140235 0 
0.077585 0.94611 -0.314415 0 
0.172648 0.297851 0.93887 0 
-1.58854 -4.02946 9.04797 1 

0.981923 -0.127126 -0.140235 0 
0.077585 0.94611 -0.314415 0 
0.172648 0.297851 0.93887 0 
-1.58854 -4.02946 9.04797 1 

0.261856 -0.717311 -0.645675 0 
0.961661 0.137444 0.237313 0 
-0.0814831 -0.683063 0.7258 0 
-16.6616 13.0335 -1.22534 1 

0.102143 -0.982593 0.155172 0 
0.961661 0.137444 0.237313 0 
-0.254509 0.124983 0.95896 0 
-15.6291 15.6823 -6.94351 1 

0.102143 -0.982593 0.155172 0 
0.961661 0.137444 0.237313 0 
-0.254509 0.124983 0.95896 0 
-15.6291 15.6823 -6.94351 1 

0.506057 0.759892 -0.408009 0 
-0.729301 0.629547 0.267936 0 
0.460463 0.16197 0.872777 0 
13.0259 4.00935 -4.48943 1 

-0.46107 -0.162882 -0.872286 0 
-0.729301 0.629547 0.267936 0 
0.505504 0.759697 -0.409056 0 
5.90797 -2.42953 -8.73494 1 

-0.46107 -0.162882 -0.872286 0 
-0.729301 0.629547 0.267936 0 
0.505504 0.759697 -0.409056 0 
5.90797 -2.42953 -8.73494 1 

0.85546 0.287246 -0.430905 0 
-0.389123 0.90558 -0.168842 0 
0.341719 0.312113 0.886461 0 
5.1395 -4.37783 2.71233 1 

0.85546 0.287246 -0.430905 0 
0.502478 -0.259043 0.824871 0 
0.125318 -0.922164 -0.365936 0 
-0.464046 3.19601 -3.36338 1 

0.85546 0.287246 -0.430905 0 
0.405854 0.144972 0.902367 0 
0.32167 -0.946823 0.00743771 0 
-0.26336 2.58778 -3.37041 1 

0.85546 0.287246 -0.430905 0 
0.405854 0.144972 0.902367 0 
0.32167 -0.946823 0.00743771 0 
-0.263359 2.58778 -3.37041 1 

0.919038 0.173502 0.353929 0 
0.266596 0.387776 -0.882358 0 
-0.290336 0.905277 0.310126 0 
-3.47571 2.88722 11.6364 1 

0.919038 0.173502 0.353929 0 
-0.333218 0.821632 0.462479 0 
-0.210558 -0.542972 0.812925 0 
0.305041 0.385738 3.04531 1 

0.919038 0.173502 0.353929 0 
-0.178988 0.983697 -0.0174522 0 
-0.351186 -0.0473097 0.93511 0 
0.0348085 0.288347 3.79475 1 

0.919038 0.173502 0.353929 0 
-0.178988 0.983697 -0.0174522 0 
-0.351186 -0.0473097 0.93511 0 
0.0348086 0.288347 3.79475 1 

0.958333
1 0 0 0 
0 0.956334 0.292276 0 
0 -0.292276 0.956334 0 
0 -4.4673 -3.91182 1 

1 0 0 0 
0 0.956334 0.292276 0 
0 -0.292276 0.956334 0 
0 -4.4673 -3.91182 1 

1 0 0 0 
0 0.956334 0.292276 0 
0 -0.292276 0.956334 0 
0 -4.4673 -3.91182 1 

0.962702 -0.125711 -0.239587 0 
0.0442001 0.946683 -0.31912 0 
0.26693 0.296627 0.91693 0 
-0.842141 -4.04213 9.09895 1 

0.962702 -0.125711 -0.239587 0 
0.0442001 0.946683 -0.31912 0 
0.26693 0.296627 0.91693 0 
-0.842141 -4.04213 9.09895 1 

0.262857 -0.719916 -0.642361 0 
0.961163 0.137354 0.239374 0 
-0.0840985 -0.680334 0.728061 0 
-16.6555 13.043 -1.31388 1 

0.112487 -0.987013 0.114681 0 
0.961163 0.137354 0.239374 0 
-0.252017 0.0833007 0.964131 0 
-15.6877 15.6674 -6.70593 1 

0.112487 -0.987013 0.114681 0 
0.961163 0.137354 0.239374 0 
-0.252017 0.0833007 0.964131 0 
-15.6877 15.6674 -6.70593 1 

0.50637 0.766542 -0.394972 0 
-0.728528 0.625342 0.279632 0 
0.461343 0.146151 0.875101 0 
13.0118 4.10558 -4.72386 1 

-0.445561 -0.122521 -0.886828 0 
-0.728528 0.625342 0.279632 0 
0.52031 0.770672 -0.367888 0 
6.01504 -2.06715 -9.14847 1 

-0.445561 -0.122521 -0.886828 0 
-0.728528 0.625342 0.279632 0 
0.52031 0.770672 -0.367888 0 
6.01504 -2.06716 -9.14847 1 

0.85694 0.282848 -0.430873 0 
-0.387517 0.904753 -0.176783 0 
0.339831 0.318463 0.884927 0 
5.11683 -4.36049 2.77192 1 

0.85694 0.282848 -0.430873 0 
0.500595 -0.25771 0.826432 0 
0.122715 -0.923895 -0.362435 0 
-0.464531 3.20104 -3.36475 1 

0.85694 0.282848 -0.430873 0 
0.405214 0.146901 0.902342 0 
0.318521 -0.947849 0.011271 0 
-0.265853 2.59213 -3.36932 1 

0.85694 0.282848 -0.430873 0 
0.405214 0.146901 0.902342 0 
0.318521 -0.947849 0.011271 0 
-0.265853 2.59213 -3.36932 1 

0.921195 0.173153 0.34845 0 
0.26278 0.383592 -0.885327 0 
-0.28696 0.907125 0.307862 0 
-3.42429 2.93945 11.6244 1 

0.921195 0.173153 0.34845 0 
-0.328342 0.826451 0.457352 0 
-0.208785 -0.535721 0.818176 0 
0.301755 0.380115 3.04568 1 

0.921195 0.173153 0.34845 0 
-0.175701 0.984138 -0.0245422 0 
-0.347172 -0.0386148 0.937006 0 
0.0345362 0.289656 3.79708 1 

0.921195 0.173153 0.34845 0 
-0.175701 0.984138 -0.0245422 0 
-0.347172 -0.0386148 0.937006 0 
0.0345364 0.289656 3.79708 1 

1
1 0 0 0 
0 0.956334 0.292276 0 
0 -0.292276 0.956334 0 
0 -4.4673 -3.96169 1 

1 0 0 0 
0 0.956334 0.292276 0 
0 -0.292276 0.956334 0 
0 -4.4673 -3.96169 1 

1 0 0 0 
0 0.956334 0.292276 0 
0 -0.292276 0.956334 0 
0 -4.4673 -3.96169 1 

0.943763 -0.12335 -0.306751 0 
0.0203416 0.947703 -0.318505 0 
0.329997 0.294353 0.896916 0 
-0.310337 -4.06471 9.02852 1 

0.943763 -0.12335 -0.306751 0 
0.0203416 0.947703 -0.318505 0 
0.329997 0.294353 0.896916 0 
-0.310336 -4.06471 9.02852 1 

0.263941 -0.723373 -0.638017 0 
0.960602 0.137436 0.241569 0 
-0.0870581 -0.67664 0.731149 0 
-16.6487 13.0517 -1.41616 1 

0.123238 -0.989688 0.0730074 0 
0.960602 0.137436 0.241569 0 
-0.249112 0.0403606 0.967633 0 
-15.7472 15.6306 -6.46786 1 

0.123238 -0.989688 0.0730074 0 
0.960602 0.137436 0.241569 0 
-0.249112 0.0403606 0.967633 0 
-15.7472 15.6306 -6.46786 1 

0.508631 0.770708 -0.383801 0 
-0.726493 0.62341 0.289083 0 
0.462064 0.131792 0.876999 0 
12.9782 4.15123 -4.92826 1 

-0.433573 -0.0894713 -0.896666 0 
-0.726493 0.62341 0.289083 0 
0.533126 0.776759 -0.335294 0 
6.061 -1.79508 -9.48861 1 

-0.433573 -0.0894713 -0.896666 0 
-0.726493 0.62341 0.289083 0 
0.533126 0.776759 -0.335294 0 
6.061 -1.79508 -9.48861 1 

0.858712 0.277501 -0.430822 0 
-0.385569 0.903643 -0.186459 0 
0.337566 0.326226 0.882964 0 
5.08935 -4.33808 2.84469 1 

0.858712 0.277501 -0.430822 0 
0.498307 -0.255951 0.828359 0 
0.119601 -0.926003 -0.358069 0 
-0.465059 3.20695 -3.36644 1 

0.858712 0.277501 -0.430822 0 
0.404416 0.149374 0.902294 0 
0.314741 -0.949042 0.016043 0 
-0.268791 2.59725 -3.36796 1 

0.858712 0.277501 -0.430822 0 
0.404416 0.149374 0.902294 0 
0.314741 -0.949042 0.016043 0 
-0.268791 2.59725 -3.36796 1 

0.923627 0.172799 0.342131 0 
0.258385 0.378602 -0.888762 0 
-0.283108 0.909286 0.305038 0 
-3.36512 3.00185 11.6082 1 

0.923627 0.172799 0.342131 0 
-0.32272 0.832181 0.450918 0 
-0.206797 -0.526892 0.82439 0 
0.297862 0.373587 3.04693 1 

0.923627 0.172799 0.342131 0 
-0.171882 0.984556 -0.0332472 0 
-0.342592 -0.0280982 0.939064 0 
0.0340776 0.291519 3.8005 1 

0.923627 0.172799 0.342131 0 
-0.171882 0.984556 -0.0332472 0 
-0.342592 -0.0280982 0.939064 0 
0.0340779 0.291519 3.8005 1 

1.04167
1 0 0 0 
0 0.956334 0.292276 0 
0 -0.292276 0.956334 0 
0 -4.4673 -4.01596 1 

1 0 0 0 
0 0.956334 0.292276 0 
0 -0.292276 0.956334 0 
0 -4.4673 -4.01596 1 

1 0 0 0 
0 0.956334 0.292276 0 
0 -0.292276 0.956334 0 
0 -4.4673 -4.01596 1 

0.935544 -0.122139 -0.331421 0 
0.011334 0.948208 -0.317449 0 
0.353029 0.293231 0.888474 0 
-0.109847 -4.07588 8.9486 1 

0.935544 -0.122139 -0.331421 0 
0.011334 0.948208 -0.317449 0 
0.353029 0.293231 0.888474 0 
-0.109847 -4.07588 8.9486 1 

0.265097 -0.727597 -0.632713 0 
0.959995 0.137787 0.243773 0 
-0.0901889 -0.672025 0.735016 0 
-16.6411 13.0576 -1.52522 1 

0.134092 -0.990459 0.0317682 0 
0.959995 0.137787 0.243773 0 
-0.245824 -0.00219083 0.969312 0 
-15.8059 15.5708 -6.23491 1 

0.134092 -0.990459 0.0317682 0 
0.959995 0.137787 0.243773 0 
-0.245824 -0.00219083 0.969312 0 
-15.8059 15.5708 -6.23491 1 

0.513765 0.771848 -0.374561 0 
-0.722878 0.624585 0.295534 0 
0.462053 0.118927 0.878842 0 
12.9212 4.12858 -5.08367 1 

-0.427099 -0.0676721 -0.901669 0 
-0.722878 0.624585 0.295534 0 
0.54317 0.778019 -0.315679 0 
6.0203 -1.65609 -9.73796 1 

-0.427099 -0.0676721 -0.901669 0 
-0.722878 0.624585 0.295534 0 
0.54317 0.778019 -0.315679 0 
6.0203 -1.65609 -9.73796 1 

0.860609 0.271674 -0.430751 0 
-0.383452 0.902299 -0.19703 0 
0.335138 0.334737 0.8807 0 
5.05955 -4.31198 2.92438 1 

0.860609 0.271674 -0.430751 0 
0.495816 -0.253859 0.830495 0 
0.116274 -0.928304 -0.353173 0 
-0.465561 3.21314 -3.36832 1 

0.860609 0.271674 -0.430751 0 
0.403522 0.152229 0.902218 0 
0.310682 -0.950273 0.0213837 0 
-0.271882 2.60261 -3.36642 1 

0.860609 0.271674 -0.430751 0 
0.403522 0.152229 0.902218 0 
0.310682 -0.950273 0.0213837 0 
-0.271882 2.60261 -3.36642 1 

0.926302 0.172225 0.335117 0 
0.25348 0.373207 -0.892449 0 
-0.27877 0.911622 0.302047 0 
-3.29918 3.06901 11.5897 1 

0.926302 0.172225 0.335117 0 
-0.316453 0.838361 0.443857 0 
-0.204505 -0.517194 0.831076 0 
0.293486 0.36629 3.04814 1 

0.926302 0.172225 0.335117 0 
-0.167664 0.984918 -0.0427324 0 
-0.337422 -0.0166039 0.941207 0 
0.0335844 0.293399 3.804 1 

0.926302 0.172225 0.335117 0 
-0.167664 0.984918 -0.0427324 0 
-0.337422 -0.0166039 0.941207 0 
0.0335844 0.293399 3.804 1 

1.08333
1 0 0 0 
0 0.956334 0.292276 0 
0 -0.292276 0.956334 0 
0 -4.4673 -4.07023 1 

1 0 0 0 
0 0.956334 0.292276 0 
0 -0.292276 0.956334 0 
0 -4.4673 -4.07023 1 

1 0 0 0 
0 0.956334 0.292276 0 
0 -0.292276 0.956334 0 
0 -4.4673 -4.07023 1 

0.935544 -0.122139 -0.331421 0 
0.011334 0.948208 -0.317449 0 
0.353029 0.293231 0.888474 0 
-0.109847 -4.07588 8.89433 1 

0.935544 -0.122139 -0.331421 0 
0.011334 0.948208 -0.317449 0 
0.353029 0.293231 0.888474 0 
-0.109847 -4.07588 8.89433 1 

0.266342 -0.732363 -0.626663 0 
0.959357 0.138521 0.245857 0 
-0.0932506 -0.666676 0.739491 0 
-16.6332 13.0578 -1.63366 1 

0.144724 -0.989445 -0.00725552 0 
0.959357 0.138521 0.245857 0 
-0.242257 -0.0425421 0.969279 0 
-15.8617 15.4893 -6.01417 1 

0.144724 -0.989445 -0.00725552 0 
0.959357 0.138521 0.245857 0 
-0.242257 -0.0425421 0.969279 0 
-15.8617 15.4893 -6.01417 1 

0.521875 0.772203 -0.362421 0 
-0.724043 0.625632 0.290423 0 
0.451008 0.110844 0.88561 0 
12.963 4.10737 -5.00475 1 

-0.42406 -0.0716816 -0.902793 0 
-0.724043 0.625632 0.290423 0 
0.543998 0.776818 -0.317206 0 
6.03216 -1.70518 -9.76234 1 

-0.42406 -0.0716816 -0.902793 0 
-0.724043 0.625632 0.290423 0 
0.543998 0.776818 -0.317206 0 
6.03216 -1.70518 -9.76234 1 

0.862472 0.265839 -0.430664 0 
-0.381339 0.900814 -0.207642 0 
0.332748 0.343314 0.878302 0 
5.02986 -4.28406 3.00459 1 

0.862472 0.265839 -0.430664 0 
0.493325 -0.251578 0.832669 0 
0.11301 -0.930612 -0.348124 0 
-0.465991 3.21905 -3.37024 1 

0.862472 0.265839 -0.430664 0 
0.402602 0.15526 0.902112 0 
0.306681 -0.951433 0.0268801 0 
-0.27486 2.60774 -3.36482 1 

0.862472 0.265839 -0.430664 0 
0.402602 0.15526 0.902112 0 
0.306681 -0.951433 0.0268801 0 
-0.27486 2.60774 -3.36482 1 

0.92919 0.171236 0.327544 0 
0.248132 0.367794 -0.896191 0 
-0.273928 0.914005 0.299261 0 
-3.22734 3.13572 11.571 1 

0.92919 0.171236 0.327544 0 
-0.309637 0.844552 0.436871 0 
-0.20182 -0.507355 0.83777 0 
0.288749 0.358349 3.04835 1 

0.92919 0.171236 0.327544 0 
-0.163175 0.985217 -0.0521572 0 
-0.331633 -0.00498301 0.943395 0 
0.0332098 0.294742 3.80653 1 

0.92919 0.171236 0.327544 0 
-0.163175 0.985217 -0.0521572 0 
-0.331633 -0.00498301 0.943395 0 
0.0332098 0.294741 3.80653 1 

1.125
1 0 0 0 
0 0.956334 0.292276 0 
0 -0.292276 0.956334 0 
0 -4.4673 -4.1201 1 

1 0 0 0 
0 0.956334 0.292276 0 
0 -0.292276 0.956334 0 
0 -4.4673 -4.1201 1 

1 0 0 0 
0 0.956334 0.292276 0 
0 -0.292276 0.956334 0 
0 -4.4673 -4.1201 1 

0.935544 -0.122139 -0.331421 0 
0.011334 0.948208 -0.317449 0 
0.353029 0.293231 0.888474 0 
-0.109847 -4.07588 8.84447 1 

0.935544 -0.122139 -0.331421 0 
0.011334 0.948208 -0.317449 0 
0.353029 0.293231 0.888474 0 
-0.109847 -4.07588 8.84446 1 

0.267734 -0.737289 -0.62026 0 
0.958706 0.139768 0.247685 0 
-0.0959235 -0.660961 0.744264 0 
-16.6252 13.0486 -1.73358 1 

0.154774 -0.987053 -0.0420888 0 
0.958706 0.139768 0.247685 0 
-0.238596 -0.078686 0.967926 0 
-15.9123 15.3904 -5.81464 1 

