1
BAKED_SKELETAL

19

CLIPNAME#idle
1

0.0416667
1 0 0 0 
0 1 0 0 
0 0 1 0 
0 0 0 1 

1 0 0 0 
0 1 0 0 
0 0 1 0 
0 0 0 1 

1 0 0 0 
0 1 0 0 
0 0 1 0 
0 0 -1.19209e-07 1 

1 0 0 0 
0 1 0 0 
0 0 1 0 
0 0 0 1 

1 0 0 0 
0 1 0 0 
0 0 1 0 
0 0 1.19209e-07 1 

1 2.01944e-10 -7.24651e-19 0 
-2.01944e-10 1 -7.17675e-09 0 
-7.24651e-19 7.17675e-09 1 0 
1.90735e-06 0 1.66893e-06 1 

1 2.01944e-10 -7.24651e-19 0 
-2.01944e-10 1 -7.17675e-09 0 
-7.24651e-19 7.17675e-09 1 0 
0 0 9.53674e-07 1 

1 2.01944e-10 -7.24651e-19 0 
-2.01944e-10 1 -7.17675e-09 0 
-7.24651e-19 7.17675e-09 1 0 
0 0 9.53674e-07 1 

1 0 0 0 
0 1 0 0 
0 0 1 0 
1.90735e-06 -1.52588e-05 0 1 

1 0 -1.66898e-15 0 
0 1 0 0 
1.66898e-15 0 1 0 
0 -3.05176e-05 0 1 

1 0 -1.66898e-15 0 
0 1 0 0 
1.66898e-15 0 1 0 
0 -4.57764e-05 0 1 

1 0 0 0 
0 1 0 0 
0 0 1 0 
0 7.62939e-06 0 1 

1 0 0 0 
0 1 0 0 
0 0 1 0 
0 3.8147e-06 0 1 

1 0 0 0 
0 1 0 0 
0 0 1 0 
0 2.86102e-06 0 1 

1 0 0 0 
0 1 0 0 
0 0 1 0 
0 2.86102e-06 -1.90735e-06 1 

1 -5.23096e-10 1.4892e-08 0 
5.23096e-10 1 3.89497e-18 0 
-1.4892e-08 3.89497e-18 1 0 
0 7.62939e-06 2.38419e-07 1 

1 -5.23096e-10 1.4892e-08 0 
5.23096e-10 1 1.01542e-15 0 
-1.4892e-08 -1.00763e-15 1 0 
0 3.8147e-06 2.38419e-07 1 

1 -5.23096e-10 1.4892e-08 0 
5.23096e-10 1 1.01542e-15 0 
-1.4892e-08 -1.00763e-15 1 0 
0 2.86102e-06 2.38419e-07 1 

1 -5.23096e-10 1.4892e-08 0 
5.23096e-10 1 1.01542e-15 0 
-1.4892e-08 -1.00763e-15 1 0 
0 2.86102e-06 -1.90735e-06 1 

