1
BAKED_SKELETAL

17

CLIPNAME#idle
2

0.0416667
1 0 0 0 
0 1 2.87215e-033 0 
0 2.87215e-033 1 0 
-5.29396e-023 -1.90735e-006 -8.9407e-008 1 

1 -6.61744e-024 -6.61744e-024 0 
-6.61744e-024 1 -3.72529e-009 0 
6.61744e-024 3.72529e-009 1 0 
0 0 -1.19209e-007 1 

1 -6.61744e-024 -3.30872e-024 0 
-3.30872e-024 1 -1.80146e-033 0 
6.61744e-024 -1.80146e-033 1 0 
0 0 -4.17233e-007 1 

1 -3.30872e-024 0 0 
-3.30872e-024 1 -1.99789e-033 0 
6.61744e-024 -1.99789e-033 1 0 
-4.54747e-013 0 -3.57628e-007 1 

0.548369 -0.513966 0.659644 0 
-0.686163 -0.727439 0.00362432 0 
0.477988 -0.454611 -0.751569 0 
14.7492 34.9074 -2.42446 1 

0.0380201 -0.105221 0.993722 0 
-0.527785 -0.846535 -0.0694427 0 
0.848527 -0.521831 -0.0877196 0 
16.0745 33.9173 -3.01007 1 

0.0380201 -0.105221 0.993722 0 
-0.527785 -0.846535 -0.0694428 0 
0.848527 -0.521831 -0.0877196 0 
16.0745 33.9173 -3.01007 1 

0.99946 0.0322047 0.00649927 0 
-0.0302238 0.978833 -0.202417 0 
-0.0128805 0.202111 0.979278 0 
0.583281 0.59197 3.96334 1 

0.989701 0.0560052 0.131745 0 
-0.0347266 0.986734 -0.158589 0 
-0.138879 0.15238 0.978516 0 
0.479071 0.574247 4.0688 1 

0.9897 0.0560052 0.131745 0 
-0.0347266 0.986734 -0.158589 0 
-0.138879 0.15238 0.978516 -0 
0.479071 0.574248 4.0688 1 

1 0 6.61744e-024 0 
0 1 1.00553e-032 0 
0 1.00553e-032 1 0 
-7.94093e-023 -1.90735e-006 -5.96046e-008 1 

0.920996 0.00715381 -0.389505 0 
-0.00993099 0.999938 -0.00511685 0 
0.389444 0.00858077 0.92101 0 
0.116684 -0.0143871 0.749481 1 

0.920996 0.00715381 -0.389505 0 
-0.00993099 0.999937 -0.00511685 0 
0.389444 0.00858077 0.92101 0 
0.116684 -0.0143867 0.749481 1 

0.920997 0.00715381 -0.389505 0 
-0.00993099 0.999937 -0.00511685 0 
0.389444 0.00858077 0.92101 0 
0.116683 -0.0143872 0.749481 1 

-0.794956 0.281446 -0.537432 0 
-0.0212351 0.872425 0.488287 0 
0.606295 0.399579 -0.687563 0 
-2.96288 1.97781 -6.60514 1 

-0.77402 0.292831 -0.561376 0 
-0.249683 0.673609 0.695636 0 
0.581852 0.678602 -0.448271 0 
-1.3854 3.33348 -8.04936 1 

-0.77402 0.292831 -0.561376 0 
-0.249684 0.673609 0.695636 0 
0.581852 0.678602 -0.448271 0 
-1.3854 3.33348 -8.04936 1 

0.0833333
1 0 0 0 
0 1 2.87215e-033 0 
0 2.87215e-033 1 0 
-5.29396e-023 -1.90735e-006 -8.9407e-008 1 

1 -6.61744e-024 -6.61744e-024 0 
-6.61744e-024 1 -3.72529e-009 0 
6.61744e-024 3.72529e-009 1 0 
0 0 -1.19209e-007 1 

1 -6.61744e-024 -3.30872e-024 0 
-3.30872e-024 1 -1.80146e-033 0 
6.61744e-024 -1.80146e-033 1 0 
0 0 -4.17233e-007 1 

1 -3.30872e-024 0 0 
-3.30872e-024 1 -1.99789e-033 0 
6.61744e-024 -1.99789e-033 1 0 
-4.54747e-013 0 -3.57628e-007 1 

0.550462 -0.512107 0.659347 0 
-0.68411 -0.729364 0.00464797 0 
0.478524 -0.453624 -0.751825 0 
14.7041 34.9409 -2.44388 1 

0.0392959 -0.104638 0.993734 0 
-0.52547 -0.848049 -0.0685188 0 
0.849904 -0.519485 -0.0883094 0 
16.0316 33.9543 -3.03033 1 

0.0392959 -0.104638 0.993734 0 
-0.52547 -0.848049 -0.0685188 0 
0.849904 -0.519485 -0.0883093 0 
16.0316 33.9543 -3.03033 1 

0.999524 0.0306767 0.00324538 0 
-0.0293699 0.978529 -0.204004 0 
-0.00943387 0.203812 0.978965 0 
0.5684 0.594854 3.98599 1 

0.990202 0.0547071 0.128481 0 
-0.0337203 0.986512 -0.160175 0 
-0.135511 0.154273 0.978691 0 
0.464501 0.577477 4.09181 1 

0.990202 0.0547071 0.128481 0 
-0.0337203 0.986512 -0.160175 0 
-0.135511 0.154273 0.978691 -0 
0.464501 0.577474 4.09181 1 

1 0 6.61744e-024 0 
0 1 1.00553e-032 0 
0 1.00553e-032 1 0 
-7.94093e-023 -1.90735e-006 -5.96046e-008 1 

0.920996 0.00715381 -0.389505 0 
-0.00993099 0.999938 -0.00511685 0 
0.389444 0.00858077 0.92101 0 
0.116684 -0.0143871 0.749481 1 

0.920996 0.00715381 -0.389505 0 
-0.00993099 0.999937 -0.00511685 0 
0.389444 0.00858077 0.92101 0 
0.116684 -0.0143867 0.749481 1 

0.920997 0.00715381 -0.389505 0 
-0.00993099 0.999937 -0.00511685 0 
0.389444 0.00858077 0.92101 0 
0.116683 -0.0143872 0.749481 1 

-0.794956 0.281446 -0.537432 0 
-0.0212351 0.872425 0.488287 0 
0.606295 0.399579 -0.687563 0 
-2.96288 1.97781 -6.60514 1 

-0.77402 0.292831 -0.561376 0 
-0.249683 0.673609 0.695636 0 
0.581852 0.678602 -0.448271 0 
-1.3854 3.33348 -8.04936 1 

-0.77402 0.292831 -0.561376 0 
-0.249684 0.673609 0.695636 0 
0.581852 0.678602 -0.448271 0 
-1.3854 3.33348 -8.04936 1 

CLIPNAME#twitching
3

0.125
1 0 0 0 
0 1 2.87215e-033 0 
0 2.87215e-033 1 0 
-5.29396e-023 -1.90735e-006 -8.9407e-008 1 

1 -6.61744e-024 -6.61744e-024 0 
-6.61744e-024 1 -3.72529e-009 0 
6.61744e-024 3.72529e-009 1 0 
0 0 -1.19209e-007 1 

1 -6.61744e-024 -3.30872e-024 0 
-3.30872e-024 1 -1.80146e-033 0 
6.61744e-024 -1.80146e-033 1 0 
0 0 -4.17233e-007 1 

1 -3.30872e-024 0 0 
-3.30872e-024 1 -1.99789e-033 0 
6.61744e-024 -1.99789e-033 1 0 
-4.54747e-013 0 -3.57628e-007 1 

0.546673 -0.498551 0.672753 0 
-0.675194 -0.737637 0.0020225 0 
0.495239 -0.455344 -0.739865 0 
14.5458 35.0689 -2.42042 1 

0.0698616 -0.118076 0.990544 0 
-0.523473 -0.849608 -0.064356 0 
0.849173 -0.514027 -0.121165 0 
15.7243 34.1707 -3.04482 1 

0.0698617 -0.118076 0.990544 0 
-0.523473 -0.849608 -0.064356 0 
0.849173 -0.514027 -0.121165 0 
15.7243 34.1707 -3.04482 1 

0.999027 0.0339657 0.028149 0 
-0.0278033 0.980209 -0.196004 0 
-0.0342493 0.195031 0.980199 0 
0.524637 0.566135 3.89317 1 

0.996545 0.0420379 0.0716336 0 
-0.0285159 0.983201 -0.180284 0 
-0.078009 0.177618 0.981003 0 
0.479679 0.554039 3.92177 1 

0.996545 0.0420379 0.0716337 0 
-0.0285159 0.983201 -0.180284 0 
-0.078009 0.177618 0.981003 -0 
0.479679 0.554038 3.92177 1 

1 0 6.61744e-024 0 
0 1 1.00553e-032 0 
0 1.00553e-032 1 0 
-7.94093e-023 -1.90735e-006 -5.96046e-008 1 

0.920996 0.00715381 -0.389505 0 
-0.00993099 0.999938 -0.00511685 0 
0.389444 0.00858077 0.92101 0 
0.116684 -0.0143871 0.749481 1 

0.920996 0.00715381 -0.389505 0 
-0.00993099 0.999937 -0.00511685 0 
0.389444 0.00858077 0.92101 0 
0.116684 -0.0143867 0.749481 1 

0.920997 0.00715381 -0.389505 0 
-0.00993099 0.999937 -0.00511685 0 
0.389444 0.00858077 0.92101 0 
0.116683 -0.0143872 0.749481 1 

-0.794956 0.281446 -0.537432 0 
-0.0212351 0.872425 0.488287 0 
0.606295 0.399579 -0.687563 0 
-2.96288 1.97781 -6.60514 1 

-0.77402 0.292831 -0.561376 0 
-0.249683 0.673609 0.695636 0 
0.581852 0.678602 -0.448271 0 
-1.3854 3.33348 -8.04936 1 

-0.77402 0.292831 -0.561376 0 
-0.249684 0.673609 0.695636 0 
0.581852 0.678602 -0.448271 0 
-1.3854 3.33348 -8.04936 1 

0.166667
1 0 0 0 
0 1 2.87215e-033 0 
0 2.87215e-033 1 0 
-5.29396e-023 -1.90735e-006 -8.9407e-008 1 

1 -6.61744e-024 -6.61744e-024 0 
-6.61744e-024 1 -3.72529e-009 0 
6.61744e-024 3.72529e-009 1 0 
0 0 -1.19209e-007 1 

1 -6.61744e-024 -3.30872e-024 0 
-3.30872e-024 1 -1.80146e-033 0 
6.61744e-024 -1.80146e-033 1 0 
0 0 -4.17233e-007 1 

1 -3.30872e-024 0 0 
-3.30872e-024 1 -1.99789e-033 0 
6.61744e-024 -1.99789e-033 1 0 
-4.54747e-013 0 -3.57628e-007 1 

0.539189 -0.476298 0.694562 0 
-0.66038 -0.750928 -0.00229773 0 
0.52266 -0.457436 -0.719429 0 
14.2855 35.2736 -2.38087 1 

0.120373 -0.140566 0.982727 0 
-0.521205 -0.851462 -0.0579479 0 
0.8449 -0.505227 -0.175757 0 
15.2258 34.5155 -3.04374 1 

0.120374 -0.140566 0.982727 0 
-0.521205 -0.851462 -0.0579478 0 
0.8449 -0.505227 -0.175757 0 
15.2258 34.5155 -3.04374 1 

0.995413 0.0405915 0.0866348 0 
-0.0247795 0.984018 -0.176337 0 
-0.092408 0.173382 0.98051 0 
0.428549 0.49807 3.65678 1 

0.998952 0.0152697 -0.0431471 0 
-0.0246362 0.973879 -0.22573 0 
0.0385732 0.226556 0.973234 0 
0.571061 0.548145 3.61119 1 

0.998952 0.0152697 -0.0431471 0 
-0.0246362 0.973878 -0.225729 0 
0.0385732 0.226556 0.973234 -0 
0.571062 0.548145 3.61119 1 

1 0 6.61744e-024 0 
0 1 1.00553e-032 0 
0 1.00553e-032 1 0 
-7.94093e-023 -1.90735e-006 -5.96046e-008 1 

0.920996 0.00715381 -0.389505 0 
-0.00993099 0.999938 -0.00511685 0 
0.389444 0.00858077 0.92101 0 
0.116684 -0.0143871 0.749481 1 

0.920996 0.00715381 -0.389505 0 
-0.00993099 0.999937 -0.00511685 0 
0.389444 0.00858077 0.92101 0 
0.116684 -0.0143867 0.749481 1 

0.920997 0.00715381 -0.389505 0 
-0.00993099 0.999937 -0.00511685 0 
0.389444 0.00858077 0.92101 0 
0.116683 -0.0143872 0.749481 1 

-0.794956 0.281446 -0.537432 0 
-0.0212351 0.872425 0.488287 0 
0.606295 0.399579 -0.687563 0 
-2.96288 1.97781 -6.60514 1 

-0.77402 0.292831 -0.561376 0 
-0.249683 0.673609 0.695636 0 
0.581852 0.678602 -0.448271 0 
-1.3854 3.33348 -8.04936 1 

-0.77402 0.292831 -0.561376 0 
-0.249684 0.673609 0.695636 0 
0.581852 0.678602 -0.448271 0 
-1.3854 3.33348 -8.04936 1 

0.208333
1 0 0 0 
0 1 2.87215e-033 0 
0 2.87215e-033 1 0 
-5.29396e-023 -1.90735e-006 -8.9407e-008 1 

1 -6.61744e-024 -6.61744e-024 0 
-6.61744e-024 1 -3.72529e-009 0 
6.61744e-024 3.72529e-009 1 0 
0 0 -1.19209e-007 1 

1 -6.61744e-024 -3.30872e-024 0 
-3.30872e-024 1 -1.80146e-033 0 
6.61744e-024 -1.80146e-033 1 0 
0 0 -4.17233e-007 1 

1 -3.30872e-024 0 0 
-3.30872e-024 1 -1.99789e-033 0 
6.61744e-024 -1.99789e-033 1 0 
-4.54747e-013 0 -3.57628e-007 1 

0.538005 -0.454377 0.709995 0 
-0.643094 -0.765782 -0.00276861 0 
0.544959 -0.455104 -0.704201 0 
13.9592 35.5117 -2.40322 1 

0.163487 -0.156019 0.97413 0 
-0.514119 -0.856211 -0.0508493 0 
0.841994 -0.492505 -0.220191 0 
14.7276 34.8619 -3.07605 1 

0.163487 -0.15602 0.97413 0 
-0.514119 -0.856211 -0.0508494 0 
0.841994 -0.492505 -0.220191 0 
14.7276 34.8619 -3.07605 1 

0.992307 0.0389574 0.117514 0 
-0.0188792 0.985715 -0.167359 0 
-0.122355 0.163853 0.978868 0 
0.291021 0.456196 3.55858 1 

0.991386 -0.00903277 -0.130664 0 
-0.0261086 0.963968 -0.264732 0 
0.128347 0.265863 0.955429 0 
0.643252 0.597456 3.5149 1 

0.991386 -0.00903277 -0.130664 0 
-0.0261086 0.963969 -0.264732 0 
0.128347 0.265863 0.955429 -0 
0.643252 0.597458 3.5149 1 

1 0 6.61744e-024 0 
0 1 1.00553e-032 0 
0 1.00553e-032 1 0 
-7.94093e-023 -1.90735e-006 -5.96046e-008 1 

0.920996 0.00715381 -0.389505 0 
-0.00993099 0.999938 -0.00511685 0 
0.389444 0.00858077 0.92101 0 
0.116684 -0.0143871 0.749481 1 

0.920996 0.00715381 -0.389505 0 
-0.00993099 0.999937 -0.00511685 0 
0.389444 0.00858077 0.92101 0 
0.116684 -0.0143867 0.749481 1 

0.920997 0.00715381 -0.389505 0 
-0.00993099 0.999937 -0.00511685 0 
0.389444 0.00858077 0.92101 0 
0.116683 -0.0143872 0.749481 1 

-0.794956 0.281446 -0.537432 0 
-0.0212351 0.872425 0.488287 0 
0.606295 0.399579 -0.687563 0 
-2.96288 1.97781 -6.60514 1 

-0.77402 0.292831 -0.561376 0 
-0.249683 0.673609 0.695636 0 
0.581852 0.678602 -0.448271 0 
-1.3854 3.33348 -8.04936 1 

-0.77402 0.292831 -0.561376 0 
-0.249684 0.673609 0.695636 0 
0.581852 0.678602 -0.448271 0 
-1.3854 3.33348 -8.04936 1 

CLIPNAME#turning
3

0.25
1 0 0 0 
0 1 2.87215e-033 0 
0 2.87215e-033 1 0 
-5.29396e-023 -1.90735e-006 -8.9407e-008 1 

1 -6.61744e-024 -6.61744e-024 0 
-6.61744e-024 1 -3.72529e-009 0 
6.61744e-024 3.72529e-009 1 0 
0 0 -1.19209e-007 1 

1 -6.61744e-024 -3.30872e-024 0 
-3.30872e-024 1 -1.80146e-033 0 
6.61744e-024 -1.80146e-033 1 0 
0 0 -4.17233e-007 1 

1 -3.30872e-024 0 0 
-3.30872e-024 1 -1.99789e-033 0 
6.61744e-024 -1.99789e-033 1 0 
-4.54747e-013 0 -3.57628e-007 1 

0.540145 -0.430947 0.722861 0 
-0.622778 -0.782398 -0.00108159 0 
0.566031 -0.449598 -0.690993 0 
13.5648 35.7818 -2.46237 1 

0.206521 -0.168364 0.963848 0 
-0.50383 -0.862744 -0.042749 0 
0.838751 -0.476787 -0.263002 0 
14.1845 35.2287 -3.12781 1 

0.206521 -0.168364 0.963848 0 
-0.50383 -0.862744 -0.0427489 0 
0.838751 -0.476787 -0.263002 0 
14.1845 35.2287 -3.12781 1 

0.990015 0.0336908 0.136875 0 
-0.0110136 0.986537 -0.163168 0 
-0.140529 0.160032 0.977058 0 
0.122768 0.42499 3.52476 1 

0.976664 -0.0350028 -0.211902 0 
-0.0315648 0.952523 -0.302826 0 
0.212441 0.302448 0.92919 0 
0.718468 0.675457 3.49999 1 

0.976664 -0.0350029 -0.211902 0 
-0.0315648 0.952523 -0.302826 0 
0.212441 0.302448 0.92919 -0 
0.718468 0.675455 3.49999 1 

1 0 6.61744e-024 0 
0 1 1.00553e-032 0 
0 1.00553e-032 1 0 
-7.94093e-023 -1.90735e-006 -5.96046e-008 1 

0.920996 0.00715381 -0.389505 0 
-0.00993099 0.999938 -0.00511685 0 
0.389444 0.00858077 0.92101 0 
0.116684 -0.0143871 0.749481 1 

0.920996 0.00715381 -0.389505 0 
-0.00993099 0.999937 -0.00511685 0 
0.389444 0.00858077 0.92101 0 
0.116684 -0.0143867 0.749481 1 

0.920997 0.00715381 -0.389505 0 
-0.00993099 0.999937 -0.00511685 0 
0.389444 0.00858077 0.92101 0 
0.116683 -0.0143872 0.749481 1 

-0.794956 0.281446 -0.537432 0 
-0.0212351 0.872425 0.488287 0 
0.606295 0.399579 -0.687563 0 
-2.96288 1.97781 -6.60514 1 

-0.77402 0.292831 -0.561376 0 
-0.249683 0.673609 0.695636 0 
0.581852 0.678602 -0.448271 0 
-1.3854 3.33348 -8.04936 1 

-0.77402 0.292831 -0.561376 0 
-0.249684 0.673609 0.695636 0 
0.581852 0.678602 -0.448271 0 
-1.3854 3.33348 -8.04936 1 

0.291667
1 0 0 0 
0 1 2.87215e-033 0 
0 2.87215e-033 1 0 
-5.29396e-023 -1.90735e-006 -8.9407e-008 1 

1 -6.61744e-024 -6.61744e-024 0 
-6.61744e-024 1 -3.72529e-009 0 
6.61744e-024 3.72529e-009 1 0 
0 0 -1.19209e-007 1 

1 -6.61744e-024 -3.30872e-024 0 
-3.30872e-024 1 -1.80146e-033 0 
6.61744e-024 -1.80146e-033 1 0 
0 0 -4.17233e-007 1 

1 -3.30872e-024 0 0 
-3.30872e-024 1 -1.99789e-033 0 
6.61744e-024 -1.99789e-033 1 0 
-4.54747e-013 0 -3.57628e-007 1 

0.544851 -0.406002 0.73369 0 
-0.599542 -0.80034 0.00234672 0 
0.586248 -0.441157 -0.679481 0 
13.1066 36.0754 -2.55133 1 

0.250642 -0.178162 0.951545 0 
-0.490925 -0.870551 -0.0336845 0 
0.834369 -0.458694 -0.305661 0 
13.5937 35.6099 -3.19398 1 

0.250642 -0.178162 0.951545 0 
-0.490925 -0.870551 -0.0336845 0 
0.834369 -0.458694 -0.305661 0 
13.5937 35.6099 -3.19398 1 

0.988748 0.0260648 0.147303 0 
-0.00175775 0.98666 -0.162787 0 
-0.149581 0.160697 0.975603 0 
-0.0657022 0.40362 3.54299 1 

0.955244 -0.0631139 -0.289009 0 
-0.0407031 0.939641 -0.339732 0 
0.293007 0.336291 0.895017 0 
0.79769 0.77142 3.53301 1 

0.955244 -0.0631139 -0.289009 0 
-0.0407031 0.939641 -0.339732 0 
0.293007 0.336291 0.895017 -0 
0.797688 0.771419 3.53301 1 

1 0 6.61744e-024 0 
0 1 1.00553e-032 0 
0 1.00553e-032 1 0 
-7.94093e-023 -1.90735e-006 -5.96046e-008 1 

0.920996 0.00715381 -0.389505 0 
-0.00993099 0.999938 -0.00511685 0 
0.389444 0.00858077 0.92101 0 
0.116684 -0.0143871 0.749481 1 

0.920996 0.00715381 -0.389505 0 
-0.00993099 0.999937 -0.00511685 0 
0.389444 0.00858077 0.92101 0 
0.116684 -0.0143867 0.749481 1 

0.920997 0.00715381 -0.389505 0 
-0.00993099 0.999937 -0.00511685 0 
0.389444 0.00858077 0.92101 0 
0.116683 -0.0143872 0.749481 1 

-0.794956 0.281446 -0.537432 0 
-0.0212351 0.872425 0.488287 0 
0.606295 0.399579 -0.687563 0 
-2.96288 1.97781 -6.60514 1 

-0.77402 0.292831 -0.561376 0 
-0.249683 0.673609 0.695636 0 
0.581852 0.678602 -0.448271 0 
-1.3854 3.33348 -8.04936 1 

-0.77402 0.292831 -0.561376 0 
-0.249684 0.673609 0.695636 0 
0.581852 0.678602 -0.448271 0 
-1.3854 3.33348 -8.04936 1 

0.333333
1 0 0 0 
0 1 2.87215e-033 0 
0 2.87215e-033 1 0 
-5.29396e-023 -1.90735e-006 -8.9407e-008 1 

1 -6.61744e-024 -6.61744e-024 0 
-6.61744e-024 1 -3.72529e-009 0 
6.61744e-024 3.72529e-009 1 0 
0 0 -1.19209e-007 1 

1 -6.61744e-024 -3.30872e-024 0 
-3.30872e-024 1 -1.80146e-033 0 
6.61744e-024 -1.80146e-033 1 0 
0 0 -4.17233e-007 1 

1 -3.30872e-024 0 0 
-3.30872e-024 1 -1.99789e-033 0 
6.61744e-024 -1.99789e-033 1 0 
-4.54747e-013 0 -3.57628e-007 1 

0.551668 -0.379749 0.742599 0 
-0.573607 -0.819098 0.0072577 0 
0.605505 -0.429964 -0.669697 0 
12.5899 36.383 -2.66533 1 

0.296172 -0.185588 0.936931 0 
-0.475865 -0.879198 -0.0237274 0 
0.828151 -0.438825 -0.348709 0 
12.9586 35.9966 -3.27055 1 

0.296172 -0.185588 0.936931 0 
-0.475865 -0.879198 -0.0237274 0 
0.828151 -0.438825 -0.348709 0 
12.9586 35.9966 -3.27055 1 

0.988551 0.0167932 0.149951 0 
0.00838808 0.986134 -0.165737 0 
-0.150655 0.165097 0.974703 0 
-0.265043 0.392548 3.60691 1 

0.927482 -0.093181 -0.36207 0 
-0.0532685 0.925627 -0.37467 0 
0.370053 0.366786 0.853539 0 
0.880035 0.877638 3.59382 1 

0.927482 -0.093181 -0.36207 0 
-0.0532685 0.925627 -0.37467 0 
0.370054 0.366786 0.853539 -0 
0.880035 0.877636 3.59382 1 

1 0 6.61744e-024 0 
0 1 1.00553e-032 0 
0 1.00553e-032 1 0 
-7.94093e-023 -1.90735e-006 -5.96046e-008 1 

0.920996 0.00715381 -0.389505 0 
-0.00993099 0.999938 -0.00511685 0 
0.389444 0.00858077 0.92101 0 
0.116684 -0.0143871 0.749481 1 

0.920996 0.00715381 -0.389505 0 
-0.00993099 0.999937 -0.00511685 0 
0.389444 0.00858077 0.92101 0 
0.116684 -0.0143867 0.749481 1 

0.920997 0.00715381 -0.389505 0 
-0.00993099 0.999937 -0.00511685 0 
0.389444 0.00858077 0.92101 0 
0.116683 -0.0143872 0.749481 1 

-0.794956 0.281446 -0.537432 0 
-0.0212351 0.872425 0.488287 0 
0.606295 0.399579 -0.687563 0 
-2.96288 1.97781 -6.60514 1 

-0.77402 0.292831 -0.561376 0 
-0.249683 0.673609 0.695636 0 
0.581852 0.678602 -0.448271 0 
-1.3854 3.33348 -8.04936 1 

-0.77402 0.292831 -0.561376 0 
-0.249684 0.673609 0.695636 0 
0.581852 0.678602 -0.448271 0 
-1.3854 3.33348 -8.04936 1 

CLIPNAME#nodding
2

0.833333
1 0 0 0 
0 1 2.87215e-033 0 
0 2.87215e-033 1 0 
-5.29396e-023 -1.90735e-006 -8.9407e-008 1 

1 -6.61744e-024 -6.61744e-024 0 
-6.61744e-024 1 -3.72529e-009 0 
6.61744e-024 3.72529e-009 1 0 
0 0 -1.19209e-007 1 

1 -6.61744e-024 -3.30872e-024 0 
-3.30872e-024 1 -1.80146e-033 0 
6.61744e-024 -1.80146e-033 1 0 
0 0 -4.17233e-007 1 

1 -3.30872e-024 0 0 
-3.30872e-024 1 -1.99789e-033 0 
6.61744e-024 -1.99789e-033 1 0 
-4.54747e-013 0 -3.57628e-007 1 

0.705924 -0.04795 0.706663 0 
-0.181012 -0.976788 0.114544 0 
0.684767 -0.208774 -0.698217 0 
4.55438 38.7483 -4.69024 1 

0.88827 -0.196066 0.415373 0 
-0.301939 -0.930722 0.20637 0 
0.346134 -0.30873 -0.885933 0 
5.03841 38.9419 -4.3235 1 

0.88827 -0.196066 0.415373 0 
-0.301939 -0.930722 0.20637 0 
0.346134 -0.30873 -0.885933 0 
5.03841 38.9419 -4.3235 1 

0.997282 -0.0674072 -0.0297573 0 
0.0569919 0.961642 -0.268322 0 
0.0467027 0.265897 0.962869 0 
-1.09859 0.70664 5.15211 1 

0.336927 -0.408235 -0.848425 0 
-0.386193 0.761899 -0.519966 0 
0.858683 0.502846 0.0990472 0 
2.87609 2.07303 3.04452 1 

0.336927 -0.408235 -0.848425 0 
-0.386192 0.761899 -0.519966 0 
0.858683 0.502846 0.0990472 -0 
2.87609 2.07303 3.04452 1 

1 0 6.61744e-024 0 
0 1 1.00553e-032 0 
0 1.00553e-032 1 0 
-7.94093e-023 -1.90735e-006 -5.96046e-008 1 

0.920996 0.00715381 -0.389505 0 
-0.00993099 0.999938 -0.00511685 0 
0.389444 0.00858077 0.92101 0 
0.116684 -0.0143871 0.749481 1 

0.920996 0.00715381 -0.389505 0 
-0.00993099 0.999937 -0.00511685 0 
0.389444 0.00858077 0.92101 0 
0.116684 -0.0143867 0.749481 1 

0.920997 0.00715381 -0.389505 0 
-0.00993099 0.999937 -0.00511685 0 
0.389444 0.00858077 0.92101 0 
0.116683 -0.0143872 0.749481 1 

-0.794956 0.281446 -0.537432 0 
-0.0212351 0.872425 0.488287 0 
0.606295 0.399579 -0.687563 0 
-2.96288 1.97781 -6.60514 1 

-0.77402 0.292831 -0.561376 0 
-0.249683 0.673609 0.695636 0 
0.581852 0.678602 -0.448271 0 
-1.3854 3.33348 -8.04936 1 

-0.77402 0.292831 -0.561376 0 
-0.249684 0.673609 0.695636 0 
0.581852 0.678602 -0.448271 0 
-1.3854 3.33348 -8.04936 1 

0.875
1 0 0 0 
0 1 2.87215e-033 0 
0 2.87215e-033 1 0 
-5.29396e-023 -1.90735e-006 -8.9407e-008 1 

1 -6.61744e-024 -6.61744e-024 0 
-6.61744e-024 1 -3.72529e-009 0 
6.61744e-024 3.72529e-009 1 0 
0 0 -1.19209e-007 1 

1 -6.61744e-024 -3.30872e-024 0 
-3.30872e-024 1 -1.80146e-033 0 
6.61744e-024 -1.80146e-033 1 0 
0 0 -4.17233e-007 1 

1 -3.30872e-024 0 0 
-3.30872e-024 1 -1.99789e-033 0 
6.61744e-024 -1.99789e-033 1 0 
-4.54747e-013 0 -3.57628e-007 1 

0.448977 -0.789911 -0.417685 0 
-0.708031 -0.599654 0.372969 0 
-0.545079 0.12828 -0.828513 0 
14.9944 33.3265 -7.04241 1 

0.538566 -0.790971 -0.290364 0 
-0.722826 -0.610804 0.323174 0 
-0.432977 0.0358323 -0.900692 0 
14.6917 33.4486 -7.17143 1 

0.538566 -0.790971 -0.290365 0 
-0.722826 -0.610804 0.323174 0 
-0.432977 0.0358324 -0.900693 0 
14.6917 33.4486 -7.17143 1 

0.665367 0.715122 -0.214214 0 
-0.705915 0.696063 0.131074 0 
0.24284 0.0640043 0.967953 0 
13.0691 7.78045 -3.11929 1 

0.510578 0.609069 -0.606914 0 
-0.77699 0.629117 -0.0223069 0 
0.368234 0.482956 0.794454 0 
13.355 8.60742 -3.32577 1 

0.510578 0.609069 -0.606914 0 
-0.77699 0.629117 -0.0223069 0 
0.368234 0.482956 0.794454 -0 
13.355 8.60742 -3.32577 1 

1 0 6.61744e-024 0 
0 1 1.00553e-032 0 
0 1.00553e-032 1 0 
-7.94093e-023 -1.90735e-006 -5.96046e-008 1 

0.920996 0.00715381 -0.389505 0 
-0.00993099 0.999938 -0.00511685 0 
0.389444 0.00858077 0.92101 0 
0.116684 -0.0143871 0.749481 1 

0.920996 0.00715381 -0.389505 0 
-0.00993099 0.999937 -0.00511685 0 
0.389444 0.00858077 0.92101 0 
0.116684 -0.0143867 0.749481 1 

0.920997 0.00715381 -0.389505 0 
-0.00993099 0.999937 -0.00511685 0 
0.389444 0.00858077 0.92101 0 
0.116683 -0.0143872 0.749481 1 

-0.794956 0.281446 -0.537432 0 
-0.0212351 0.872425 0.488287 0 
0.606295 0.399579 -0.687563 0 
-2.96288 1.97781 -6.60514 1 

-0.77402 0.292831 -0.561376 0 
-0.249683 0.673609 0.695636 0 
0.581852 0.678602 -0.448271 0 
-1.3854 3.33348 -8.04936 1 

-0.77402 0.292831 -0.561376 0 
-0.249684 0.673609 0.695636 0 
0.581852 0.678602 -0.448271 0 
-1.3854 3.33348 -8.04936 1 

