1
BAKED_SKELETAL

19

CLIPNAME#walking
21

0.375
1 0 0 0 
0 1 0 0 
0 0 1 0 
0 -0.271834 0 1 

1 0 0 0 
0 1 0 0 
0 0 1 0 
0 -0.271834 0 1 

1 0 0 0 
0 1 0 0 
0 0 1 0 
0 -0.271833 -1.49012e-008 1 

1 0 0 0 
0 1 0 0 
0 0 1 0 
0 -0.271837 -2.98023e-008 1 

1 0 0 0 
0 1 0 0 
0 0 1 0 
0 -0.271835 -1.49012e-008 1 

0.387347 -0.913756 -0.122523 0 
0.899503 0.345433 0.267527 0 
-0.202131 -0.213835 0.955729 0 
-15.8331 14.6353 -4.85767 1 

-0.0649706 -0.49975 0.86373 0 
0.899503 0.345433 0.267527 0 
-0.432057 0.794309 0.427083 0 
-12.6873 12.4359 -12.5951 1 

-0.0649706 -0.49975 0.86373 0 
0.899503 0.345433 0.267527 0 
-0.432057 0.794309 0.427083 0 
-12.6873 12.4359 -12.5951 1 

0.326561 0.933733 0.146628 0 
-0.905395 0.264496 0.332118 0 
0.271327 -0.241213 0.931771 0 
15.9486 16.491 -6.1084 1 

-0.137432 0.557551 -0.818687 0 
-0.905395 0.264496 0.332118 0 
0.401713 0.786879 0.468454 0 
12.6028 14.3647 -13.5361 1 

-0.137432 0.557551 -0.818687 0 
-0.905395 0.264496 0.332118 0 
0.401713 0.786879 0.468454 0 
12.6028 14.3647 -13.5361 1 

0.999994 0.00119817 -0.00330342 0 
-0.00081637 0.993567 0.113245 0 
0.00341786 -0.113242 0.993562 0 
0.00999749 -0.180806 -1.42768 1 

0.999994 0.00119817 -0.00330342 0 
0.000791531 0.839112 0.543958 0 
0.0034237 -0.543957 0.839106 0 
-0.000174165 0.868433 -4.12626 1 

0.999994 0.00119817 -0.00330342 0 
0.000791531 0.839112 0.543958 0 
0.0034237 -0.543957 0.839106 0 
-0.000174284 0.868434 -4.12626 1 

0.999994 0.00119817 -0.00330342 0 
0.000791531 0.839112 0.543958 0 
0.0034237 -0.543957 0.839106 0 
-0.000174284 0.868434 -4.12626 1 

1 0.000111502 0.000427093 0 
0.000146511 0.828872 -0.559438 0 
-0.000416384 0.559438 0.828872 0 
-0.00181282 1.83791 7.10226 1 

1 0.000111502 0.000427093 0 
-0.000158557 0.993729 0.111813 0 
-0.000411947 -0.111813 0.993729 0 
0.00011611 0.907674 2.82861 1 

1 0.000111502 0.000427093 0 
-0.000158557 0.993729 0.111813 0 
-0.000411947 -0.111813 0.993729 0 
0.00011611 0.907674 2.82861 1 

1 0.000111502 0.000427093 0 
-0.000158557 0.993729 0.111813 0 
-0.000411947 -0.111813 0.993729 0 
0.00011611 0.907674 2.82861 1 

0.416667
1 0 0 0 
0 1 0 0 
0 0 1 0 
0 -0.307177 0 1 

1 0 0 0 
0 1 0 0 
0 0 1 0 
0 -0.307177 0 1 

1 0 0 0 
0 1 0 0 
0 0 1 0 
0 -0.307177 -1.49012e-008 1 

1 0 0 0 
0 1 0 0 
0 0 1 0 
0 -0.307178 -2.98023e-008 1 

1 0 0 0 
0 1 0 0 
0 0 1 0 
0 -0.307178 -1.49012e-008 1 

0.353396 -0.930031 -0.100767 0 
0.910274 0.317041 0.266245 0 
-0.215668 -0.185816 0.958624 0 
-15.958 15.2001 -4.88819 1 

-0.0713268 -0.513381 0.855191 0 
0.910274 0.317041 0.266245 0 
-0.407816 0.797449 0.444704 0 
-12.9838 12.9599 -12.3893 1 

-0.0713268 -0.513381 0.855191 0 
0.910274 0.317041 0.266245 0 
-0.407816 0.797449 0.444704 0 
-12.9838 12.9599 -12.3893 1 

0.292333 0.948422 0.122629 0 
-0.911767 0.237731 0.334912 0 
0.288485 -0.209715 0.934236 0 
15.9863 17.0234 -6.22567 1 

-0.145895 0.57479 -0.80519 0 
-0.911767 0.237731 0.334912 0 
0.383923 0.783007 0.489391 0 
12.8087 14.8934 -13.3645 1 

-0.145895 0.57479 -0.80519 0 
-0.911767 0.237731 0.334912 0 
0.383923 0.783007 0.489391 0 
12.8087 14.8934 -13.3645 1 

0.999994 0.00122517 -0.00328963 0 
-0.000837939 0.993338 0.115232 0 
0.00340889 -0.115229 0.993333 0 
0.0102715 -0.213095 -1.45285 1 

0.999994 0.00122517 -0.00328963 0 
0.000820668 0.829555 0.558424 0 
0.00341309 -0.558424 0.829549 0 
-0.000220776 0.897244 -4.2288 1 

0.999994 0.00122517 -0.00328963 0 
0.000820668 0.829555 0.558424 0 
0.00341309 -0.558424 0.829549 0 
-0.000220656 0.897244 -4.2288 1 

0.999994 0.00122517 -0.00328963 0 
0.000820668 0.829555 0.558424 0 
0.00341309 -0.558424 0.829549 0 
-0.000220656 0.897245 -4.2288 1 

1 0.000115791 0.000429172 0 
0.000150556 0.820188 -0.572094 0 
-0.000418245 0.572094 0.820188 0 
-0.00186372 1.91124 7.26341 1 

1 0.000115791 0.000429172 0 
-0.000163757 0.993537 0.113506 0 
-0.000413255 -0.113506 0.993537 0 
0.00012362 0.929693 2.89757 1 

1 0.000115791 0.000429172 0 
-0.000163757 0.993537 0.113506 0 
-0.000413255 -0.113506 0.993537 0 
0.00012362 0.929694 2.89757 1 

1 0.000115791 0.000429172 0 
-0.000163757 0.993537 0.113506 0 
-0.000413255 -0.113506 0.993537 0 
0.00012362 0.929694 2.89757 1 

0.458333
1 0 0 0 
0 1 0 0 
0 0 1 0 
0 -0.341307 0 1 

1 0 0 0 
0 1 0 0 
0 0 1 0 
0 -0.341307 0 1 

1 0 0 0 
0 1 0 0 
0 0 1 0 
0 -0.341307 -1.49012e-008 1 

1 0 0 0 
0 1 0 0 
0 0 1 0 
0 -0.341309 -2.98023e-008 1 

1 0 0 0 
0 1 0 0 
0 0 1 0 
0 -0.341309 -1.49012e-008 1 

0.353516 -0.928177 -0.116247 0 
0.911438 0.313815 0.266084 0 
-0.210493 -0.200017 0.956915 0 
-15.9788 15.218 -4.84566 1 

-0.0710131 -0.517027 0.853018 0 
0.911438 0.313815 0.266084 0 
-0.405263 0.796369 0.448953 0 
-13.0083 13.0297 -12.44 1 

-0.0710131 -0.517027 0.853018 0 
0.911438 0.313815 0.266084 0 
-0.405263 0.796369 0.448953 0 
-13.0083 13.0297 -12.44 1 

0.293113 0.945727 0.140301 0 
-0.912783 0.233151 0.335362 0 
0.28445 -0.226364 0.931583 0 
16.0073 17.068 -6.18843 1 

-0.146506 0.579541 -0.801666 0 
-0.912783 0.233151 0.335362 0 
0.381265 0.780879 0.494838 0 
12.8203 15.0023 -13.4267 1 

-0.146506 0.579541 -0.801666 0 
-0.912783 0.233151 0.335362 0 
0.381265 0.780879 0.494838 0 
12.8203 15.0023 -13.4267 1 

0.999994 0.00118408 -0.00331063 0 
-0.000910611 0.99668 0.081416 0 
0.00339604 -0.0814125 0.996675 0 
0.0111932 -0.292936 -1.02495 1 

0.999994 0.00118408 -0.00331063 0 
0.00091748 0.821089 0.570799 0 
0.00339419 -0.570799 0.821083 0 
-0.000370145 0.899839 -4.0911 1 

0.999994 0.00118408 -0.00331063 0 
0.00091748 0.821089 0.570799 0 
0.00339419 -0.570799 0.821083 0 
-0.000370145 0.899839 -4.0911 1 

0.999994 0.00118408 -0.00331063 0 
0.00091748 0.821089 0.570799 0 
0.00339419 -0.570799 0.821083 0 
-0.000370145 0.899839 -4.0911 1 

1 0.000108024 0.000425407 0 
0.000154443 0.820647 -0.571436 0 
-0.000410838 0.571436 0.820647 0 
-0.00191367 1.87136 7.25503 1 

1 0.000108024 0.000425407 0 
-0.000169545 0.989078 0.14739 0 
-0.00040484 -0.14739 0.989078 0 
0.000134706 0.926491 2.67984 1 

1 0.000108024 0.000425407 0 
-0.000169545 0.989078 0.14739 0 
-0.00040484 -0.14739 0.989078 0 
0.000134706 0.926491 2.67984 1 

1 0.000108024 0.000425407 0 
-0.000169545 0.989078 0.14739 0 
-0.00040484 -0.14739 0.989078 0 
0.000134706 0.926491 2.67984 1 

0.5
1 0 0 0 
0 1 0 0 
0 0 1 0 
0 -0.373773 0 1 

1 0 0 0 
0 1 0 0 
0 0 1 0 
0 -0.373773 0 1 

1 0 0 0 
0 1 0 0 
0 0 1 0 
0 -0.373774 -1.49012e-008 1 

1 0 0 0 
0 1 0 0 
0 0 1 0 
0 -0.373774 -2.98023e-008 1 

1 0 0 0 
0 1 0 0 
0 0 1 0 
0 -0.373775 -1.49012e-008 1 

0.353396 -0.922075 -0.15776 0 
0.914537 0.305059 0.265634 0 
-0.196809 -0.238151 0.951078 0 
-16.0331 15.3243 -4.73167 1 

-0.0696932 -0.528041 0.846354 0 
0.914537 0.305059 0.265634 0 
-0.398454 0.792535 0.461652 0 
-13.0791 13.2917 -12.5677 1 

-0.0696932 -0.528041 0.846354 0 
0.914537 0.305059 0.265634 0 
-0.398454 0.792535 0.461652 0 
-13.0791 13.2917 -12.5677 1 

0.294729 0.937023 0.187412 0 
-0.915453 0.220631 0.336553 0 
0.274009 -0.270759 0.922826 0 
16.0615 17.2475 -6.0893 1 

-0.147619 0.593905 -0.790876 0 
-0.915453 0.220631 0.336553 0 
0.374373 0.773692 0.511123 0 
12.8565 15.3759 -13.58 1 

-0.147619 0.593905 -0.790876 0 
-0.915453 0.220631 0.336553 0 
0.374373 0.773692 0.511123 0 
12.8565 15.3759 -13.58 1 

0.999994 0.00106312 -0.00337245 0 
-0.00103667 0.999969 0.00783559 0 
0.00338068 -0.00783204 0.999964 0 
0.0127909 -0.374392 -0.0934492 1 

0.999994 0.00106312 -0.00337245 0 
0.00108512 0.815455 0.57882 0 
0.00336544 -0.57882 0.815449 0 
-0.000627995 0.888513 -3.67427 1 

0.999994 0.00106312 -0.00337245 0 
0.00108512 0.815455 0.57882 0 
0.00336544 -0.57882 0.815449 0 
-0.000627995 0.888512 -3.67427 1 

0.999994 0.00106312 -0.00337245 0 
0.00108512 0.815455 0.57882 0 
0.00336544 -0.57882 0.815449 0 
-0.000627995 0.888512 -3.67427 1 

1 8.67616e-005 0.000415102 0 
0.000158574 0.831335 -0.555772 0 
-0.000393308 0.555772 0.831334 0 
-0.00196779 1.70513 7.05557 1 

1 8.67616e-005 0.000415102 0 
-0.000176543 0.975165 0.221479 0 
-0.000385577 -0.221479 0.975165 0 
0.000150681 0.925675 2.11494 1 

1 8.67616e-005 0.000415102 0 
-0.000176543 0.975165 0.221479 0 
-0.000385577 -0.221479 0.975165 0 
0.000150681 0.925675 2.11494 1 

1 8.67616e-005 0.000415102 0 
-0.000176543 0.975165 0.221479 0 
-0.000385577 -0.221479 0.975165 0 
0.000150681 0.925675 2.11494 1 

0.541667
1 0 0 0 
0 1 0 0 
0 0 1 0 
0 -0.404119 0 1 

1 0 0 0 
0 1 0 0 
0 0 1 0 
0 -0.404119 0 1 

1 0 0 0 
0 1 0 0 
0 0 1 0 
0 -0.404119 -1.49012e-008 1 

1 0 0 0 
0 1 0 0 
0 0 1 0 
0 -0.404121 -2.98023e-008 1 

1 0 0 0 
0 1 0 0 
0 0 1 0 
0 -0.404121 -1.49012e-008 1 

0.352131 -0.91033 -0.217494 0 
0.91894 0.292164 0.264932 0 
-0.177632 -0.293155 0.939419 0 
-16.1076 15.4916 -4.56782 1 

-0.0666087 -0.547123 0.834398 0 
0.91894 0.292164 0.264932 0 
-0.388732 0.784409 0.483312 0 
-13.1937 13.7267 -12.7284 1 

-0.0666087 -0.547123 0.834398 0 
0.91894 0.292164 0.264932 0 
-0.388732 0.784409 0.483312 0 
-13.1937 13.7267 -12.7284 1 

0.295913 0.920716 0.254395 0 
-0.919141 0.201956 0.338221 0 
0.260029 -0.333909 0.90603 0 
16.1336 17.5251 -5.94877 1 

-0.147977 0.618695 -0.771569 0 
-0.919141 0.201956 0.338221 0 
0.365079 0.75923 0.538783 0 
12.9203 15.9882 -13.7635 1 

-0.147977 0.618695 -0.771569 0 
-0.919141 0.201956 0.338221 0 
0.365079 0.75923 0.538783 0 
12.9203 15.9882 -13.7635 1 

0.999994 0.000874341 -0.00346894 0 
-0.00117449 0.996165 -0.0874889 0 
0.00337914 0.0874925 0.996159 0 
0.0145365 -0.366027 1.11418 1 

0.999994 0.000874341 -0.00346894 0 
0.00126754 0.820171 0.572117 0 
0.00334535 -0.572118 0.820165 0 
-0.000904918 0.857845 -3.02865 1 

0.999994 0.000874341 -0.00346894 0 
0.00126754 0.820171 0.572117 0 
0.00334535 -0.572118 0.820165 0 
-0.000904918 0.857846 -3.02866 1 

0.999994 0.000874341 -0.00346894 0 
0.00126754 0.820171 0.572117 0 
0.00334535 -0.572118 0.820165 0 
-0.000904918 0.857846 -3.02866 1 

1 5.68973e-005 0.000400627 0 
0.00016032 0.853335 -0.521364 0 
-0.000371533 0.521364 0.853335 0 
-0.00199211 1.39968 6.61759 1 

1 5.68973e-005 0.000400627 0 
-0.000180765 0.948598 0.316484 0 
-0.000362027 -0.316484 0.948598 0 
0.000163794 0.937605 1.30179 1 

1 5.68973e-005 0.000400627 0 
-0.000180765 0.948598 0.316484 0 
-0.000362027 -0.316484 0.948598 0 
0.000163794 0.937605 1.30179 1 

1 5.68973e-005 0.000400627 0 
-0.000180765 0.948598 0.316484 0 
-0.000362027 -0.316484 0.948598 0 
0.000163794 0.937605 1.30179 1 

0.583333
1 0 0 0 
0 1 0 0 
0 0 1 0 
0 -0.431893 0 1 

1 0 0 0 
0 1 0 0 
0 0 1 0 
0 -0.431893 0 1 

1 0 0 0 
0 1 0 0 
0 0 1 0 
0 -0.431894 -1.49012e-008 1 

1 0 0 0 
0 1 0 0 
0 0 1 0 
0 -0.431894 -2.98023e-008 1 

1 0 0 0 
0 1 0 0 
0 0 1 0 
0 -0.431896 -1.49012e-008 1 

0.349052 -0.891931 -0.287439 0 
0.924027 0.276528 0.264019 0 
-0.156002 -0.357758 0.920691 0 
-16.1896 15.6935 -4.37612 1 

-0.0612818 -0.574506 0.816203 0 
0.924027 0.276528 0.264019 0 
-0.377384 0.770373 0.513913 0 
-13.3466 14.31 -12.877 1 

-0.0612818 -0.574506 0.816203 0 
0.924027 0.276528 0.264019 0 
-0.377384 0.770373 0.513913 0 
-13.3466 14.31 -12.877 1 

0.295735 0.89595 0.331384 0 
-0.923208 0.178941 0.340099 0 
0.245413 -0.406515 0.880067 0 
16.2094 17.8658 -5.78789 1 

-0.146714 0.65384 -0.742272 0 
-0.923208 0.178941 0.340099 0 
0.355193 0.735169 0.577377 0 
13.0097 16.8024 -13.914 1 

-0.146714 0.65384 -0.742272 0 
-0.923208 0.178941 0.340099 0 
0.355193 0.735169 0.577377 0 
13.0097 16.8024 -13.914 1 

0.999993 0.000629292 -0.0035942 0 
-0.00129966 0.981843 -0.18969 0 
0.00340957 0.189693 0.981838 0 
0.0161188 -0.222512 2.41 1 

0.999993 0.000629292 -0.0035942 0 
0.00143085 0.838496 0.544905 0 
0.00335662 -0.544907 0.83849 0 
-0.00114417 0.807427 -2.21265 1 

0.999993 0.000629292 -0.0035942 0 
0.00143085 0.838496 0.544905 0 
0.00335662 -0.544907 0.83849 0 
-0.00114417 0.807428 -2.21265 1 

0.999993 0.000629292 -0.0035942 0 
0.00143085 0.838496 0.544905 0 
0.00335662 -0.544907 0.83849 0 
-0.00114417 0.807428 -2.21265 1 

1 2.30765e-005 0.000384234 0 
0.000158565 0.884879 -0.465821 0 
-0.000350751 0.465821 0.884879 0 
-0.00197196 0.97811 5.911 1 

1 2.30765e-005 0.000384234 0 
-0.000180259 0.910058 0.414481 0 
-0.000340111 -0.414481 0.910058 0 
0.000169516 0.966473 0.338413 1 

1 2.30765e-005 0.000384234 0 
-0.000180259 0.910058 0.414481 0 
-0.000340111 -0.414481 0.910058 0 
0.000169516 0.966473 0.338413 1 

1 2.30765e-005 0.000384234 0 
-0.000180259 0.910058 0.414481 0 
-0.000340111 -0.414481 0.910058 0 
0.000169516 0.966473 0.338413 1 

0.625
1 0 0 0 
0 1 0 0 
0 0 1 0 
0 -0.456639 0 1 

1 0 0 0 
0 1 0 0 
0 0 1 0 
0 -0.456639 0 1 

1 0 0 0 
0 1 0 0 
0 0 1 0 
0 -0.45664 -1.49012e-008 1 

1 0 0 0 
0 1 0 0 
0 0 1 0 
0 -0.45664 -2.98023e-008 1 

1 0 0 0 
0 1 0 0 
0 0 1 0 
0 -0.456642 -1.49012e-008 1 

0.34407 -0.86725 -0.359852 0 
0.92924 0.259556 0.262953 0 
-0.134644 -0.424863 0.895188 0 
-16.2692 15.907 -4.17759 1 

-0.0538538 -0.60894 0.791386 0 
0.92924 0.259556 0.262953 0 
-0.365531 0.749548 0.551874 0 
-13.526 14.9997 -12.976 1 

-0.0538538 -0.60894 0.791386 0 
0.92924 0.259556 0.262953 0 
-0.365531 0.749548 0.551874 0 
-13.526 14.9997 -12.976 1 

0.293916 0.863873 0.409069 0 
-0.927096 0.153504 0.341948 0 
0.232606 -0.47975 0.846011 0 
16.2777 18.2372 -5.62636 1 

-0.143694 0.697034 -0.702492 0 
-0.927096 0.153504 0.341948 0 
0.346185 0.700414 0.62416 0 
13.1162 17.7545 -13.9812 1 

-0.143694 0.697034 -0.702492 0 
-0.927096 0.153504 0.341948 0 
0.346185 0.700414 0.62416 0 
13.1162 17.7545 -13.9812 1 

0.999993 0.000341743 -0.00374117 0 
-0.00140064 0.957967 -0.286875 0 
0.00348588 0.286878 0.957961 0 
0.0173904 0.0456038 3.64334 1 

0.999993 0.000341743 -0.00374117 0 
0.00155832 0.868404 0.495855 0 
0.0034183 -0.495858 0.868397 0 
-0.00131524 0.743406 -1.29281 1 

0.999993 0.000341743 -0.00374117 0 
0.00155832 0.868404 0.495855 0 
0.0034183 -0.495858 0.868397 0 
-0.00131524 0.743406 -1.29281 1 

0.999993 0.000341743 -0.00374117 0 
0.00155832 0.868404 0.495855 0 
0.0034183 -0.495858 0.868397 0 
-0.00131524 0.743406 -1.29281 1 

1 -1.0904e-005 0.000367765 0 
0.000153525 0.920749 -0.390155 0 
-0.000334365 0.390155 0.920749 0 
-0.00190985 0.506857 4.94916 1 

1 -1.0904e-005 0.000367765 0 
-0.000174995 0.865166 0.501485 0 
-0.000323646 -0.501485 0.865166 0 
0.000166416 1.00798 -0.681602 1 

1 -1.0904e-005 0.000367765 0 
-0.000174995 0.865166 0.501485 0 
-0.000323646 -0.501485 0.865166 0 
0.000166416 1.00798 -0.681602 1 

1 -1.0904e-005 0.000367765 0 
-0.000174995 0.865166 0.501485 0 
-0.000323646 -0.501485 0.865166 0 
0.000166416 1.00798 -0.681602 1 

0.666667
1 0 0 0 
0 1 0 0 
0 0 1 0 
0 -0.477905 0 1 

1 0 0 0 
0 1 0 0 
0 0 1 0 
0 -0.477905 0 1 

1 0 0 0 
0 1 0 0 
0 0 1 0 
0 -0.477905 -1.49012e-008 1 

1 0 0 0 
0 1 0 0 
0 0 1 0 
0 -0.477907 -2.98023e-008 1 

1 0 0 0 
0 1 0 0 
0 0 1 0 
0 -0.477905 -1.49012e-008 1 

0.337699 -0.838383 -0.42787 0 
0.934119 0.242644 0.261813 0 
-0.11568 -0.488095 0.86509 0 
-16.3397 16.1135 -3.99075 1 

-0.0451013 -0.647343 0.760863 0 
0.934119 0.242644 0.261813 0 
-0.354102 0.722544 0.593752 0 
-13.7147 15.7341 -13.0048 1 

-0.0451013 -0.647343 0.760863 0 
0.934119 0.242644 0.261813 0 
-0.354102 0.722544 0.593752 0 
-13.7147 15.7341 -13.0048 1 

0.290767 0.827873 0.479668 0 
-0.930398 0.127703 0.343586 0 
0.223191 -0.546185 0.807383 0 
16.3319 18.6104 -5.48033 1 

-0.139396 0.743654 -0.653871 0 
-0.930398 0.127703 0.343586 0 
0.33901 0.656255 0.674093 0 
13.2268 18.7524 -13.9413 1 

-0.139396 0.743654 -0.653871 0 
-0.930398 0.127703 0.343586 0 
0.33901 0.656255 0.674093 0 
13.2268 18.7524 -13.9413 1 

0.999992 3.02797e-005 -0.00390037 0 
-0.00147188 0.928969 -0.370156 0 
0.00361211 0.370159 0.928962 0 
0.0182806 0.383527 4.70115 1 

0.999992 3.02797e-005 -0.00390037 0 
0.00164202 0.903775 0.428005 0 
0.00353802 -0.428008 0.903768 0 
-0.00140381 0.676746 -0.343403 1 

0.999992 3.02797e-005 -0.00390037 0 
0.00164202 0.903775 0.428005 0 
0.00353802 -0.428008 0.903768 0 
-0.00140405 0.676746 -0.343403 1 

0.999992 3.02797e-005 -0.00390037 0 
0.00164202 0.903775 0.428005 0 
0.00353802 -0.428008 0.903768 0 
-0.00140405 0.676746 -0.343403 1 

1 -4.22288e-005 0.000352582 0 
0.000145978 0.954014 -0.299762 0 
-0.00032371 0.299762 0.954014 0 
-0.00181532 0.0735893 3.8011 1 

1 -4.22288e-005 0.000352582 0 
-0.000165879 0.822362 0.568964 0 
-0.000313977 -0.568964 0.822362 0 
0.000155807 1.05204 -1.67196 1 

1 -4.22288e-005 0.000352582 0 
-0.000165879 0.822362 0.568964 0 
-0.000313977 -0.568964 0.822362 0 
0.000155687 1.05204 -1.67196 1 

1 -4.22288e-005 0.000352582 0 
-0.000165879 0.822362 0.568964 0 
-0.000313977 -0.568964 0.822362 0 
0.000155687 1.05204 -1.67196 1 

0.708333
1 0 0 0 
0 1 0 0 
0 0 1 0 
0 -0.495235 0 1 

1 0 0 0 
0 1 0 0 
0 0 1 0 
0 -0.495235 0 1 

1 0 0 0 
0 1 0 0 
0 0 1 0 
0 -0.495235 -1.49012e-008 1 

1 0 0 0 
0 1 0 0 
0 0 1 0 
0 -0.495237 -2.98023e-008 1 

1 0 0 0 
0 1 0 0 
0 0 1 0 
0 -0.495235 -1.49012e-008 1 

0.330878 -0.80888 -0.486039 0 
0.938311 0.227171 0.260704 0 
-0.100464 -0.542316 0.834146 0 
-16.3972 16.2978 -3.83032 1 

-0.0361993 -0.685257 0.727402 0 
0.938311 0.227171 0.260704 0 
-0.343894 0.691966 0.63476 0 
-13.8926 16.4367 -12.9656 1 

-0.0361993 -0.685257 0.727402 0 
0.938311 0.227171 0.260704 0 
-0.343894 0.691966 0.63476 0 
-13.8926 16.4367 -12.9656 1 

0.286955 0.792741 0.53779 0 
-0.932894 0.103712 0.344895 0 
0.217637 -0.600671 0.769304 0 
16.3693 18.957 -5.36069 1 

-0.134627 0.787796 -0.601043 0 
-0.932894 0.103712 0.344895 0 
0.334043 0.607141 0.720968 0 
13.3281 19.6882 -13.8068 1 

-0.134627 0.787796 -0.601043 0 
-0.932894 0.103712 0.344895 0 
0.334043 0.607141 0.720968 0 
13.3281 19.6882 -13.8068 1 

0.999992 -0.000279387 -0.00405865 0 
-0.00151079 0.900793 -0.434246 0 
0.00377732 0.434248 0.900785 0 
0.0187576 0.716931 5.51587 1 

0.999992 -0.000279387 -0.00405865 0 
0.00167938 0.93702 0.349272 0 
0.00370545 -0.349276 0.937013 0 
-0.00140989 0.61918 0.553636 1 

0.999992 -0.000279387 -0.00405865 0 
0.00167938 0.93702 0.349272 0 
0.00370545 -0.349276 0.937013 0 
-0.00140977 0.61918 0.553637 1 

0.999992 -0.000279387 -0.00405865 0 
0.00167938 0.93702 0.349272 0 
0.00370545 -0.349276 0.937013 0 
-0.00140977 0.61918 0.553637 1 

1 -6.891e-005 0.00033965 0 
0.00013687 0.978894 -0.204369 0 
-0.000318398 0.204369 0.978894 0 
-0.00170064 -0.249048 2.59059 1 

1 -6.891e-005 0.00033965 0 
-0.000154218 0.78918 0.614162 0 
-0.000310367 -0.614162 0.78918 0 
0.000139356 1.08826 -2.55523 1 

1 -6.891e-005 0.00033965 0 
-0.000154218 0.78918 0.614162 0 
-0.000310367 -0.614162 0.78918 0 
0.000139236 1.08826 -2.55523 1 

1 -6.891e-005 0.00033965 0 
-0.000154218 0.78918 0.614162 0 
-0.000310367 -0.614162 0.78918 0 
0.000139236 1.08826 -2.55523 1 

0.75
1 0 0 0 
0 1 0 0 
0 0 1 0 
0 -0.508177 0 1 

1 0 0 0 
0 1 0 0 
0 0 1 0 
0 -0.508177 0 1 

1 0 0 0 
0 1 0 0 
0 0 1 0 
0 -0.508177 -1.49012e-008 1 

1 0 0 0 
0 1 0 0 
0 0 1 0 
0 -0.508179 -2.98023e-008 1 

1 0 0 0 
0 1 0 0 
0 0 1 0 
0 -0.508179 -1.49012e-008 1 

0.324727 -0.782984 -0.530555 0 
0.941556 0.214485 0.259748 0 
-0.0895822 -0.583894 0.806872 0 
-16.4397 16.4469 -3.70681 1 

-0.0284396 -0.717724 0.695747 0 
0.941556 0.214485 0.259748 0 
-0.335655 0.662471 0.669677 0 
-14.0402 17.0272 -12.8841 1 

-0.0284396 -0.717724 0.695747 0 
0.941556 0.214485 0.259748 0 
-0.335655 0.662471 0.669677 0 
-14.0402 17.0272 -12.8841 1 

0.283273 0.763339 0.580577 0 
-0.93455 0.0837805 0.345828 0 
0.215343 -0.640542 0.737111 0 
16.3915 19.247 -5.27289 1 

-0.130251 0.823889 -0.551581 0 
-0.93455 0.0837805 0.345828 0 
0.331136 0.560524 0.759053 0 
13.4093 20.4579 -13.625 1 

-0.130251 0.823889 -0.551581 0 
-0.93455 0.0837805 0.345828 0 
0.331136 0.560524 0.759053 0 
13.4093 20.4579 -13.625 1 

0.999991 -0.000553125 -0.00419856 0 
-0.00151966 0.878531 -0.477683 0 
0.00395278 0.477685 0.878522 0 
0.0188529 0.981904 6.06843 1 

0.999991 -0.000553125 -0.00419856 0 
0.00167598 0.962178 0.272417 0 
0.00388908 -0.272422 0.96217 0 
-0.00135028 0.578591 1.30963 1 

0.999991 -0.000553125 -0.00419856 0 
0.00167598 0.962178 0.272417 0 
0.00388908 -0.272422 0.96217 0 
-0.0013504 0.578592 1.30963 1 

0.999991 -0.000553125 -0.00419856 0 
0.00167598 0.962178 0.272417 0 
0.00388908 -0.272422 0.96217 0 
-0.0013504 0.578592 1.30963 1 

1 -8.95102e-005 0.000329665 0 
0.000127491 0.993123 -0.117078 0 
-0.000316919 0.117078 0.993123 0 
-0.00158191 -0.433245 1.48376 1 

1 -8.95102e-005 0.000329665 0 
-0.000141877 0.769057 0.63918 0 
-0.000310745 -0.63918 0.769057 0 
0.000120878 1.11091 -3.26238 1 

1 -8.95102e-005 0.000329665 0 
-0.000141877 0.769057 0.63918 0 
-0.000310745 -0.63918 0.769057 0 
0.000120997 1.11091 -3.26238 1 

1 -8.95102e-005 0.000329665 0 
-0.000141877 0.769057 0.63918 0 
-0.000310745 -0.63918 0.769057 0 
0.000120997 1.11091 -3.26238 1 

0.791667
1 0 0 0 
0 1 0 0 
0 0 1 0 
0 -0.516273 0 1 

1 0 0 0 
0 1 0 0 
0 0 1 0 
0 -0.516273 0 1 

1 0 0 0 
0 1 0 0 
0 0 1 0 
0 -0.516273 -1.49012e-008 1 

1 0 0 0 
0 1 0 0 
0 0 1 0 
0 -0.516275 -2.98023e-008 1 

1 0 0 0 
0 1 0 0 
0 0 1 0 
0 -0.516273 -1.49012e-008 1 

0.320345 -0.764835 -0.558933 0 
0.943653 0.20591 0.259078 0 
-0.0830618 -0.610433 0.787701 0 
-16.4664 16.5472 -3.62758 1 

-0.023032 -0.740097 0.672105 0 
0.943653 0.20591 0.259078 0 
-0.330136 0.640201 0.693652 0 
-14.14 17.4306 -12.8031 1 

-0.023032 -0.740097 0.672105 0 
0.943653 0.20591 0.259078 0 
-0.330136 0.640201 0.693652 0 
-14.14 17.4306 -12.8031 1 

0.280526 0.74358 0.606954 0 
-0.935464 0.0701777 0.346384 0 
0.21497 -0.664954 0.715279 0 
16.402 19.4471 -5.21881 1 

-0.127088 0.847733 -0.514973 0 
-0.935464 0.0701777 0.346384 0 
0.329781 0.52576 0.784105 0 
13.4629 20.9736 -13.4655 1 

-0.127088 0.847733 -0.514973 0 
-0.935464 0.0701777 0.346384 0 
0.329781 0.52576 0.784105 0 
13.4629 20.9736 -13.4655 1 

0.99999 -0.000749391 -0.00429888 0 
-0.00151021 0.864832 -0.502059 0 
0.00409404 0.502061 0.864823 0 
0.0187198 1.14511 6.37867 1 

0.99999 -0.000749391 -0.00429888 0 
0.0016513 0.976869 0.21383 0 
0.0040392 -0.213835 0.976861 0 
-0.0012691 0.556475 1.83151 1 

0.99999 -0.000749391 -0.00429888 0 
0.0016513 0.976869 0.21383 0 
0.0040392 -0.213835 0.976861 0 
-0.00126922 0.556475 1.83151 1 

0.99999 -0.000749391 -0.00429888 0 
0.0016513 0.976869 0.21383 0 
0.0040392 -0.213835 0.976861 0 
-0.00126922 0.556475 1.83151 1 

1 -0.000102836 0.000323207 0 
0.000119877 0.998585 -0.0531777 0 
-0.000317281 0.0531777 0.998585 0 
-0.00148559 -0.503976 0.674038 1 

1 -0.000102836 0.000323207 0 
-0.000131738 0.760346 0.649518 0 
-0.000312543 -0.649518 0.760346 0 
0.000105262 1.12085 -3.73092 1 

1 -0.000102836 0.000323207 0 
-0.000131738 0.760346 0.649518 0 
-0.000312543 -0.649518 0.760346 0 
0.000105262 1.12085 -3.73092 1 

1 -0.000102836 0.000323207 0 
-0.000131738 0.760346 0.649518 0 
-0.000312543 -0.649518 0.760346 0 
0.000105262 1.12085 -3.73092 1 

0.833333
1 0 0 0 
0 1 0 0 
0 0 1 0 
0 -0.519073 0 1 

1 0 0 0 
0 1 0 0 
0 0 1 0 
0 -0.519073 0 1 

1 0 0 0 
0 1 0 0 
0 0 1 0 
0 -0.519073 -1.49012e-008 1 

1 0 0 0 
0 1 0 0 
0 0 1 0 
0 -0.519075 -2.98023e-008 1 

1 0 0 0 
0 1 0 0 
0 0 1 0 
0 -0.519073 -1.49012e-008 1 

0.318696 -0.758066 -0.569006 0 
0.944404 0.202758 0.258827 0 
-0.0808372 -0.619859 0.780539 0 
-16.4758 16.5841 -3.59934 1 

-0.0210204 -0.748368 0.66295 0 
0.944404 0.202758 0.258827 0 
-0.328116 0.631534 0.702499 0 
-14.1766 17.5793 -12.768 1 

-0.0210204 -0.748368 0.66295 0 
0.944404 0.202758 0.258827 0 
-0.328116 0.631534 0.702499 0 
-14.1766 17.5793 -12.768 1 

0.279463 0.736407 0.616121 0 
-0.935757 0.0651521 0.346574 0 
0.215077 -0.673395 0.707306 0 
16.4049 19.5216 -5.20002 1 

-0.125881 0.856325 -0.500861 0 
-0.935757 0.0651521 0.346574 0 
0.329412 0.512312 0.793111 0 
13.4823 21.1614 -13.3994 1 

-0.125881 0.856325 -0.500861 0 
-0.935757 0.0651521 0.346574 0 
0.329412 0.512312 0.793111 0 
13.4823 21.1614 -13.3994 1 

0.99999 -0.00082397 -0.004337 0 
-0.00150281 0.860212 -0.509934 0 
0.00415091 0.509936 0.860203 0 
0.0186206 1.20013 6.47893 1 

0.99999 -0.00082397 -0.004337 0 
0.00163662 0.981615 0.190866 0 
0.00409999 -0.190871 0.981607 0 
-0.00122929 0.549723 2.02565 1 

0.99999 -0.00082397 -0.004337 0 
0.00163662 0.981615 0.190866 0 
0.00409999 -0.190871 0.981607 0 
-0.00122941 0.549723 2.02565 1 

0.99999 -0.00082397 -0.004337 0 
0.00163662 0.981615 0.190866 0 
0.00409999 -0.190871 0.981607 0 
-0.00122941 0.549723 2.02565 1 

1 -0.000107618 0.000320889 0 
0.000116755 0.999591 -0.0286116 0 
-0.000317678 0.0286116 0.999591 0 
-0.00144601 -0.516996 0.362857 1 

1 -0.000107618 0.000320889 0 
-0.000127563 0.758341 0.651858 0 
-0.000313495 -0.651858 0.758341 0 
9.87053e-005 1.12315 -3.90101 1 

1 -0.000107618 0.000320889 0 
-0.000127563 0.758341 0.651858 0 
-0.000313495 -0.651858 0.758341 0 
9.87053e-005 1.12315 -3.90101 1 

1 -0.000107618 0.000320889 0 
-0.000127563 0.758341 0.651858 0 
-0.000313495 -0.651858 0.758341 0 
9.87053e-005 1.12315 -3.90101 1 

0.875
1 0 0 0 
0 1 0 0 
0 0 1 0 
0 -0.517382 0 1 

1 0 0 0 
0 1 0 0 
0 0 1 0 
0 -0.517382 0 1 

1 0 0 0 
0 1 0 0 
0 0 1 0 
0 -0.517382 -1.49012e-008 1 

1 0 0 0 
0 1 0 0 
0 0 1 0 
0 -0.517384 -2.98023e-008 1 

1 0 0 0 
0 1 0 0 
0 0 1 0 
0 -0.517384 -1.49012e-008 1 

0.320345 -0.764835 -0.558933 0 
0.943652 0.20591 0.259078 0 
-0.0830618 -0.610433 0.787701 0 
-16.4664 16.5461 -3.62758 1 

-0.023032 -0.740097 0.672105 0 
0.943652 0.20591 0.259078 0 
-0.330136 0.640201 0.693652 0 
-14.14 17.4295 -12.8031 1 

-0.023032 -0.740097 0.672105 0 
0.943652 0.20591 0.259078 0 
-0.330136 0.640201 0.693652 0 
-14.14 17.4295 -12.8031 1 

0.280526 0.74358 0.606954 0 
-0.935464 0.0701777 0.346384 0 
0.21497 -0.664954 0.715279 0 
16.402 19.446 -5.21881 1 

-0.127088 0.847733 -0.514973 0 
-0.935464 0.0701777 0.346384 0 
0.329781 0.52576 0.784105 0 
13.4629 20.9724 -13.4655 1 

-0.127088 0.847733 -0.514973 0 
-0.935464 0.0701777 0.346384 0 
0.329781 0.52576 0.784105 0 
13.4629 20.9724 -13.4655 1 

0.99999 -0.000749481 -0.00429892 0 
-0.00151106 0.86472 -0.502252 0 
0.00409379 0.502253 0.864711 0 
0.0187306 1.1454 6.38112 1 

0.99999 -0.000749481 -0.00429892 0 
0.00165246 0.976813 0.214086 0 
0.00403879 -0.214091 0.976805 0 
-0.00127101 0.556484 1.83112 1 

0.99999 -0.000749481 -0.00429892 0 
0.00165246 0.976813 0.214086 0 
0.00403879 -0.214091 0.976805 0 
-0.00127101 0.556484 1.83112 1 

0.99999 -0.000749481 -0.00429892 0 
0.00165246 0.976813 0.214086 0 
0.00403879 -0.214091 0.976805 0 
-0.00127101 0.556484 1.83112 1 

1 -0.000102846 0.000323202 0 
0.000119938 0.998577 -0.0533373 0 
-0.000317256 0.0533374 0.998576 0 
-0.0014863 -0.504992 0.676061 1 

1 -0.000102846 0.000323202 0 
-0.000131821 0.760152 0.649746 0 
-0.000312506 -0.649746 0.760152 0 
0.0001055 1.12108 -3.73131 1 

1 -0.000102846 0.000323202 0 
-0.000131821 0.760152 0.649746 0 
-0.000312506 -0.649746 0.760152 0 
0.000105381 1.12108 -3.73131 1 

1 -0.000102846 0.000323202 0 
-0.000131821 0.760152 0.649746 0 
-0.000312506 -0.649746 0.760152 0 
0.000105381 1.12108 -3.73131 1 

0.916667
1 0 0 0 
0 1 0 0 
0 0 1 0 
0 -0.512461 0 1 

1 0 0 0 
0 1 0 0 
0 0 1 0 
0 -0.512461 0 1 

1 0 0 0 
0 1 0 0 
0 0 1 0 
0 -0.512461 -1.49012e-008 1 

1 0 0 0 
0 1 0 0 
0 0 1 0 
0 -0.512463 -2.98023e-008 1 

1 0 0 0 
0 1 0 0 
0 0 1 0 
0 -0.512463 -1.49012e-008 1 

0.324727 -0.782984 -0.530555 0 
0.941556 0.214485 0.259748 0 
-0.0895822 -0.583894 0.806872 0 
-16.4397 16.4426 -3.70681 1 

-0.0284396 -0.717724 0.695747 0 
0.941556 0.214485 0.259748 0 
-0.335655 0.662471 0.669677 0 
-14.0402 17.0229 -12.8841 1 

-0.0284396 -0.717724 0.695747 0 
0.941556 0.214485 0.259748 0 
-0.335655 0.662471 0.669677 0 
-14.0402 17.0229 -12.8841 1 

0.283273 0.763339 0.580577 0 
-0.93455 0.0837805 0.345828 0 
0.215343 -0.640542 0.737111 0 
16.3915 19.2427 -5.27289 1 

-0.130251 0.823889 -0.551581 0 
-0.93455 0.0837805 0.345828 0 
0.331136 0.560525 0.759053 0 
13.4093 20.4536 -13.625 1 

-0.130251 0.823889 -0.551581 0 
-0.93455 0.0837805 0.345828 0 
0.331136 0.560525 0.759053 0 
13.4093 20.4536 -13.625 1 

0.999991 -0.000553377 -0.00419869 0 
-0.00152273 0.87814 -0.478401 0 
0.00395177 0.478403 0.878131 0 
0.018892 0.982496 6.07756 1 

0.999991 -0.000553377 -0.00419869 0 
0.00168014 0.961905 0.273379 0 
0.00388746 -0.273383 0.961897 0 
-0.00135696 0.578718 1.30812 1 

0.999991 -0.000553377 -0.00419869 0 
0.00168014 0.961905 0.273379 0 
0.00388746 -0.273383 0.961897 0 
-0.00135696 0.578718 1.30812 1 

0.999991 -0.000553377 -0.00419869 0 
0.00168014 0.961905 0.273379 0 
0.00388746 -0.273383 0.961897 0 
-0.00135696 0.578718 1.30812 1 

1 -8.95451e-005 0.000329649 0 
0.000127714 0.993052 -0.117675 0 
-0.000316821 0.117675 0.993052 0 
-0.00158477 -0.436696 1.49133 1 

1 -8.95451e-005 0.000329649 0 
-0.000142182 0.768352 0.640027 0 
-0.000310598 -0.640027 0.768352 0 
0.000121355 1.11172 -3.26384 1 

1 -8.95451e-005 0.000329649 0 
-0.000142182 0.768352 0.640027 0 
-0.000310598 -0.640027 0.768352 0 
0.000121474 1.11172 -3.26384 1 

1 -8.95451e-005 0.000329649 0 
-0.000142182 0.768352 0.640027 0 
-0.000310598 -0.640027 0.768352 0 
0.000121474 1.11172 -3.26384 1 

0.958333
1 0 0 0 
0 1 0 0 
0 0 1 0 
0 -0.504539 0 1 

1 0 0 0 
0 1 0 0 
0 0 1 0 
0 -0.504539 0 1 

1 0 0 0 
0 1 0 0 
0 0 1 0 
0 -0.504539 -1.49012e-008 1 

1 0 0 0 
0 1 0 0 
0 0 1 0 
0 -0.504541 -2.98023e-008 1 

1 0 0 0 
0 1 0 0 
0 0 1 0 
0 -0.504539 -1.49012e-008 1 

0.330878 -0.80888 -0.486039 0 
0.938311 0.227171 0.260704 0 
-0.100464 -0.542316 0.834146 0 
-16.3972 16.2885 -3.83032 1 

-0.0361993 -0.685257 0.727402 0 
0.938311 0.227171 0.260704 0 
-0.343894 0.691966 0.63476 0 
-13.8926 16.4274 -12.9656 1 

-0.0361993 -0.685257 0.727402 0 
0.938311 0.227171 0.260704 0 
-0.343894 0.691966 0.63476 0 
-13.8926 16.4274 -12.9656 1 

0.286955 0.792741 0.53779 0 
-0.932894 0.103712 0.344895 0 
0.217637 -0.600671 0.769304 0 
16.3693 18.9477 -5.36069 1 

-0.134627 0.787796 -0.601043 0 
-0.932894 0.103712 0.344895 0 
0.334043 0.607141 0.720968 0 
13.3281 19.6789 -13.8068 1 

-0.134627 0.787796 -0.601043 0 
-0.932894 0.103712 0.344895 0 
0.334043 0.607141 0.720968 0 
13.3281 19.6789 -13.8068 1 

0.999992 -0.000279655 -0.00405878 0 
-0.00151691 0.900067 -0.435749 0 
0.00377504 0.435751 0.900059 0 
0.0188353 0.716669 5.53498 1 

0.999992 -0.000279655 -0.00405878 0 
0.00168771 0.93626 0.351303 0 
0.00370183 -0.351307 0.936253 0 
-0.00142336 0.619722 0.550395 1 

0.999992 -0.000279655 -0.00405878 0 
0.00168771 0.93626 0.351303 0 
0.00370183 -0.351307 0.936253 0 
-0.00142336 0.619722 0.550395 1 

0.999992 -0.000279655 -0.00405878 0 
0.00168771 0.93626 0.351303 0 
0.00370183 -0.351307 0.936253 0 
-0.00142336 0.619722 0.550395 1 

1 -6.897e-005 0.000339621 0 
0.000137333 0.978629 -0.205633 0 
-0.000318181 0.205633 0.978629 0 
-0.00170648 -0.255131 2.60661 1 

1 -6.897e-005 0.000339621 0 
-0.000154854 0.787789 0.615945 0 
-0.000310031 -0.615945 0.787789 0 
0.000140309 1.08982 -2.55829 1 

1 -6.897e-005 0.000339621 0 
-0.000154854 0.787789 0.615945 0 
-0.000310031 -0.615945 0.787789 0 
0.000140429 1.08981 -2.55828 1 

1 -6.897e-005 0.000339621 0 
-0.000154854 0.787789 0.615945 0 
-0.000310031 -0.615945 0.787789 0 
0.000140429 1.08981 -2.55828 1 

1
1 0 0 0 
0 1 0 0 
0 0 1 0 
0 -0.493851 0 1 

1 0 0 0 
0 1 0 0 
0 0 1 0 
0 -0.493851 0 1 

1 0 0 0 
0 1 0 0 
0 0 1 0 
0 -0.493851 -1.49012e-008 1 

1 0 0 0 
0 1 0 0 
0 0 1 0 
0 -0.493853 -2.98023e-008 1 

1 0 0 0 
0 1 0 0 
0 0 1 0 
0 -0.493851 -1.49012e-008 1 

0.337699 -0.838383 -0.42787 0 
0.934119 0.242644 0.261813 0 
-0.11568 -0.488095 0.86509 0 
-16.3397 16.0975 -3.99075 1 

-0.0451013 -0.647343 0.760863 0 
0.934119 0.242644 0.261813 0 
-0.354102 0.722545 0.593752 0 
-13.7147 15.7181 -13.0048 1 

-0.0451013 -0.647343 0.760863 0 
0.934119 0.242644 0.261813 0 
-0.354102 0.722545 0.593752 0 
-13.7147 15.7181 -13.0048 1 

0.290767 0.827873 0.479667 0 
-0.930398 0.127703 0.343586 0 
0.223191 -0.546185 0.807383 0 
16.3319 18.5945 -5.48033 1 

-0.139396 0.743654 -0.653871 0 
-0.930398 0.127703 0.343586 0 
0.33901 0.656255 0.674093 0 
13.2268 18.7364 -13.9413 1 

-0.139396 0.743654 -0.653871 0 
-0.930398 0.127703 0.343586 0 
0.33901 0.656255 0.674093 0 
13.2268 18.7364 -13.9413 1 

0.999992 3.0328e-005 -0.00390034 0 
-0.00148165 0.927967 -0.372659 0 
0.00360809 0.372662 0.92796 0 
0.0184046 0.380003 4.73294 1 

0.999992 3.0328e-005 -0.00390034 0 
0.00165535 0.902148 0.431424 0 
0.00353177 -0.431427 0.902141 0 
-0.00142586 0.678176 -0.348963 1 

0.999992 3.0328e-005 -0.00390034 0 
0.00165535 0.902148 0.431424 0 
0.00353177 -0.431427 0.902141 0 
-0.00142574 0.678176 -0.348962 1 

0.999992 3.0328e-005 -0.00390034 0 
0.00165535 0.902148 0.431424 0 
0.00353177 -0.431427 0.902141 0 
-0.00142574 0.678176 -0.348962 1 

1 -4.22942e-005 0.00035255 0 
0.000146762 0.953334 -0.301917 0 
-0.000323329 0.301917 0.953334 0 
-0.00182533 0.0660305 3.82846 1 

1 -4.22942e-005 0.00035255 0 
-0.000166957 0.820271 0.571975 0 
-0.000313378 -0.571975 0.820271 0 
0.000157475 1.05428 -1.67705 1 

1 -4.22942e-005 0.00035255 0 
-0.000166957 0.820271 0.571975 0 
-0.000313378 -0.571975 0.820271 0 
0.000157475 1.05428 -1.67705 1 

1 -4.22942e-005 0.00035255 0 
-0.000166957 0.820271 0.571975 0 
-0.000313378 -0.571975 0.820271 0 
0.000157475 1.05428 -1.67705 1 

1.04167
1 0 0 0 
0 1 0 0 
0 0 1 0 
0 -0.480624 0 1 

1 0 0 0 
0 1 0 0 
0 0 1 0 
0 -0.480624 0 1 

1 0 0 0 
0 1 0 0 
0 0 1 0 
0 -0.480623 -1.49012e-008 1 

1 0 0 0 
0 1 0 0 
0 0 1 0 
0 -0.480627 -2.98023e-008 1 

1 0 0 0 
0 1 0 0 
0 0 1 0 
0 -0.480625 -1.49012e-008 1 

0.34407 -0.86725 -0.359852 0 
0.92924 0.259556 0.262953 0 
-0.134644 -0.424863 0.895188 0 
-16.2692 15.8831 -4.17759 1 

-0.0538538 -0.60894 0.791386 0 
0.92924 0.259556 0.262953 0 
-0.365531 0.749548 0.551874 0 
-13.526 14.9758 -12.976 1 

-0.0538538 -0.60894 0.791386 0 
0.92924 0.259556 0.262953 0 
-0.365531 0.749548 0.551874 0 
-13.526 14.9758 -12.976 1 

0.293916 0.863873 0.409069 0 
-0.927096 0.153504 0.341948 0 
0.232606 -0.47975 0.846011 0 
16.2777 18.2133 -5.62636 1 

-0.143694 0.697034 -0.702492 0 
-0.927096 0.153504 0.341948 0 
0.346185 0.700414 0.62416 0 
13.1162 17.7305 -13.9812 1 

-0.143694 0.697034 -0.702492 0 
-0.927096 0.153504 0.341948 0 
0.346185 0.700414 0.62416 0 
13.1162 17.7305 -13.9812 1 

0.999993 0.000342526 -0.00374077 0 
-0.0014148 0.956845 -0.290594 0 
0.0034798 0.290597 0.956839 0 
0.0175704 0.0354376 3.69054 1 

0.999993 0.000342526 -0.00374077 0 
0.00157766 0.865451 0.500991 0 
0.00340906 -0.500993 0.865445 0 
-0.00134659 0.746308 -1.30131 1 

0.999993 0.000342526 -0.00374077 0 
0.00157766 0.865451 0.500991 0 
0.00340906 -0.500993 0.865445 0 
-0.00134659 0.746308 -1.30131 1 

0.999993 0.000342526 -0.00374077 0 
0.00157766 0.865451 0.500991 0 
0.00340906 -0.500993 0.865445 0 
-0.00134659 0.746308 -1.30131 1 

1 -1.09305e-005 0.000367752 0 
0.000154739 0.919348 -0.393445 0 
-0.000333791 0.393445 0.919348 0 
-0.00192535 0.500276 4.99096 1 

1 -1.09305e-005 0.000367752 0 
-0.000176664 0.862518 0.506026 0 
-0.000322724 -0.506026 0.862518 0 
0.000169039 1.0106 -0.689127 1 

1 -1.09305e-005 0.000367752 0 
-0.000176664 0.862518 0.506026 0 
-0.000322724 -0.506026 0.862518 0 
0.000169039 1.0106 -0.689127 1 

1 -1.09305e-005 0.000367752 0 
-0.000176664 0.862518 0.506026 0 
-0.000322724 -0.506026 0.862518 0 
0.000169039 1.0106 -0.689127 1 

1.08333
1 0 0 0 
0 1 0 0 
0 0 1 0 
0 -0.46509 0 1 

1 0 0 0 
0 1 0 0 
0 0 1 0 
0 -0.46509 0 1 

1 0 0 0 
0 1 0 0 
0 0 1 0 
0 -0.46509 -1.49012e-008 1 

1 0 0 0 
0 1 0 0 
0 0 1 0 
0 -0.465092 -2.98023e-008 1 

1 0 0 0 
0 1 0 0 
0 0 1 0 
0 -0.465092 -1.49012e-008 1 

0.349052 -0.891931 -0.287439 0 
0.924027 0.276528 0.264019 0 
-0.156002 -0.357758 0.920691 0 
-16.1896 15.6603 -4.37612 1 

-0.0612818 -0.574506 0.816203 0 
0.924027 0.276528 0.264019 0 
-0.377384 0.770373 0.513913 0 
-13.3466 14.2768 -12.877 1 

-0.0612818 -0.574506 0.816203 0 
0.924027 0.276528 0.264019 0 
-0.377384 0.770373 0.513913 0 
-13.3466 14.2768 -12.877 1 

0.295735 0.89595 0.331384 0 
-0.923208 0.178941 0.340099 0 
0.245413 -0.406515 0.880067 0 
16.2094 17.8326 -5.78789 1 

-0.146714 0.65384 -0.742272 0 
-0.923208 0.178941 0.340099 0 
0.355193 0.735169 0.577377 0 
13.0097 16.7692 -13.914 1 

-0.146714 0.65384 -0.742272 0 
-0.923208 0.178941 0.340099 0 
0.355193 0.735169 0.577377 0 
13.0097 16.7692 -13.914 1 

0.999993 0.000631212 -0.00359321 0 
-0.00131944 0.980822 -0.194902 0 
0.00340128 0.194906 0.980816 0 
0.0163702 -0.243314 2.47611 1 

0.999993 0.000631212 -0.00359321 0 
0.00145782 0.83373 0.552171 0 
0.00334431 -0.552172 0.833723 0 
-0.00118792 0.812409 -2.22484 1 

0.999993 0.000631212 -0.00359321 0 
0.00145782 0.83373 0.552171 0 
0.00334431 -0.552172 0.833723 0 
-0.0011878 0.812409 -2.22484 1 

0.999993 0.000631212 -0.00359321 0 
0.00145782 0.83373 0.552171 0 
0.00334431 -0.552172 0.833723 0 
-0.0011878 0.812409 -2.22484 1 

1 2.31574e-005 0.000384274 0 
0.000160372 0.882393 -0.470513 0 
-0.000349976 0.470513 0.882393 0 
-0.00199497 0.975911 5.97067 1 

1 2.31574e-005 0.000384274 0 
-0.000182737 0.90712 0.420872 0 
-0.000338836 -0.420872 0.90712 0 
0.000173569 0.96899 0.328055 1 

1 2.31574e-005 0.000384274 0 
-0.000182737 0.90712 0.420872 0 
-0.000338836 -0.420872 0.90712 0 
0.00017345 0.96899 0.328055 1 

1 2.31574e-005 0.000384274 0 
-0.000182737 0.90712 0.420872 0 
-0.000338836 -0.420872 0.90712 0 
0.00017345 0.96899 0.328055 1 

1.125
1 0 0 0 
0 1 0 0 
0 0 1 0 
0 -0.44748 0 1 

1 0 0 0 
0 1 0 0 
0 0 1 0 
0 -0.44748 0 1 

1 0 0 0 
0 1 0 0 
0 0 1 0 
0 -0.447481 -1.49012e-008 1 

1 0 0 0 
0 1 0 0 
0 0 1 0 
0 -0.447481 -2.98023e-008 1 

1 0 0 0 
0 1 0 0 
0 0 1 0 
0 -0.447483 -1.49012e-008 1 

0.352131 -0.91033 -0.217494 0 
0.91894 0.292164 0.264932 0 
-0.177632 -0.293155 0.939419 0 
-16.1076 15.4483 -4.56782 1 

-0.0666087 -0.547122 0.834398 0 
0.91894 0.292164 0.264932 0 
-0.388732 0.784409 0.483312 0 
-13.1937 13.6834 -12.7284 1 

-0.0666087 -0.547122 0.834398 0 
0.91894 0.292164 0.264932 0 
-0.388732 0.784409 0.483312 0 
-13.1937 13.6834 -12.7284 1 

0.295913 0.920716 0.254395 0 
-0.919141 0.201956 0.338221 0 
0.260029 -0.333909 0.90603 0 
16.1336 17.4818 -5.94877 1 

-0.147977 0.618695 -0.771569 0 
-0.919141 0.201956 0.338221 0 
0.365079 0.75923 0.538783 0 
12.9203 15.9448 -13.7635 1 

-0.147977 0.618695 -0.771569 0 
-0.919141 0.201956 0.338221 0 
0.365079 0.75923 0.538783 0 
12.9203 15.9448 -13.7635 1 

0.999994 0.000877708 -0.00346722 0 
-0.00120184 0.995513 -0.0946189 0 
0.00336862 0.0946225 0.995507 0 
0.0148839 -0.401868 1.20453 1 

0.999994 0.000877708 -0.00346722 0 
0.00130467 0.813104 0.582117 0 
0.00333014 -0.582118 0.813098 0 
-0.000964642 0.865455 -3.04558 1 

0.999994 0.000877708 -0.00346722 0 
0.00130467 0.813104 0.582117 0 
0.00333014 -0.582118 0.813098 0 
-0.000964642 0.865455 -3.04558 1 

0.999994 0.000877708 -0.00346722 0 
0.00130467 0.813104 0.582117 0 
0.00333014 -0.582118 0.813098 0 
-0.000964642 0.865455 -3.04558 1 

1 5.71684e-005 0.000400758 0 
0.000162942 0.849399 -0.527751 0 
-0.000370574 0.527751 0.849399 0 
-0.00202537 1.4055 6.69887 1 

1 5.71684e-005 0.000400758 0 
-0.00018434 0.945689 0.325074 0 
-0.000360409 -0.325074 0.945689 0 
0.000169635 0.939441 1.28817 1 

1 5.71684e-005 0.000400758 0 
-0.00018434 0.945689 0.325074 0 
-0.000360409 -0.325074 0.945689 0 
0.000169635 0.93944 1.28817 1 

1 5.71684e-005 0.000400758 0 
-0.00018434 0.945689 0.325074 0 
-0.000360409 -0.325074 0.945689 0 
0.000169635 0.93944 1.28817 1 

1.16667
1 0 0 0 
0 1 0 0 
0 0 1 0 
0 -0.428024 0 1 

1 0 0 0 
0 1 0 0 
0 0 1 0 
0 -0.428024 0 1 

1 0 0 0 
0 1 0 0 
0 0 1 0 
0 -0.428024 -1.49012e-008 1 

1 0 0 0 
0 1 0 0 
0 0 1 0 
0 -0.428026 -2.98023e-008 1 

1 0 0 0 
0 1 0 0 
0 0 1 0 
0 -0.428024 -1.49012e-008 1 

0.353396 -0.922075 -0.15776 0 
0.914537 0.305059 0.265634 0 
-0.196809 -0.238151 0.951078 0 
-16.0331 15.2701 -4.73167 1 

-0.0696932 -0.528041 0.846354 0 
0.914537 0.305059 0.265634 0 
-0.398454 0.792535 0.461652 0 
-13.0791 13.2375 -12.5677 1 

-0.0696932 -0.528041 0.846354 0 
0.914537 0.305059 0.265634 0 
-0.398454 0.792535 0.461652 0 
-13.0791 13.2375 -12.5677 1 

0.294729 0.937023 0.187412 0 
-0.915453 0.220631 0.336554 0 
0.274009 -0.270759 0.922826 0 
16.0615 17.1932 -6.0893 1 

-0.147619 0.593905 -0.790876 0 
-0.915453 0.220631 0.336554 0 
