1
BAKED_SKELETAL

19

CLIPNAME#idle
11

0.416667
1 0 0 0 
0 1 0 0 
0 0 1 0 
0 0 0 1 

1 0 0 0 
0 1 0 0 
0 0 1 0 
0 0 0 1 

1 0 0 0 
0 1 0 0 
0 0 1 0 
0 0 -1.49012e-008 1 

1 0 0 0 
0 1 0 0 
0 0 1 0 
0 -1.90735e-006 -2.98023e-008 1 

1 0 0 0 
0 1 0 0 
0 0 1 0 
0 0 -1.49012e-008 1 

0.605675 -0.794789 0.0383144 0 
0.761808 0.593102 0.260536 0 
-0.229795 -0.128612 0.964704 0 
-13.7538 9.85554 -5.13596 1 

0.0504844 -0.455316 0.888897 0 
0.761808 0.593102 0.260536 0 
-0.645833 0.664016 0.376806 0 
-10.0065 8.0231 -11.9216 1 

0.0504844 -0.455316 0.888897 0 
0.761808 0.593102 0.260536 0 
-0.645833 0.664016 0.376806 0 
-10.0065 8.02311 -11.9216 1 

0.517673 0.83052 0.20555 0 
-0.843258 0.454652 0.286717 0 
0.144671 -0.321757 0.935704 0 
15.2132 12.7631 -5.06629 1 

0.0998851 0.656675 -0.74753 0 
-0.843258 0.454652 0.286717 0 
0.528146 0.601722 0.599159 0 
12.3697 12.0655 -12.3229 1 

0.0998851 0.656675 -0.74753 0 
-0.843258 0.454652 0.286717 0 
0.528146 0.601722 0.599159 0 
12.3697 12.0655 -12.3229 1 

1 0 0 0 
0 1 0 0 
0 0 1 0 
0 0 0 1 

1 0 0 0 
0 1 0 0 
0 0 1 0 
0 4.76837e-007 0 1 

1 0 0 0 
0 1 0 0 
0 0 1 0 
0 4.76837e-007 0 1 

1 0 0 0 
0 1 0 0 
0 0 1 0 
0 4.76837e-007 0 1 

1 -5.23096e-010 1.4892e-008 0 
5.23096e-010 1 3.89497e-018 0 
-1.4892e-008 3.89497e-018 1 0 
0 0 2.23517e-008 1 

1 -5.23096e-010 1.4892e-008 0 
5.23096e-010 1 1.01542e-015 0 
-1.4892e-008 -1.00763e-015 1 0 
0 4.76837e-007 2.98023e-008 1 

1 -5.23096e-010 1.4892e-008 0 
5.23096e-010 1 1.01542e-015 0 
-1.4892e-008 -1.00763e-015 1 0 
0 4.76837e-007 2.98023e-008 1 

1 -5.23096e-010 1.4892e-008 0 
5.23096e-010 1 1.01542e-015 0 
-1.4892e-008 -1.00763e-015 1 0 
0 4.76837e-007 0 1 

0.458333
1 0 0 0 
0 1 0 0 
0 0 1 0 
0 0 0 1 

1 0 0 0 
0 1 0 0 
0 0 1 0 
0 0 0 1 

1 0 0 0 
0 1 0 0 
0 0 1 0 
0 0 -1.49012e-008 1 

1 0 0 0 
0 1 0 0 
0 0 1 0 
0 -1.90735e-006 -2.98023e-008 1 

1 0 0 0 
0 1 0 0 
0 0 1 0 
0 0 -1.49012e-008 1 

0.605675 -0.794789 0.0383144 0 
0.761808 0.593102 0.260536 0 
-0.229795 -0.128612 0.964704 0 
-13.7538 9.85554 -5.13596 1 

0.0504844 -0.455316 0.888897 0 
0.761808 0.593102 0.260536 0 
-0.645833 0.664016 0.376806 0 
-10.0065 8.0231 -11.9216 1 

0.0504844 -0.455316 0.888897 0 
0.761808 0.593102 0.260536 0 
-0.645833 0.664016 0.376806 0 
-10.0065 8.02311 -11.9216 1 

0.517673 0.83052 0.20555 0 
-0.843258 0.454652 0.286717 0 
0.144671 -0.321757 0.935704 0 
15.2132 12.7631 -5.06629 1 

0.0998851 0.656675 -0.74753 0 
-0.843258 0.454652 0.286717 0 
0.528146 0.601722 0.599159 0 
12.3697 12.0655 -12.3229 1 

0.0998851 0.656675 -0.74753 0 
-0.843258 0.454652 0.286717 0 
0.528146 0.601722 0.599159 0 
12.3697 12.0655 -12.3229 1 

1 0 0 0 
0 1 0 0 
0 0 1 0 
0 0 0 1 

1 0 0 0 
0 1 0 0 
0 0 1 0 
0 4.76837e-007 0 1 

1 0 0 0 
0 1 0 0 
0 0 1 0 
0 4.76837e-007 0 1 

1 0 0 0 
0 1 0 0 
0 0 1 0 
0 4.76837e-007 0 1 

1 -5.23096e-010 1.4892e-008 0 
5.23096e-010 1 3.89497e-018 0 
-1.4892e-008 3.89497e-018 1 0 
0 0 2.23517e-008 1 

1 -5.23096e-010 1.4892e-008 0 
5.23096e-010 1 1.01542e-015 0 
-1.4892e-008 -1.00763e-015 1 0 
0 4.76837e-007 2.98023e-008 1 

1 -5.23096e-010 1.4892e-008 0 
5.23096e-010 1 1.01542e-015 0 
-1.4892e-008 -1.00763e-015 1 0 
0 4.76837e-007 2.98023e-008 1 

1 -5.23096e-010 1.4892e-008 0 
5.23096e-010 1 1.01542e-015 0 
-1.4892e-008 -1.00763e-015 1 0 
0 4.76837e-007 0 1 

0.5
1 0 0 0 
0 1 0 0 
0 0 1 0 
0 0 0 1 

1 0 0 0 
0 1 0 0 
0 0 1 0 
0 0 0 1 

1 0 0 0 
0 1 0 0 
0 0 1 0 
0 0 -1.49012e-008 1 

1 0 0 0 
0 1 0 0 
0 0 1 0 
0 -1.90735e-006 -2.98023e-008 1 

1 0 0 0 
0 1 0 0 
0 0 1 0 
0 0 -1.49012e-008 1 

0.605675 -0.794789 0.0383144 0 
0.761808 0.593102 0.260536 0 
-0.229795 -0.128612 0.964704 0 
-13.7538 9.85554 -5.13596 1 

0.0504844 -0.455316 0.888897 0 
0.761808 0.593102 0.260536 0 
-0.645833 0.664016 0.376806 0 
-10.0065 8.0231 -11.9216 1 

0.0504844 -0.455316 0.888897 0 
0.761808 0.593102 0.260536 0 
-0.645833 0.664016 0.376806 0 
-10.0065 8.02311 -11.9216 1 

0.517673 0.83052 0.20555 0 
-0.843258 0.454652 0.286717 0 
0.144671 -0.321757 0.935704 0 
15.2132 12.7631 -5.06629 1 

0.0998851 0.656675 -0.74753 0 
-0.843258 0.454652 0.286717 0 
0.528146 0.601722 0.599159 0 
12.3697 12.0655 -12.3229 1 

0.0998851 0.656675 -0.74753 0 
-0.843258 0.454652 0.286717 0 
0.528146 0.601722 0.599159 0 
12.3697 12.0655 -12.3229 1 

1 0 0 0 
0 1 0 0 
0 0 1 0 
0 0 0 1 

1 0 0 0 
0 1 0 0 
0 0 1 0 
0 4.76837e-007 0 1 

1 0 0 0 
0 1 0 0 
0 0 1 0 
0 4.76837e-007 0 1 

1 0 0 0 
0 1 0 0 
0 0 1 0 
0 4.76837e-007 0 1 

1 -5.23096e-010 1.4892e-008 0 
5.23096e-010 1 3.89497e-018 0 
-1.4892e-008 3.89497e-018 1 0 
0 0 2.23517e-008 1 

1 -5.23096e-010 1.4892e-008 0 
5.23096e-010 1 1.01542e-015 0 
-1.4892e-008 -1.00763e-015 1 0 
0 4.76837e-007 2.98023e-008 1 

1 -5.23096e-010 1.4892e-008 0 
5.23096e-010 1 1.01542e-015 0 
-1.4892e-008 -1.00763e-015 1 0 
0 4.76837e-007 2.98023e-008 1 

1 -5.23096e-010 1.4892e-008 0 
5.23096e-010 1 1.01542e-015 0 
-1.4892e-008 -1.00763e-015 1 0 
0 4.76837e-007 0 1 

0.541667
1 0 0 0 
0 1 0 0 
0 0 1 0 
0 0 0 1 

1 0 0 0 
0 1 0 0 
0 0 1 0 
0 0 0 1 

1 0 0 0 
0 1 0 0 
0 0 1 0 
0 0 -1.49012e-008 1 

1 0 0 0 
0 1 0 0 
0 0 1 0 
0 -1.90735e-006 -2.98023e-008 1 

1 0 0 0 
0 1 0 0 
0 0 1 0 
0 0 -1.49012e-008 1 

0.605675 -0.794789 0.0383144 0 
0.761808 0.593102 0.260536 0 
-0.229795 -0.128612 0.964704 0 
-13.7538 9.85554 -5.13596 1 

0.0504844 -0.455316 0.888897 0 
0.761808 0.593102 0.260536 0 
-0.645833 0.664016 0.376806 0 
-10.0065 8.0231 -11.9216 1 

0.0504844 -0.455316 0.888897 0 
0.761808 0.593102 0.260536 0 
-0.645833 0.664016 0.376806 0 
-10.0065 8.02311 -11.9216 1 

0.517673 0.83052 0.20555 0 
-0.843258 0.454652 0.286717 0 
0.144671 -0.321757 0.935704 0 
15.2132 12.7631 -5.06629 1 

0.0998851 0.656675 -0.74753 0 
-0.843258 0.454652 0.286717 0 
0.528146 0.601722 0.599159 0 
12.3697 12.0655 -12.3229 1 

0.0998851 0.656675 -0.74753 0 
-0.843258 0.454652 0.286717 0 
0.528146 0.601722 0.599159 0 
12.3697 12.0655 -12.3229 1 

1 0 0 0 
0 1 0 0 
0 0 1 0 
0 0 0 1 

1 0 0 0 
0 1 0 0 
0 0 1 0 
0 4.76837e-007 0 1 

1 0 0 0 
0 1 0 0 
0 0 1 0 
0 4.76837e-007 0 1 

1 0 0 0 
0 1 0 0 
0 0 1 0 
0 4.76837e-007 0 1 

1 -5.23096e-010 1.4892e-008 0 
5.23096e-010 1 3.89497e-018 0 
-1.4892e-008 3.89497e-018 1 0 
0 0 2.23517e-008 1 

1 -5.23096e-010 1.4892e-008 0 
5.23096e-010 1 1.01542e-015 0 
-1.4892e-008 -1.00763e-015 1 0 
0 4.76837e-007 2.98023e-008 1 

1 -5.23096e-010 1.4892e-008 0 
5.23096e-010 1 1.01542e-015 0 
-1.4892e-008 -1.00763e-015 1 0 
0 4.76837e-007 2.98023e-008 1 

1 -5.23096e-010 1.4892e-008 0 
5.23096e-010 1 1.01542e-015 0 
-1.4892e-008 -1.00763e-015 1 0 
0 4.76837e-007 0 1 

0.583333
1 0 0 0 
0 1 0 0 
0 0 1 0 
0 0 0 1 

1 0 0 0 
0 1 0 0 
0 0 1 0 
0 0 0 1 

1 0 0 0 
0 1 0 0 
0 0 1 0 
0 0 -1.49012e-008 1 

1 0 0 0 
0 1 0 0 
0 0 1 0 
0 -1.90735e-006 -2.98023e-008 1 

1 0 0 0 
0 1 0 0 
0 0 1 0 
0 0 -1.49012e-008 1 

0.605675 -0.794789 0.0383144 0 
0.761808 0.593102 0.260536 0 
-0.229795 -0.128612 0.964704 0 
-13.7538 9.85554 -5.13596 1 

0.0504844 -0.455316 0.888897 0 
0.761808 0.593102 0.260536 0 
-0.645833 0.664016 0.376806 0 
-10.0065 8.0231 -11.9216 1 

0.0504844 -0.455316 0.888897 0 
0.761808 0.593102 0.260536 0 
-0.645833 0.664016 0.376806 0 
-10.0065 8.02311 -11.9216 1 

0.517673 0.83052 0.20555 0 
-0.843258 0.454652 0.286717 0 
0.144671 -0.321757 0.935704 0 
15.2132 12.7631 -5.06629 1 

0.0998851 0.656675 -0.74753 0 
-0.843258 0.454652 0.286717 0 
0.528146 0.601722 0.599159 0 
12.3697 12.0655 -12.3229 1 

0.0998851 0.656675 -0.74753 0 
-0.843258 0.454652 0.286717 0 
0.528146 0.601722 0.599159 0 
12.3697 12.0655 -12.3229 1 

1 0 0 0 
0 1 0 0 
0 0 1 0 
0 0 0 1 

1 0 0 0 
0 1 0 0 
0 0 1 0 
0 4.76837e-007 0 1 

1 0 0 0 
0 1 0 0 
0 0 1 0 
0 4.76837e-007 0 1 

1 0 0 0 
0 1 0 0 
0 0 1 0 
0 4.76837e-007 0 1 

1 -5.23096e-010 1.4892e-008 0 
5.23096e-010 1 3.89497e-018 0 
-1.4892e-008 3.89497e-018 1 0 
0 0 2.23517e-008 1 

1 -5.23096e-010 1.4892e-008 0 
5.23096e-010 1 1.01542e-015 0 
-1.4892e-008 -1.00763e-015 1 0 
0 4.76837e-007 2.98023e-008 1 

1 -5.23096e-010 1.4892e-008 0 
5.23096e-010 1 1.01542e-015 0 
-1.4892e-008 -1.00763e-015 1 0 
0 4.76837e-007 2.98023e-008 1 

1 -5.23096e-010 1.4892e-008 0 
5.23096e-010 1 1.01542e-015 0 
-1.4892e-008 -1.00763e-015 1 0 
0 4.76837e-007 0 1 

0.625
1 0 0 0 
0 1 0 0 
0 0 1 0 
0 0 0 1 

1 0 0 0 
0 1 0 0 
0 0 1 0 
0 0 0 1 

1 0 0 0 
0 1 0 0 
0 0 1 0 
0 0 -1.49012e-008 1 

1 0 0 0 
0 1 0 0 
0 0 1 0 
0 -1.90735e-006 -2.98023e-008 1 

1 0 0 0 
0 1 0 0 
0 0 1 0 
0 0 -1.49012e-008 1 

0.605675 -0.794789 0.0383144 0 
0.761808 0.593102 0.260536 0 
-0.229795 -0.128612 0.964704 0 
-13.7538 9.85554 -5.13596 1 

0.0504844 -0.455316 0.888897 0 
0.761808 0.593102 0.260536 0 
-0.645833 0.664016 0.376806 0 
-10.0065 8.0231 -11.9216 1 

0.0504844 -0.455316 0.888897 0 
0.761808 0.593102 0.260536 0 
-0.645833 0.664016 0.376806 0 
-10.0065 8.02311 -11.9216 1 

0.517673 0.83052 0.20555 0 
-0.843258 0.454652 0.286717 0 
0.144671 -0.321757 0.935704 0 
15.2132 12.7631 -5.06629 1 

0.0998851 0.656675 -0.74753 0 
-0.843258 0.454652 0.286717 0 
0.528146 0.601722 0.599159 0 
12.3697 12.0655 -12.3229 1 

0.0998851 0.656675 -0.74753 0 
-0.843258 0.454652 0.286717 0 
0.528146 0.601722 0.599159 0 
12.3697 12.0655 -12.3229 1 

1 0 0 0 
0 1 0 0 
0 0 1 0 
0 0 0 1 

1 0 0 0 
0 1 0 0 
0 0 1 0 
0 4.76837e-007 0 1 

1 0 0 0 
0 1 0 0 
0 0 1 0 
0 4.76837e-007 0 1 

1 0 0 0 
0 1 0 0 
0 0 1 0 
0 4.76837e-007 0 1 

1 -5.23096e-010 1.4892e-008 0 
5.23096e-010 1 3.89497e-018 0 
-1.4892e-008 3.89497e-018 1 0 
0 0 2.23517e-008 1 

1 -5.23096e-010 1.4892e-008 0 
5.23096e-010 1 1.01542e-015 0 
-1.4892e-008 -1.00763e-015 1 0 
0 4.76837e-007 2.98023e-008 1 

1 -5.23096e-010 1.4892e-008 0 
5.23096e-010 1 1.01542e-015 0 
-1.4892e-008 -1.00763e-015 1 0 
0 4.76837e-007 2.98023e-008 1 

1 -5.23096e-010 1.4892e-008 0 
5.23096e-010 1 1.01542e-015 0 
-1.4892e-008 -1.00763e-015 1 0 
0 4.76837e-007 0 1 

0.666667
1 0 0 0 
0 1 0 0 
0 0 1 0 
0 0 0 1 

1 0 0 0 
0 1 0 0 
0 0 1 0 
0 0 0 1 

1 0 0 0 
0 1 0 0 
0 0 1 0 
0 0 -1.49012e-008 1 

1 0 0 0 
0 1 0 0 
0 0 1 0 
0 -1.90735e-006 -2.98023e-008 1 

1 0 0 0 
0 1 0 0 
0 0 1 0 
0 0 -1.49012e-008 1 

0.605675 -0.794789 0.0383144 0 
0.761808 0.593102 0.260536 0 
-0.229795 -0.128612 0.964704 0 
-13.7538 9.85554 -5.13596 1 

0.0504844 -0.455316 0.888897 0 
0.761808 0.593102 0.260536 0 
-0.645833 0.664016 0.376806 0 
-10.0065 8.0231 -11.9216 1 

0.0504844 -0.455316 0.888897 0 
0.761808 0.593102 0.260536 0 
-0.645833 0.664016 0.376806 0 
-10.0065 8.02311 -11.9216 1 

0.517673 0.83052 0.20555 0 
-0.843258 0.454652 0.286717 0 
0.144671 -0.321757 0.935704 0 
15.2132 12.7631 -5.06629 1 

0.0998851 0.656675 -0.74753 0 
-0.843258 0.454652 0.286717 0 
0.528146 0.601722 0.599159 0 
12.3697 12.0655 -12.3229 1 

0.0998851 0.656675 -0.74753 0 
-0.843258 0.454652 0.286717 0 
0.528146 0.601722 0.599159 0 
12.3697 12.0655 -12.3229 1 

1 0 0 0 
0 1 0 0 
0 0 1 0 
0 0 0 1 

1 0 0 0 
0 1 0 0 
0 0 1 0 
0 4.76837e-007 0 1 

1 0 0 0 
0 1 0 0 
0 0 1 0 
0 4.76837e-007 0 1 

1 0 0 0 
0 1 0 0 
0 0 1 0 
0 4.76837e-007 0 1 

1 -5.23096e-010 1.4892e-008 0 
5.23096e-010 1 3.89497e-018 0 
-1.4892e-008 3.89497e-018 1 0 
0 0 2.23517e-008 1 

1 -5.23096e-010 1.4892e-008 0 
5.23096e-010 1 1.01542e-015 0 
-1.4892e-008 -1.00763e-015 1 0 
0 4.76837e-007 2.98023e-008 1 

1 -5.23096e-010 1.4892e-008 0 
5.23096e-010 1 1.01542e-015 0 
-1.4892e-008 -1.00763e-015 1 0 
0 4.76837e-007 2.98023e-008 1 

1 -5.23096e-010 1.4892e-008 0 
5.23096e-010 1 1.01542e-015 0 
-1.4892e-008 -1.00763e-015 1 0 
0 4.76837e-007 0 1 

0.708333
1 0 0 0 
0 1 0 0 
0 0 1 0 
0 0 0 1 

1 0 0 0 
0 1 0 0 
0 0 1 0 
0 0 0 1 

1 0 0 0 
0 1 0 0 
0 0 1 0 
0 0 -1.49012e-008 1 

1 0 0 0 
0 1 0 0 
0 0 1 0 
0 -1.90735e-006 -2.98023e-008 1 

1 0 0 0 
0 1 0 0 
0 0 1 0 
0 0 -1.49012e-008 1 

0.605675 -0.794789 0.0383144 0 
0.761808 0.593102 0.260536 0 
-0.229795 -0.128612 0.964704 0 
-13.7538 9.85554 -5.13596 1 

0.0504844 -0.455316 0.888897 0 
0.761808 0.593102 0.260536 0 
-0.645833 0.664016 0.376806 0 
-10.0065 8.0231 -11.9216 1 

0.0504844 -0.455316 0.888897 0 
0.761808 0.593102 0.260536 0 
-0.645833 0.664016 0.376806 0 
-10.0065 8.02311 -11.9216 1 

0.517673 0.83052 0.20555 0 
-0.843258 0.454652 0.286717 0 
0.144671 -0.321757 0.935704 0 
15.2132 12.7631 -5.06629 1 

0.0998851 0.656675 -0.74753 0 
-0.843258 0.454652 0.286717 0 
0.528146 0.601722 0.599159 0 
12.3697 12.0655 -12.3229 1 

0.0998851 0.656675 -0.74753 0 
-0.843258 0.454652 0.286717 0 
0.528146 0.601722 0.599159 0 
12.3697 12.0655 -12.3229 1 

1 0 0 0 
0 1 0 0 
0 0 1 0 
0 0 0 1 

1 0 0 0 
0 1 0 0 
0 0 1 0 
0 4.76837e-007 0 1 

1 0 0 0 
0 1 0 0 
0 0 1 0 
0 4.76837e-007 0 1 

1 0 0 0 
0 1 0 0 
0 0 1 0 
0 4.76837e-007 0 1 

1 -5.23096e-010 1.4892e-008 0 
5.23096e-010 1 3.89497e-018 0 
-1.4892e-008 3.89497e-018 1 0 
0 0 2.23517e-008 1 

1 -5.23096e-010 1.4892e-008 0 
5.23096e-010 1 1.01542e-015 0 
-1.4892e-008 -1.00763e-015 1 0 
0 4.76837e-007 2.98023e-008 1 

1 -5.23096e-010 1.4892e-008 0 
5.23096e-010 1 1.01542e-015 0 
-1.4892e-008 -1.00763e-015 1 0 
0 4.76837e-007 2.98023e-008 1 

1 -5.23096e-010 1.4892e-008 0 
5.23096e-010 1 1.01542e-015 0 
-1.4892e-008 -1.00763e-015 1 0 
0 4.76837e-007 0 1 

0.75
1 0 0 0 
0 1 0 0 
0 0 1 0 
0 0 0 1 

1 0 0 0 
0 1 0 0 
0 0 1 0 
0 0 0 1 

1 0 0 0 
0 1 0 0 
0 0 1 0 
0 0 -1.49012e-008 1 

1 0 0 0 
0 1 0 0 
0 0 1 0 
0 -1.90735e-006 -2.98023e-008 1 

1 0 0 0 
0 1 0 0 
0 0 1 0 
0 0 -1.49012e-008 1 

0.605675 -0.794789 0.0383144 0 
0.761808 0.593102 0.260536 0 
-0.229795 -0.128612 0.964704 0 
-13.7538 9.85554 -5.13596 1 

0.0504844 -0.455316 0.888897 0 
0.761808 0.593102 0.260536 0 
-0.645833 0.664016 0.376806 0 
-10.0065 8.0231 -11.9216 1 

0.0504844 -0.455316 0.888897 0 
0.761808 0.593102 0.260536 0 
-0.645833 0.664016 0.376806 0 
-10.0065 8.02311 -11.9216 1 

0.517673 0.83052 0.20555 0 
-0.843258 0.454652 0.286717 0 
0.144671 -0.321757 0.935704 0 
15.2132 12.7631 -5.06629 1 

0.0998851 0.656675 -0.74753 0 
-0.843258 0.454652 0.286717 0 
0.528146 0.601722 0.599159 0 
12.3697 12.0655 -12.3229 1 

0.0998851 0.656675 -0.74753 0 
-0.843258 0.454652 0.286717 0 
0.528146 0.601722 0.599159 0 
12.3697 12.0655 -12.3229 1 

1 0 0 0 
0 1 0 0 
0 0 1 0 
0 0 0 1 

1 0 0 0 
0 1 0 0 
0 0 1 0 
0 4.76837e-007 0 1 

1 0 0 0 
0 1 0 0 
0 0 1 0 
0 4.76837e-007 0 1 

1 0 0 0 
0 1 0 0 
0 0 1 0 
0 4.76837e-007 0 1 

1 -5.23096e-010 1.4892e-008 0 
5.23096e-010 1 3.89497e-018 0 
-1.4892e-008 3.89497e-018 1 0 
0 0 2.23517e-008 1 

1 -5.23096e-010 1.4892e-008 0 
5.23096e-010 1 1.01542e-015 0 
-1.4892e-008 -1.00763e-015 1 0 
0 4.76837e-007 2.98023e-008 1 

1 -5.23096e-010 1.4892e-008 0 
5.23096e-010 1 1.01542e-015 0 
-1.4892e-008 -1.00763e-015 1 0 
0 4.76837e-007 2.98023e-008 1 

1 -5.23096e-010 1.4892e-008 0 
5.23096e-010 1 1.01542e-015 0 
-1.4892e-008 -1.00763e-015 1 0 
0 4.76837e-007 0 1 

0.791667
1 0 0 0 
0 1 0 0 
0 0 1 0 
0 0 0 1 

1 0 0 0 
0 1 0 0 
0 0 1 0 
0 0 0 1 

1 0 0 0 
0 1 0 0 
0 0 1 0 
0 0 -1.49012e-008 1 

1 0 0 0 
0 1 0 0 
0 0 1 0 
0 -1.90735e-006 -2.98023e-008 1 

1 0 0 0 
0 1 0 0 
0 0 1 0 
0 0 -1.49012e-008 1 

0.605675 -0.794789 0.0383144 0 
0.761808 0.593102 0.260536 0 
-0.229795 -0.128612 0.964704 0 
-13.7538 9.85554 -5.13596 1 

0.0504844 -0.455316 0.888897 0 
0.761808 0.593102 0.260536 0 
-0.645833 0.664016 0.376806 0 
-10.0065 8.0231 -11.9216 1 

0.0504844 -0.455316 0.888897 0 
0.761808 0.593102 0.260536 0 
-0.645833 0.664016 0.376806 0 
-10.0065 8.02311 -11.9216 1 

0.517673 0.83052 0.20555 0 
-0.843258 0.454652 0.286717 0 
0.144671 -0.321757 0.935704 0 
15.2132 12.7631 -5.06629 1 

0.0998851 0.656675 -0.74753 0 
-0.843258 0.454652 0.286717 0 
0.528146 0.601722 0.599159 0 
12.3697 12.0655 -12.3229 1 

0.0998851 0.656675 -0.74753 0 
-0.843258 0.454652 0.286717 0 
0.528146 0.601722 0.599159 0 
12.3697 12.0655 -12.3229 1 

1 0 0 0 
0 1 0 0 
0 0 1 0 
0 0 0 1 

1 0 0 0 
0 1 0 0 
0 0 1 0 
0 4.76837e-007 0 1 

1 0 0 0 
0 1 0 0 
0 0 1 0 
0 4.76837e-007 0 1 

1 0 0 0 
0 1 0 0 
0 0 1 0 
0 4.76837e-007 0 1 

1 -5.23096e-010 1.4892e-008 0 
5.23096e-010 1 3.89497e-018 0 
-1.4892e-008 3.89497e-018 1 0 
0 0 2.23517e-008 1 

1 -5.23096e-010 1.4892e-008 0 
5.23096e-010 1 1.01542e-015 0 
-1.4892e-008 -1.00763e-015 1 0 
0 4.76837e-007 2.98023e-008 1 

1 -5.23096e-010 1.4892e-008 0 
5.23096e-010 1 1.01542e-015 0 
-1.4892e-008 -1.00763e-015 1 0 
0 4.76837e-007 2.98023e-008 1 

1 -5.23096e-010 1.4892e-008 0 
5.23096e-010 1 1.01542e-015 0 
-1.4892e-008 -1.00763e-015 1 0 
0 4.76837e-007 0 1 

0.833333
1 0 0 0 
0 1 0 0 
0 0 1 0 
0 0 0 1 

1 0 0 0 
0 1 0 0 
0 0 1 0 
0 0 0 1 

1 0 0 0 
0 1 0 0 
0 0 1 0 
0 0 -1.49012e-008 1 

1 0 0 0 
0 1 0 0 
0 0 1 0 
0 -1.90735e-006 -2.98023e-008 1 

1 0 0 0 
0 1 0 0 
0 0 1 0 
0 0 -1.49012e-008 1 

0.605675 -0.794789 0.0383144 0 
0.761808 0.593102 0.260536 0 
-0.229795 -0.128612 0.964704 0 
-13.7538 9.85554 -5.13596 1 

0.0504844 -0.455316 0.888897 0 
0.761808 0.593102 0.260536 0 
-0.645833 0.664016 0.376806 0 
-10.0065 8.0231 -11.9216 1 

0.0504844 -0.455316 0.888897 0 
0.761808 0.593102 0.260536 0 
-0.645833 0.664016 0.376806 0 
-10.0065 8.02311 -11.9216 1 

0.517673 0.83052 0.20555 0 
-0.843258 0.454652 0.286717 0 
0.144671 -0.321757 0.935704 0 
15.2132 12.7631 -5.06629 1 

0.0998851 0.656675 -0.74753 0 
-0.843258 0.454652 0.286717 0 
0.528146 0.601722 0.599159 0 
12.3697 12.0655 -12.3229 1 

0.0998851 0.656675 -0.74753 0 
-0.843258 0.454652 0.286717 0 
0.528146 0.601722 0.599159 0 
12.3697 12.0655 -12.3229 1 

1 0 0 0 
0 1 0 0 
0 0 1 0 
0 0 0 1 

1 0 0 0 
0 1 0 0 
0 0 1 0 
0 4.76837e-007 0 1 

1 0 0 0 
0 1 0 0 
0 0 1 0 
0 4.76837e-007 0 1 

1 0 0 0 
0 1 0 0 
0 0 1 0 
0 4.76837e-007 0 1 

1 -5.23096e-010 1.4892e-008 0 
5.23096e-010 1 3.89497e-018 0 
-1.4892e-008 3.89497e-018 1 0 
0 0 2.23517e-008 1 

1 -5.23096e-010 1.4892e-008 0 
5.23096e-010 1 1.01542e-015 0 
-1.4892e-008 -1.00763e-015 1 0 
0 4.76837e-007 2.98023e-008 1 

1 -5.23096e-010 1.4892e-008 0 
5.23096e-010 1 1.01542e-015 0 
-1.4892e-008 -1.00763e-015 1 0 
0 4.76837e-007 2.98023e-008 1 

1 -5.23096e-010 1.4892e-008 0 
5.23096e-010 1 1.01542e-015 0 
-1.4892e-008 -1.00763e-015 1 0 
0 4.76837e-007 0 1 

CLIPNAME#walking
11

1.25
0.997441 0.071493 0 0 
-0.071493 0.997441 0 0 
0 0 1 0 
0.881961 -0.47564 0 1 

0.997441 0.071493 0 0 
-0.071493 0.997441 0 0 
0 0 1 0 
0.881961 -0.47564 0 1 

0.997441 0.071493 0 0 
-0.071493 0.997441 0 0 
0 0 1 0 
0.881961 -0.475641 -1.49012e-008 1 

0.997441 0.071493 0 0 
-0.071493 0.997441 0 0 
0 0 1 0 
0.881961 -0.475641 -2.98023e-008 1 

0.997441 0.071493 0 0 
-0.071493 0.997441 0 0 
0 0 1 0 
0.881961 -0.475641 -1.49012e-008 1 

0.390346 -0.750318 0.533529 0 
0.744892 0.597959 0.295943 0 
-0.54108 0.281902 0.792316 0 
-13.4897 9.46041 -7.16542 1 

-0.0127896 -0.43069 0.90241 0 
0.744892 0.597959 0.295943 0 
-0.667063 0.675982 0.313169 0 
-10.6186 7.43483 -10.2993 1 

-0.0127896 -0.43069 0.90241 0 
0.744892 0.597959 0.295943 0 
-0.667063 0.675982 0.313169 0 
-10.6186 7.43483 -10.2993 1 

0.335085 0.815532 0.471833 0 
-0.931831 0.212803 0.293949 0 
0.139318 -0.538166 0.831245 0 
15.9526 16.6828 -4.52738 1 

-0.0500281 0.726953 -0.684863 0 
-0.931831 0.212803 0.293949 0 
0.359428 0.652882 0.666751 0 
13.2467 16.7853 -13.1793 1 

-0.0500281 0.726953 -0.684863 0 
-0.931831 0.212803 0.293949 0 
0.359428 0.652882 0.666751 0 
13.2467 16.7853 -13.1793 1 

0.999994 0.00334372 -0.000798065 0 
-0.00337226 0.999236 -0.0389456 0 
0.000667233 0.038948 0.999241 0 
0.0149304 -0.385818 0.494601 1 

0.999994 0.00334372 -0.000798065 0 
-0.00159037 0.655811 0.754924 0 
0.00304763 -0.754918 0.655812 0 
0.0032599 1.91966 -4.46944 1 

0.999994 0.00334372 -0.000798065 0 
-0.00159037 0.655811 0.754924 0 
0.00304763 -0.754918 0.655812 0 
0.0032599 1.91966 -4.46943 1 

0.999994 0.00334372 -0.000798065 0 
-0.00159037 0.655811 0.754924 0 
0.00304763 -0.754918 0.655812 0 
0.0032599 1.91966 -4.46943 1 

0.999998 0.00171935 -0.000961561 0 
-0.0019537 0.802973 -0.596012 0 
-0.000252653 0.596012 0.802975 0 
0.00552261 1.81398 7.56582 1 

0.999998 0.00171935 -0.000961561 0 
-0.00153759 0.986353 0.164635 0 
0.0012315 -0.164633 0.986354 0 
0.00264168 0.781577 2.72359 1 

0.999998 0.00171935 -0.000961561 0 
-0.0014954 0.980273 0.197641 0 
0.0012824 -0.197639 0.980274 0 
0.00259364 0.781052 2.67272 1 

0.999998 0.00171935 -0.000961561 0 
-0.0014954 0.980273 0.197641 0 
0.0012824 -0.197639 0.980274 0 
0.00259352 0.781052 2.67272 1 

1.29167
0.998389 0.0567482 0 0 
-0.0567482 0.998389 0 0 
0 0 1 0 
0.700064 -0.487329 0 1 

0.998389 0.0567482 0 0 
-0.0567482 0.998389 0 0 
0 0 1 0 
0.700064 -0.487329 0 1 

0.998389 0.0567482 0 0 
-0.0567482 0.998389 0 0 
0 0 1 0 
0.700064 -0.487328 -1.49012e-008 1 

0.998389 0.0567482 0 0 
-0.0567482 0.998389 0 0 
0 0 1 0 
0.700064 -0.487329 -2.98023e-008 1 

0.998389 0.0567482 0 0 
-0.0567482 0.998389 0 0 
0 0 1 0 
0.700064 -0.487329 -1.49012e-008 1 

0.408619 -0.802587 0.434609 0 
0.773803 0.55715 0.301351 0 
-0.484003 0.213164 0.848706 0 
-13.9683 10.3253 -6.99247 1 

-0.0425201 -0.428986 0.90231 0 
0.773803 0.55715 0.301351 0 
-0.631997 0.711024 0.308261 0 
-10.7612 7.98944 -10.9087 1 

-0.0425201 -0.428986 0.90231 0 
0.773803 0.55715 0.301351 0 
-0.631997 0.711024 0.308261 0 
-10.7612 7.98944 -10.9087 1 

0.36068 0.836711 0.412098 0 
-0.921065 0.24999 0.29857 0 
0.146796 -0.487257 0.860832 0 
15.9149 16.0695 -4.76879 1 

-0.0538163 0.677652 -0.733411 0 
-0.921065 0.24999 0.29857 0 
0.385672 0.691588 0.610707 0 
13.0038 15.6434 -13.3925 1 

-0.0538163 0.677652 -0.733411 0 
-0.921065 0.24999 0.29857 0 
0.385672 0.691588 0.610707 0 
13.0038 15.6434 -13.3925 1 

0.999997 0.00252102 -0.000647481 0 
-0.0025856 0.99073 -0.135818 0 
0.000299079 0.135819 0.990734 0 
0.0114361 -0.311554 1.72189 1 

0.999997 0.00252102 -0.000647481 0 
-0.00122494 0.675312 0.737531 0 
0.00229658 -0.737528 0.675313 0 
0.0024941 1.8301 -3.74959 1 

0.999997 0.00252102 -0.000647481 0 
-0.00114739 0.650248 0.759721 0 
0.0023363 -0.759718 0.650249 0 
0.00239038 1.86095 -3.78987 1 

0.999997 0.00252102 -0.000647481 0 
-0.00114739 0.650248 0.759721 0 
0.0023363 -0.759718 0.650249 0 
0.00239015 1.86095 -3.78987 1 

0.999999 0.00149516 -0.000752116 0 
-0.00165574 0.818155 -0.574995 0 
-0.000244364 0.574995 0.818157 0 
0.00504553 1.64746 7.29847 1 

0.999999 0.00149516 -0.000752116 0 
-0.00123668 0.962888 0.269899 0 
0.00112775 -0.269898 0.962888 0 
0.00216448 0.873644 1.92981 1 

0.999999 0.00149516 -0.000752116 0 
-0.00119814 0.953289 0.302059 0 
0.00116861 -0.302058 0.953289 0 
0.00211906 0.878601 1.87918 1 

0.999999 0.00149516 -0.000752116 0 
-0.00119814 0.953289 0.302059 0 
0.00116861 -0.302058 0.953289 0 
0.00211906 0.878601 1.87918 1 

1.33333
0.999768 0.0215433 0 0 
-0.0215433 0.999768 0 0 
0 0 1 0 
0.265765 -0.504345 0 1 

0.999768 0.0215433 0 0 
-0.0215433 0.999768 0 0 
0 0 1 0 
0.265765 -0.504345 0 1 

0.999768 0.0215433 0 0 
-0.0215433 0.999768 0 0 
0 0 1 0 
0.265765 -0.504345 -1.49012e-008 1 

0.999768 0.0215433 0 0 
-0.0215433 0.999768 0 0 
0 0 1 0 
0.265765 -0.504347 -2.98023e-008 1 

0.999768 0.0215433 0 0 
-0.0215433 0.999768 0 0 
0 0 1 0 
0.265765 -0.504347 -1.49012e-008 1 

0.408457 -0.888677 0.208366 0 
0.83456 0.456051 0.309075 0 
-0.369693 0.0476499 0.927931 0 
-14.8485 12.3541 -6.52595 1 

-0.071769 -0.466239 0.881743 0 
0.83456 0.456051 0.309075 0 
-0.546223 0.758049 0.356374 0 
-11.4509 9.83858 -11.9883 1 

-0.071769 -0.466239 0.881743 0 
0.83456 0.456051 0.309075 0 
-0.546223 0.758049 0.356374 0 
-11.4509 9.83858 -11.9883 1 

0.419193 0.87417 0.245159 0 
-0.889002 0.340418 0.306253 0 
0.184261 -0.346326 0.91984 0 
15.7005 14.5364 -5.34641 1 

-0.0639652 0.569935 -0.819196 0 
-0.889002 0.340418 0.306253 0 
0.453413 0.747857 0.484899 0 
12.3013 12.9838 -13.4879 1 

-0.0639652 0.569935 -0.819196 0 
-0.889002 0.340418 0.306253 0 
0.453413 0.747857 0.484899 0 
12.3013 12.9838 -13.4879 1 

1 0.000835294 -0.000258289 0 
-0.000873433 0.941128 -0.338048 0 
-3.92855e-005 0.338048 0.941129 0 
0.00363553 0.23893 4.2871 1 

1 0.000835294 -0.000258289 0 
-0.000462241 0.755848 0.654747 0 
0.000742134 -0.654747 0.755848 0 
0.000903606 1.57742 -1.96177 1 

1 0.000835294 -0.000258289 0 
-0.000375367 0.676972 0.736008 0 
0.000789638 -0.736008 0.676972 0 
0.000788093 1.67121 -2.10553 1 

1 0.000835294 -0.000258289 0 
-0.000375367 0.676972 0.736008 0 
0.000789638 -0.736008 0.676972 0 
0.000787973 1.67121 -2.10553 1 

1 0.000686133 -0.000274173 0 
-0.000732556 0.872188 -0.48917 0 
-9.65046e-005 0.48917 0.872189 0 
0.00262487 1.02759 6.20691 1 

1 0.000686133 -0.000274173 0 
-0.000472243 0.878885 0.477033 0 
0.000568276 -0.477033 0.878885 0 
0.000866771 1.14726 0.0940521 1 

1 0.000686133 -0.000274173 0 
-0.000452907 0.862382 0.506257 0 
0.000583803 -0.506257 0.862382 0 
0.000842452 1.16334 0.0457886 1 

1 0.000686133 -0.000274173 0 
-0.000452907 0.862382 0.506257 0 
0.000583803 -0.506257 0.862382 0 
0.000842571 1.16334 0.0457885 1 

1.375
0.99979 -0.0205066 0 0 
0.0205066 0.99979 0 0 
0 0 1 0 
-0.252976 -0.504614 0 1 

0.99979 -0.0205066 0 0 
0.0205066 0.99979 0 0 
0 0 1 0 
-0.252976 -0.504614 0 1 

0.99979 -0.0205066 0 0 
0.0205066 0.99979 0 0 
0 0 1 0 
-0.252976 -0.504614 -1.49012e-008 1 

0.99979 -0.0205066 0 0 
0.0205066 0.99979 0 0 
0 0 1 0 
-0.252976 -0.504616 -2.98023e-008 1 

0.99979 -0.0205066 0 0 
0.0205066 0.99979 0 0 
0 0 1 0 
-0.252976 -0.504616 -1.49012e-008 1 

0.361954 -0.93148 -0.0365403 0 
0.890538 0.333926 0.308925 0 
-0.275556 -0.144357 0.950384 0 
-15.4801 14.6391 -5.88052 1 

-0.0684655 -0.572973 0.81671 0 
0.890538 0.333926 0.308925 0 
-0.449727 0.748462 0.487392 0 
-12.4485 12.7515 -12.5793 1 

-0.0684655 -0.572973 0.81671 0 
0.890538 0.333926 0.308925 0 
-0.449727 0.748462 0.487392 0 
-12.4485 12.7515 -12.5793 1 

0.474238 0.880324 0.0112831 0 
-0.839024 0.448032 0.308717 0 
0.266716 -0.155872 0.951087 0 
15.1896 12.6042 -6.00459 1 

-0.0667903 0.478295 -0.875656 0 
-0.839024 0.448032 0.308717 0 
0.53998 0.755315 0.371377 0 
11.3654 10.2126 -12.9271 1 

-0.0667903 0.478295 -0.875656 0 
-0.839024 0.448032 0.308717 0 
0.53998 0.755315 0.371377 0 
11.3654 10.2126 -12.9271 1 

1 -0.000654675 0.000259493 0 
0.000694122 0.854105 -0.5201 0 
0.000118862 0.5201 0.854105 0 
-0.00246704 1.25286 6.60042 1 

1 -0.000654675 0.000259493 0 
0.000452707 0.879864 0.475225 0 
-0.000539435 -0.475225 0.879864 0 
-0.000829458 1.25684 0.300158 1 

1 -0.000654675 0.000259493 0 
0.000331188 0.762384 0.647125 0 
-0.000621488 -0.647125 0.762384 0 
-0.00067246 1.38178 0.0103484 1 

1 -0.000654675 0.000259493 0 
0.000331188 0.762384 0.647125 0 
-0.000621488 -0.647125 0.762384 0 
-0.00067246 1.38178 0.0103486 1 

1 -0.000787824 0.000246343 0 
0.000825031 0.944579 -0.328284 0 
2.59387e-005 0.328284 0.944579 0 
-0.00341964 0.192412 4.16305 1 

1 -0.000787824 0.000246343 0 
0.000439007 0.76034 0.649525 0 
-0.000699015 -0.649525 0.76034 0 
-0.000856519 1.5218 -1.99119 1 

1 -0.000787824 0.000246343 0 
0.000415303 0.738116 0.674674 0 
-0.000713353 -0.674673 0.738116 0 
-0.000825286 1.54757 -2.03505 1 

1 -0.000787824 0.000246343 0 
0.000415303 0.738116 0.674674 0 
-0.000713353 -0.674673 0.738116 0 
-0.000825286 1.54757 -2.03505 1 

1.41667
0.998447 -0.0557128 0 0 
0.0557128 0.998447 0 0 
0 0 1 0 
-0.687292 -0.488048 0 1 

0.998447 -0.0557128 0 0 
0.0557128 0.998447 0 0 
0 0 1 0 
-0.687292 -0.488048 0 1 

0.998447 -0.0557128 0 0 
0.0557128 0.998447 0 0 
0 0 1 0 
-0.687292 -0.488049 -1.49012e-008 1 

0.998447 -0.0557128 0 0 
0.0557128 0.998447 0 0 
0 0 1 0 
-0.687292 -0.48805 -2.98023e-008 1 

0.998447 -0.0557128 0 0 
0.0557128 0.998447 0 0 
0 0 1 0 
-0.687292 -0.488049 -1.49012e-008 1 

0.304205 -0.930178 -0.205498 0 
0.923826 0.235443 0.301847 0 
-0.232389 -0.281667 0.930945 0 
-15.7152 16.3829 -5.31384 1 

-0.0560737 -0.696768 0.715102 0 
0.923826 0.235443 0.301847 0 
-0.378683 0.677555 0.63049 0 
-13.1781 15.4761 -12.3717 1 

-0.0560737 -0.696768 0.715102 0 
0.923826 0.235443 0.301847 0 
-0.378683 0.677555 0.63049 0 
-13.1781 15.4761 -12.3717 1 

0.494408 0.845296 -0.202569 0 
-0.788388 0.534224 0.30504 0 
0.366067 0.00888898 0.930546 0 
14.532 10.9481 -6.5011 1 

-0.0457738 0.443539 -0.895085 0 
-0.788388 0.534224 0.30504 0 
0.613473 0.719637 0.325228 0 
10.6976 8.43109 -12.0032 1 

-0.0457738 0.443539 -0.895085 0 
-0.788388 0.534224 0.30504 0 
0.613473 0.719637 0.325228 0 
10.6976 8.43109 -12.0032 1 

0.999999 -0.00145505 0.000734046 0 
0.00159833 0.787653 -0.616117 0 
0.000318311 0.616118 0.787654 0 
-0.0047394 2.0252 7.82227 1 

0.999999 -0.00145505 0.000734046 0 
0.00122267 0.967623 0.252399 0 
-0.00107753 -0.252398 0.967623 0 
-0.00212932 1.03245 2.29828 1 

0.999999 -0.00145505 0.000734046 0 
0.000865679 0.855864 0.5172 0 
-0.00138079 -0.517198 0.855864 0 
-0.00168622 1.12194 1.87191 1 

0.999999 -0.00145505 0.000734046 0 
0.000865679 0.855864 0.5172 0 
-0.00138079 -0.517198 0.855864 0 
-0.0016861 1.12194 1.87191 1 

0.999997 -0.00244559 0.000633134 0 
0.00251307 0.988579 -0.150681 0 
-0.0002574 0.150682 0.988582 0 
-0.0111276 -0.293251 1.91022 1 

0.999997 -0.00244559 0.000633134 0 
0.00118876 0.676691 0.736266 0 
-0.00222904 -0.736263 0.676692 0 
-0.00242019 1.82835 -3.64787 1 

0.999997 -0.00244559 0.000633134 0 
0.00111329 0.651603 0.758559 0 
-0.00226768 -0.758556 0.651604 0 
-0.0023191 1.85921 -3.68831 1 

0.999997 -0.00244559 0.000633134 0 
0.00111329 0.651603 0.758559 0 
-0.00226768 -0.758556 0.651604 0 
-0.0023191 1.85921 -3.68831 1 

1.45833
0.997515 -0.0704587 0 0 
0.0704587 0.997515 0 0 
0 0 1 0 
-0.869202 -0.476549 0 1 

0.997515 -0.0704587 0 0 
0.0704587 0.997515 0 0 
0 0 1 0 
-0.869202 -0.476549 0 1 

0.997515 -0.0704587 0 0 
0.0704587 0.997515 0 0 
0 0 1 0 
-0.869202 -0.476549 -1.49012e-008 1 

0.997515 -0.0704587 0 0 
0.0704587 0.997515 0 0 
0 0 1 0 
-0.869202 -0.476551 -2.98023e-008 1 

0.997515 -0.0704587 0 0 
0.0704587 0.997515 0 0 
0 0 1 0 
-0.869202 -0.476551 -1.49012e-008 1 

0.277565 -0.923969 -0.263133 0 
0.934442 0.196047 0.297293 0 
-0.223104 -0.328401 0.917811 0 
-15.7475 17.0643 -5.08171 1 

-0.0511368 -0.752303 0.656829 0 
0.934442 0.196047 0.297293 0 
-0.352424 0.628972 0.692959 0 
-13.4292 16.6121 -12.0704 1 

-0.0511368 -0.752303 0.656829 0 
0.934442 0.196047 0.297293 0 
-0.352424 0.628972 0.692959 0 
-13.4292 16.6121 -12.0704 1 

0.491812 0.818975 -0.295637 0 
-0.765206 0.568546 0.302019 0 
0.415429 0.0776867 0.906302 0 
14.1916 10.2557 -6.6927 1 

-0.0259782 0.441478 -0.896896 0 
-0.765206 0.568546 0.302019 0 
0.643261 0.694156 0.323052 0 
10.5102 7.85808 -11.5064 1 

-0.0259782 0.441478 -0.896896 0 
-0.765206 0.568546 0.302019 0 
0.643261 0.694156 0.323052 0 
10.5102 7.85808 -11.5064 1 

0.999998 -0.00166759 0.000942744 0 
0.00188493 0.76881 -0.639475 0 
0.00034159 0.639475 0.768812 0 
-0.00515068 2.23625 8.11961 1 

0.999998 -0.00166759 0.000942744 0 
0.00152124 0.990396 0.138255 0 
-0.00116424 -0.138253 0.990396 0 
-0.00259769 0.965034 3.16291 1 

0.999998 -0.00166759 0.000942744 0 
0.00107478 0.895788 0.44448 0 
-0.00158571 -0.444478 0.895788 0 
-0.00205576 1.01699 2.67989 1 

0.999998 -0.00166759 0.000942744 0 
0.00107478 0.895788 0.44448 0 
-0.00158571 -0.444478 0.895788 0 
-0.00205576 1.01699 2.67989 1 

0.999994 -0.00325397 0.000780802 0 
0.00329839 0.997817 -0.0659572 0 
-0.000564475 0.0659595 0.997822 0 
-0.0147381 -0.379521 0.836674 1 

0.999994 -0.00325397 0.000780802 0 
0.00153011 0.652135 0.758102 0 
-0.00297603 -0.758096 0.652136 0 
-0.00314832 1.9453 -4.31795 1 

0.999994 -0.00325397 0.000780802 0 
0.00142938 0.626328 0.779558 0 
-0.0030257 -0.779553 0.626329 0 
-0.00301301 1.97747 -4.35735 1 

0.999994 -0.00325397 0.000780802 0 
0.00142938 0.626328 0.779558 0 
-0.0030257 -0.779553 0.626329 0 
-0.0030129 1.97747 -4.35735 1 

1.5
0.998447 -0.0557129 0 0 
0.0557129 0.998447 0 0 
0 0 1 0 
-0.687293 -0.488048 0 1 

0.998447 -0.0557129 0 0 
0.0557129 0.998447 0 0 
0 0 1 0 
-0.687293 -0.488048 0 1 

0.998447 -0.0557129 0 0 
0.0557129 0.998447 0 0 
0 0 1 0 
-0.687293 -0.488049 -1.49012e-008 1 

0.998447 -0.0557129 0 0 
0.0557129 0.998447 0 0 
0 0 1 0 
-0.687293 -0.48805 -2.98023e-008 1 

0.998447 -0.0557129 0 0 
0.0557129 0.998447 0 0 
0 0 1 0 
-0.687293 -0.488049 -1.49012e-008 1 

0.304205 -0.930178 -0.205498 0 
0.923826 0.235443 0.301847 0 
-0.232388 -0.281668 0.930945 0 
-15.7152 16.3829 -5.31384 1 

-0.0560737 -0.696768 0.715101 0 
0.923826 0.235443 0.301847 0 
-0.378683 0.677555 0.630491 0 
-13.1781 15.4761 -12.3717 1 

-0.0560737 -0.696768 0.715101 0 
0.923826 0.235443 0.301847 0 
-0.378683 0.677555 0.630491 0 
-13.1781 15.4761 -12.3717 1 

0.494408 0.845296 -0.20257 0 
-0.788388 0.534224 0.30504 0 
0.366067 0.00888928 0.930546 0 
14.532 10.9481 -6.5011 1 

-0.0457737 0.443539 -0.895085 0 
-0.788388 0.534224 0.30504 0 
0.613473 0.719637 0.325228 0 
10.6976 8.43108 -12.0032 1 

-0.0457737 0.443539 -0.895085 0 
-0.788388 0.534224 0.30504 0 
0.613473 0.719637 0.325228 0 
10.6976 8.43108 -12.0032 1 

0.999999 -0.00145505 0.000734047 0 
0.00159834 0.787653 -0.616118 0 
0.000318311 0.616118 0.787654 0 
-0.0047394 2.0252 7.82227 1 

0.999999 -0.00145505 0.000734047 0 
0.00122267 0.967623 0.252398 0 
-0.00107753 -0.252397 0.967623 0 
-0.00212908 1.03245 2.29828 1 

0.999999 -0.00145505 0.000734047 0 
0.000865681 0.855864 0.5172 0 
-0.0013808 -0.517198 0.855865 0 
-0.00168598 1.12194 1.87192 1 

0.999999 -0.00145505 0.000734047 0 
0.000865681 0.855864 0.5172 0 
-0.0013808 -0.517198 0.855865 0 
-0.00168586 1.12194 1.87192 1 

0.999997 -0.00244559 0.000633135 0 
0.00251307 0.988579 -0.150681 0 
-0.000257402 0.150682 0.988582 0 
-0.0111276 -0.293251 1.91022 1 

0.999997 -0.00244559 0.000633135 0 
0.00118876 0.676691 0.736266 0 
-0.00222904 -0.736263 0.676692 0 
-0.00241995 1.82835 -3.64787 1 

0.999997 -0.00244559 0.000633135 0 
0.00111329 0.651603 0.758559 0 
-0.00226768 -0.758556 0.651604 0 
-0.00231886 1.85921 -3.68832 1 

0.999997 -0.00244559 0.000633135 0 
0.00111329 0.651603 0.758559 0 
-0.00226768 -0.758556 0.651604 0 
-0.00231886 1.85921 -3.68832 1 

1.54167
0.99979 -0.0205067 0 0 
0.0205067 0.99979 0 0 
0 0 1 0 
-0.252977 -0.504614 0 1 

0.99979 -0.0205067 0 0 
0.0205067 0.99979 0 0 
0 0 1 0 
-0.252977 -0.504614 0 1 

0.99979 -0.0205067 0 0 
0.0205067 0.99979 0 0 
0 0 1 0 
-0.252977 -0.504614 -1.49012e-008 1 

0.99979 -0.0205067 0 0 
0.0205067 0.99979 0 0 
0 0 1 0 
-0.252977 -0.504616 -2.98023e-008 1 

0.99979 -0.0205067 0 0 
0.0205067 0.99979 0 0 
0 0 1 0 
-0.252977 -0.504616 -1.49012e-008 1 

0.361954 -0.93148 -0.0365406 0 
0.890538 0.333926 0.308925 0 
-0.275555 -0.144357 0.950384 0 
-15.4801 14.6392 -5.88052 1 

-0.0684654 -0.572973 0.816709 0 
0.890538 0.333926 0.308925 0 
-0.449726 0.748462 0.487392 0 
-12.4485 12.7515 -12.5793 1 

-0.0684654 -0.572973 0.816709 0 
0.890538 0.333926 0.308925 0 
-0.449726 0.748462 0.487392 0 
-12.4485 12.7515 -12.5793 1 

0.474238 0.880324 0.0112827 0 
-0.839024 0.448032 0.308717 0 
0.266716 -0.155872 0.951087 0 
15.1896 12.6042 -6.00459 1 

-0.0667903 0.478295 -0.875656 0 
-0.839024 0.448032 0.308717 0 
0.53998 0.755315 0.371376 0 
11.3654 10.2126 -12.9271 1 

-0.0667903 0.478295 -0.875656 0 
-0.839024 0.448032 0.308717 0 
0.53998 0.755315 0.371376 0 
11.3654 10.2126 -12.9271 1 

1 -0.000654677 0.000259494 0 
0.000694126 0.854105 -0.5201 0 
0.000118862 0.5201 0.854105 0 
-0.00246704 1.25286 6.60042 1 

1 -0.000654677 0.000259494 0 
0.000452708 0.879864 0.475225 0 
-0.000539439 -0.475224 0.879864 0 
-0.000829458 1.25684 0.30016 1 

1 -0.000654677 0.000259494 0 
0.00033119 0.762384 0.647125 0 
-0.000621492 -0.647125 0.762384 0 
-0.00067234 1.38178 0.0103517 1 

1 -0.000654677 0.000259494 0 
0.00033119 0.762384 0.647125 0 
-0.000621492 -0.647125 0.762384 0 
-0.00067234 1.38178 0.0103517 1 

1 -0.000787828 0.000246344 0 
0.000825038 0.944579 -0.328283 0 
2.59387e-005 0.328283 0.944579 0 
-0.00341976 0.19241 4.16305 1 

1 -0.000787828 0.000246344 0 
0.000439011 0.76034 0.649525 0 
-0.000699021 -0.649525 0.76034 0 
-0.000856519 1.5218 -1.99119 1 

1 -0.000787828 0.000246344 0 
0.000415307 0.738116 0.674674 0 
-0.000713359 -0.674674 0.738116 0 
-0.000825286 1.54757 -2.03505 1 

1 -0.000787828 0.000246344 0 
0.000415307 0.738116 0.674674 0 
-0.000713359 -0.674674 0.738116 0 
-0.000825286 1.54757 -2.03505 1 

1.58333
0.999768 0.0215434 0 0 
-0.0215434 0.999768 0 0 
0 0 1 0 
0.265766 -0.504345 0 1 

0.999768 0.0215434 0 0 
-0.0215434 0.999768 0 0 
0 0 1 0 
0.265766 -0.504345 0 1 

0.999768 0.0215434 0 0 
-0.0215434 0.999768 0 0 
0 0 1 0 
0.265766 -0.504345 -1.49012e-008 1 

0.999768 0.0215434 0 0 
-0.0215434 0.999768 0 0 
0 0 1 0 
0.265766 -0.504347 -2.98023e-008 1 

0.999768 0.0215434 0 0 
-0.0215434 0.999768 0 0 
0 0 1 0 
0.265766 -0.504347 -1.49012e-008 1 

0.408457 -0.888677 0.208366 0 
0.83456 0.456051 0.309075 0 
-0.369693 0.0476502 0.927931 0 
-14.8485 12.3541 -6.52595 1 

-0.071769 -0.466239 0.881743 0 
0.83456 0.456051 0.309075 0 
-0.546223 0.758049 0.356374 0 
-11.4509 9.83857 -11.9883 1 

-0.071769 -0.466239 0.881743 0 
0.83456 0.456051 0.309075 0 
-0.546223 0.758049 0.356374 0 
-11.4509 9.83857 -11.9883 1 

0.419193 0.87417 0.245159 0 
-0.889002 0.340418 0.306253 0 
0.184261 -0.346326 0.91984 0 
15.7005 14.5364 -5.3464 1 

-0.0639652 0.569935 -0.819196 0 
-0.889002 0.340418 0.306253 0 
0.453413 0.747857 0.484899 0 
12.3013 12.9838 -13.4879 1 

-0.0639652 0.569935 -0.819196 0 
-0.889002 0.340418 0.306253 0 
0.453413 0.747857 0.484899 0 
12.3013 12.9838 -13.4879 1 

1 0.000835299 -0.00025829 0 
-0.000873439 0.941129 -0.338048 0 
-3.92869e-005 0.338048 0.941129 0 
0.00363564 0.238928 4.2871 1 

1 0.000835299 -0.00025829 0 
-0.000462245 0.755848 0.654747 0 
0.000742138 -0.654747 0.755848 0 
0.000903606 1.57742 -1.96177 1 

1 0.000835299 -0.00025829 0 
-0.000375371 0.676972 0.736008 0 
0.000789643 -0.736008 0.676972 0 
0.000788212 1.67121 -2.10554 1 

1 0.000835299 -0.00025829 0 
-0.000375371 0.676972 0.736008 0 
0.000789643 -0.736008 0.676972 0 
0.000788093 1.67121 -2.10554 1 

1 0.000686135 -0.000274174 0 
-0.000732556 0.872188 -0.48917 0 
-9.65046e-005 0.48917 0.872189 0 
0.00262499 1.02759 6.20691 1 

1 0.000686135 -0.000274174 0 
-0.000472243 0.878885 0.477033 0 
0.000568276 -0.477033 0.878885 0 
0.00086689 1.14726 0.0940552 1 

1 0.000686135 -0.000274174 0 
-0.000452907 0.862382 0.506257 0 
0.000583803 -0.506257 0.862382 0 
0.000842571 1.16334 0.045792 1 

1 0.000686135 -0.000274174 0 
-0.000452907 0.862382 0.506257 0 
0.000583803 -0.506257 0.862382 0 
0.000842571 1.16334 0.0457919 1 

1.625
0.998389 0.0567482 0 0 
-0.0567482 0.998389 0 0 
0 0 1 0 
0.700064 -0.487329 0 1 

0.998389 0.0567482 0 0 
-0.0567482 0.998389 0 0 
0 0 1 0 
0.700064 -0.487329 0 1 

0.998389 0.0567482 0 0 
-0.0567482 0.998389 0 0 
0 0 1 0 
0.700064 -0.487328 -1.49012e-008 1 

0.998389 0.0567482 0 0 
-0.0567482 0.998389 0 0 
0 0 1 0 
0.700064 -0.487329 -2.98023e-008 1 

0.998389 0.0567482 0 0 
-0.0567482 0.998389 0 0 
0 0 1 0 
0.700064 -0.487329 -1.49012e-008 1 

0.408619 -0.802587 0.434609 0 
0.773804 0.55715 0.301351 0 
-0.484002 0.213164 0.848706 0 
-13.9683 10.3253 -6.99247 1 

-0.0425201 -0.428986 0.90231 0 
0.773804 0.55715 0.301351 0 
-0.631997 0.711024 0.308261 0 
-10.7612 7.98944 -10.9087 1 

-0.0425201 -0.428986 0.90231 0 
0.773804 0.55715 0.301351 0 
-0.631997 0.711024 0.308261 0 
-10.7612 7.98944 -10.9087 1 

0.36068 0.836711 0.412098 0 
-0.921065 0.24999 0.29857 0 
0.146796 -0.487257 0.860832 0 
15.9149 16.0695 -4.76879 1 

-0.0538163 0.677652 -0.733411 0 
-0.921065 0.24999 0.29857 0 
0.385672 0.691588 0.610707 0 
13.0038 15.6434 -13.3925 1 

-0.0538163 0.677652 -0.733411 0 
-0.921065 0.24999 0.29857 0 
0.385672 0.691588 0.610707 0 
13.0038 15.6434 -13.3925 1 

0.999997 0.00252102 -0.00064748 0 
-0.0025856 0.99073 -0.135818 0 
0.000299078 0.13582 0.990734 0 
0.0114361 -0.311554 1.72189 1 

0.999997 0.00252102 -0.00064748 0 
-0.00122494 0.675312 0.737531 0 
0.00229658 -0.737528 0.675313 0 
0.0024941 1.8301 -3.74959 1 

0.999997 0.00252102 -0.00064748 0 
-0.00114739 0.650248 0.759721 0 
0.0023363 -0.759718 0.650249 0 
0.00239027 1.86095 -3.78987 1 

0.999997 0.00252102 -0.00064748 0 
-0.00114739 0.650248 0.759721 0 
0.0023363 -0.759718 0.650249 0 
0.00239027 1.86095 -3.78987 1 

