1
BAKED_SKELETAL

17

CLIPNAME#idle
2

-0.0416667
1 0 0 0 
0 1 2.87215e-033 0 
0 2.87215e-033 1 0 
-5.29396e-023 -1.90735e-006 -8.9407e-008 1 

1 -6.61744e-024 -6.61744e-024 0 
-6.61744e-024 1 -3.72529e-009 0 
6.61744e-024 3.72529e-009 1 0 
0 -1.90735e-006 -1.19209e-007 1 

1 0 0 0 
1.86265e-009 1 1.37952e-008 0 
1.86265e-009 -1.59489e-008 1 0 
-5.31154e-008 -1.90735e-006 2.38419e-007 1 

1 1.86265e-009 1.86265e-009 0 
-1.86265e-009 1 1.3737e-008 0 
-5.58794e-009 1.3737e-008 1 0 
-1.49012e-007 1.90735e-006 7.7486e-007 1 

0.802829 -0.370107 0.467425 0 
-0.47422 -0.871575 0.124387 0 
0.36136 -0.321524 -0.875238 0 
10.0937 38.1359 -4.37993 1 

0.750694 -0.653971 -0.0937092 0 
-0.577031 -0.718119 0.389026 0 
-0.321706 -0.237966 -0.916448 0 
11.6892 37.5946 -4.94898 1 

0.750694 -0.653971 -0.0937092 0 
-0.577031 -0.718119 0.389026 0 
-0.321706 -0.237966 -0.916448 0 
11.6892 37.5946 -4.94898 1 

0.893671 0.411053 -0.179965 0 
-0.423249 0.905383 -0.033809 0 
0.14904 0.106384 0.983092 0 
8.06259 2.91895 0.203725 1 

0.346601 -0.00493155 -0.938 0 
-0.742083 0.610208 -0.277416 0 
0.573743 0.792226 0.207839 0 
10.3511 5.99184 -1.63357 1 

0.346601 -0.00493158 -0.938 0 
-0.742083 0.610208 -0.277416 0 
0.573743 0.792226 0.207839 -0 
10.3511 5.99184 -1.63357 1 

1 0 6.61744e-024 0 
0 1 1.00553e-032 0 
0 1.00553e-032 1 0 
-7.94093e-023 -1.90735e-006 -5.96046e-008 1 

0.900758 -0.0564221 -0.430642 0 
0.129581 0.98128 0.142474 0 
0.414541 -0.184138 0.891206 0 
-1.66723 0.40579 -1.08369 1 

0.808468 0.0736442 -0.583914 0 
0.535139 0.320963 0.781415 0 
0.244962 -0.944224 0.220078 0 
-4.22102 5.14547 -4.88033 1 

0.808468 0.0736443 -0.583914 0 
0.535139 0.320963 0.781415 0 
0.244962 -0.944224 0.220078 0 
-4.22102 5.14547 -4.88033 1 

0.912028 -0.0315243 0.408914 0 
0.229882 0.864989 -0.446036 0 
-0.339645 0.500799 0.796142 0 
-3.00157 1.51126 6.5443 1 

0.805021 -0.017538 0.592987 0 
-0.231345 0.911147 0.341014 0 
-0.546279 -0.411708 0.729435 0 
0.203293 2.09491 1.4818 1 

0.805021 -0.0175382 0.592987 0 
-0.231345 0.911147 0.341015 0 
-0.546279 -0.411708 0.729435 0 
0.203293 2.09491 1.4818 1 

0
1 0 0 0 
0 1 2.87215e-033 0 
0 2.87215e-033 1 0 
-5.29396e-023 -1.90735e-006 -8.9407e-008 1 

1 -6.61744e-024 -6.61744e-024 0 
-6.61744e-024 1 -3.72529e-009 0 
6.61744e-024 3.72529e-009 1 0 
0 -1.90735e-006 -1.19209e-007 1 

1 0 0 0 
1.86265e-009 1 1.37952e-008 0 
1.86265e-009 -1.59489e-008 1 0 
-5.31154e-008 -1.90735e-006 2.38419e-007 1 

1 1.86265e-009 1.86265e-009 0 
-1.86265e-009 1 1.3737e-008 0 
-5.58794e-009 1.3737e-008 1 0 
-1.49012e-007 1.90735e-006 7.7486e-007 1 

0.802829 -0.370107 0.467425 0 
-0.47422 -0.871575 0.124387 0 
0.36136 -0.321524 -0.875238 0 
10.0937 38.1359 -4.37993 1 

0.750694 -0.653971 -0.0937092 0 
-0.577031 -0.718119 0.389026 0 
-0.321706 -0.237966 -0.916448 0 
11.6892 37.5946 -4.94898 1 

0.750694 -0.653971 -0.0937092 0 
-0.577031 -0.718119 0.389026 0 
-0.321706 -0.237966 -0.916448 0 
11.6892 37.5946 -4.94898 1 

0.893671 0.411053 -0.179965 0 
-0.423249 0.905383 -0.033809 0 
0.14904 0.106384 0.983092 0 
8.06259 2.91895 0.203725 1 

0.346601 -0.00493155 -0.938 0 
-0.742083 0.610208 -0.277416 0 
0.573743 0.792226 0.207839 0 
10.3511 5.99184 -1.63357 1 

0.346601 -0.00493158 -0.938 0 
-0.742083 0.610208 -0.277416 0 
0.573743 0.792226 0.207839 -0 
10.3511 5.99184 -1.63357 1 

1 0 6.61744e-024 0 
0 1 1.00553e-032 0 
0 1.00553e-032 1 0 
-7.94093e-023 -1.90735e-006 -5.96046e-008 1 

0.900758 -0.0564221 -0.430642 0 
0.129581 0.98128 0.142474 0 
0.414541 -0.184138 0.891206 0 
-1.66723 0.40579 -1.08369 1 

0.808468 0.0736442 -0.583914 0 
0.535139 0.320963 0.781415 0 
0.244962 -0.944224 0.220078 0 
-4.22102 5.14547 -4.88033 1 

0.808468 0.0736443 -0.583914 0 
0.535139 0.320963 0.781415 0 
0.244962 -0.944224 0.220078 0 
-4.22102 5.14547 -4.88033 1 

0.912028 -0.0315243 0.408914 0 
0.229882 0.864989 -0.446036 0 
-0.339645 0.500799 0.796142 0 
-3.00157 1.51126 6.5443 1 

0.805021 -0.017538 0.592987 0 
-0.231345 0.911147 0.341014 0 
-0.546279 -0.411708 0.729435 0 
0.203293 2.09491 1.4818 1 

0.805021 -0.0175382 0.592987 0 
-0.231345 0.911147 0.341015 0 
-0.546279 -0.411708 0.729435 0 
0.203293 2.09491 1.4818 1 

CLIPNAME#twitching
3

0.0416667
1 0 0 0 
0 1 2.87215e-033 0 
0 2.87215e-033 1 0 
-5.29396e-023 -1.90735e-006 -8.9407e-008 1 

1 -6.61744e-024 -6.61744e-024 0 
-6.61744e-024 1 -3.72529e-009 0 
6.61744e-024 3.72529e-009 1 0 
0 -1.90735e-006 -1.19209e-007 1 

1 0 0 0 
1.86265e-009 1 1.37952e-008 0 
1.86265e-009 -1.59489e-008 1 0 
-5.31154e-008 -1.90735e-006 2.38419e-007 1 

1 1.86265e-009 1.86265e-009 0 
-1.86265e-009 1 1.3737e-008 0 
-5.58794e-009 1.3737e-008 1 0 
-1.49012e-007 1.90735e-006 7.7486e-007 1 

0.802829 -0.370107 0.467425 0 
-0.47422 -0.871575 0.124387 0 
0.36136 -0.321524 -0.875238 0 
10.0937 38.1359 -4.37993 1 

0.750694 -0.653971 -0.0937092 0 
-0.577031 -0.718119 0.389026 0 
-0.321706 -0.237966 -0.916448 0 
11.6892 37.5946 -4.94898 1 

0.750694 -0.653971 -0.0937092 0 
-0.577031 -0.718119 0.389026 0 
-0.321706 -0.237966 -0.916448 0 
11.6892 37.5946 -4.94898 1 

0.893671 0.411053 -0.179965 0 
-0.423249 0.905383 -0.033809 0 
0.14904 0.106384 0.983092 0 
8.06259 2.91895 0.203725 1 

0.346601 -0.00493155 -0.938 0 
-0.742083 0.610208 -0.277416 0 
0.573743 0.792226 0.207839 0 
10.3511 5.99184 -1.63357 1 

0.346601 -0.00493158 -0.938 0 
-0.742083 0.610208 -0.277416 0 
0.573743 0.792226 0.207839 -0 
10.3511 5.99184 -1.63357 1 

1 0 6.61744e-024 0 
0 1 1.00553e-032 0 
0 1.00553e-032 1 0 
-7.94093e-023 -1.90735e-006 -5.96046e-008 1 

0.900758 -0.0564221 -0.430642 0 
0.129581 0.98128 0.142474 0 
0.414541 -0.184138 0.891206 0 
-1.66723 0.40579 -1.08369 1 

0.808468 0.0736442 -0.583914 0 
0.535139 0.320963 0.781415 0 
0.244962 -0.944224 0.220078 0 
-4.22102 5.14547 -4.88033 1 

0.808468 0.0736443 -0.583914 0 
0.535139 0.320963 0.781415 0 
0.244962 -0.944224 0.220078 0 
-4.22102 5.14547 -4.88033 1 

0.912028 -0.0315243 0.408914 0 
0.229882 0.864989 -0.446036 0 
-0.339645 0.500799 0.796142 0 
-3.00157 1.51126 6.5443 1 

0.805021 -0.017538 0.592987 0 
-0.231345 0.911147 0.341014 0 
-0.546279 -0.411708 0.729435 0 
0.203293 2.09491 1.4818 1 

0.805021 -0.0175382 0.592987 0 
-0.231345 0.911147 0.341015 0 
-0.546279 -0.411708 0.729435 0 
0.203293 2.09491 1.4818 1 

0.0833333
0.999988 -0.00452004 0.00190496 0 
0.00451923 0.99999 0.000425607 0 
-0.00190687 -0.000417024 0.999998 0 
-0.0577955 0.000289917 -0.00551066 1 

0.999988 -0.00452004 0.00190496 0 
0.00451923 0.99999 0.000425607 0 
-0.00190687 -0.000417028 0.999998 0 
-0.0577956 0.000291824 -0.00551069 1 

0.999988 -0.00452003 0.00190496 0 
0.00451923 0.99999 0.000425583 0 
-0.00190686 -0.000417042 0.999998 0 
-0.0577955 0.000291824 -0.00550926 1 

0.999988 -0.00452004 0.00190496 0 
0.00451923 0.99999 0.000425642 0 
-0.00190687 -0.000417012 0.999998 0 
-0.0577958 0.000291824 -0.00551122 1 

0.787631 -0.391032 0.476164 0 
-0.495595 -0.861236 0.112514 0 
0.366093 -0.324603 -0.872129 0 
10.5932 37.9699 -4.15611 1 

0.712877 -0.69099 -0.119744 0 
-0.602938 -0.691102 0.398553 0 
-0.358152 -0.211921 -0.909295 0 
12.401 37.2779 -4.8438 1 

0.712877 -0.69099 -0.119744 0 
-0.602938 -0.691102 0.398553 0 
-0.358152 -0.211921 -0.909295 0 
12.401 37.2779 -4.8438 1 

0.906043 0.389978 -0.164329 0 
-0.401315 0.915012 -0.0412181 0 
0.134289 0.103293 0.985544 0 
7.68914 2.68905 0.386137 1 

0.330555 -0.0411069 -0.942891 0 
-0.74159 0.606632 -0.28643 0 
0.583763 0.793919 0.170041 0 
10.1865 5.89621 -1.61076 1 

0.330555 -0.0411069 -0.942891 0 
-0.741589 0.606632 -0.28643 0 
0.583763 0.793919 0.170041 -0 
10.1865 5.89621 -1.61076 1 

0.999988 -0.00452004 0.00190496 0 
0.00451923 0.99999 0.000425607 0 
-0.00190687 -0.00041702 0.999998 0 
-0.0577955 0.000289917 -0.00551063 1 

0.901313 -0.0603134 -0.428949 0 
0.133743 0.980624 0.143138 0 
0.412005 -0.186381 0.891916 0 
-1.7211 0.414065 -1.0922 1 

0.809905 0.0702327 -0.582342 0 
0.535093 0.318215 0.78257 0 
0.240272 -0.945413 0.220143 0 
-4.2462 5.16682 -4.89168 1 

0.809905 0.0702327 -0.582342 0 
0.535093 0.318215 0.78257 0 
0.240272 -0.945413 0.220143 0 
-4.2462 5.16682 -4.89168 1 

0.911095 -0.0358168 0.410637 0 
0.234639 0.864127 -0.445229 0 
-0.338896 0.501997 0.795706 0 
-3.06498 1.52238 6.5337 1 

0.803802 -0.0214239 0.594512 0 
-0.227874 0.912041 0.340961 0 
-0.549524 -0.409539 0.728218 0 
0.152137 2.09365 1.47756 1 

0.803802 -0.021424 0.594512 0 
-0.227874 0.912041 0.340961 0 
-0.549524 -0.409539 0.728218 0 
0.152136 2.09364 1.47756 1 

0.125
0.999837 -0.0166326 0.00701021 0 
0.0166221 0.999861 0.00156625 0 
-0.00703529 -0.00144947 0.999974 0 
-0.212568 0.00235367 -0.0202716 1 

0.999837 -0.0166326 0.00701021 0 
0.0166221 0.999861 0.00156625 0 
-0.00703529 -0.00144946 0.999974 0 
-0.212568 0.00235367 -0.0202717 1 

0.999837 -0.0166326 0.00701022 0 
0.0166221 0.999861 0.00156626 0 
-0.00703529 -0.00144945 0.999974 0 
-0.212568 0.00235367 -0.0202712 1 

0.999837 -0.0166326 0.00701022 0 
0.0166221 0.999861 0.00156629 0 
-0.00703529 -0.00144945 0.999974 0 
-0.212568 0.00235558 -0.0202709 1 

0.750139 -0.442421 0.491482 0 
-0.546363 -0.833352 0.0837372 0 
0.372531 -0.331342 -0.866853 0 
11.7907 37.5098 -3.5978 1 

0.61651 -0.767275 -0.176647 0 
-0.658846 -0.62558 0.417818 0 
-0.431088 -0.141206 -0.891193 0 
14.058 36.4028 -4.59207 1 

0.616511 -0.767275 -0.176647 0 
-0.658846 -0.62558 0.417818 0 
-0.431088 -0.141206 -0.891193 0 
14.058 36.4028 -4.59207 1 

0.931152 0.339194 -0.133808 0 
-0.349306 0.935055 -0.0604785 0 
0.104604 0.103055 0.98916 0 
6.80605 2.20302 0.833605 1 

0.297521 -0.116759 -0.947548 0 
-0.7347 0.605793 -0.305336 0 
0.609669 0.787008 0.0944538 0 
9.75834 5.60016 -1.50328 1 

0.297521 -0.116759 -0.947549 0 
-0.7347 0.605793 -0.305336 0 
0.609669 0.787008 0.0944538 -0 
9.75834 5.60017 -1.50328 1 

0.999837 -0.0166326 0.00701021 0 
0.0166221 0.999861 0.00156625 0 
-0.00703529 -0.00144946 0.999974 0 
-0.212568 0.00235367 -0.0202717 1 

0.902703 -0.070772 -0.424405 0 
0.144869 0.978781 0.144916 0 
0.405143 -0.192299 0.893801 0 
-1.86516 0.437391 -1.11499 1 

0.813669 0.0610334 -0.578116 0 
0.534889 0.310885 0.785649 0 
0.227678 -0.948486 0.220311 0 
-4.31304 5.22439 -4.92201 1 

0.813668 0.0610334 -0.578116 0 
0.534889 0.310885 0.785649 0 
0.227678 -0.948486 0.220311 0 
-4.31304 5.22439 -4.92201 1 

0.908479 -0.047282 0.415248 0 
0.24736 0.861692 -0.443058 0 
-0.336867 0.505225 0.794524 0 
-3.23457 1.55384 6.50519 1 

0.800427 -0.0317848 0.598587 0 
-0.218561 0.914374 0.340811 0 
-0.558165 -0.403622 0.724942 0 
0.0150886 2.09145 1.46619 1 

0.800427 -0.0317849 0.598587 0 
-0.218561 0.914374 0.340811 0 
-0.558165 -0.403622 0.724942 0 
0.0150886 2.09145 1.46619 1 

CLIPNAME#turning
3

0.166667
0.999313 -0.0341615 0.014401 0 
0.0341185 0.999413 0.00321735 0 
-0.0145025 -0.00272381 0.999891 0 
-0.436294 0.00863743 -0.0416201 1 

0.999313 -0.0341615 0.014401 0 
0.0341185 0.999413 0.00321735 0 
-0.0145025 -0.00272381 0.999891 0 
-0.436294 0.00863838 -0.0416201 1 

0.999313 -0.0341615 0.014401 0 
0.0341185 0.999413 0.00321737 0 
-0.0145025 -0.00272382 0.999891 0 
-0.436294 0.00863838 -0.0416197 1 

0.999313 -0.0341615 0.014401 0 
0.0341185 0.999413 0.0032174 0 
-0.0145025 -0.00272379 0.999891 0 
-0.436294 0.00864029 -0.0416207 1 

0.703243 -0.503727 0.501705 0 
-0.604174 -0.795389 0.0482794 0 
0.374731 -0.337069 -0.863691 0 
13.1894 36.8583 -2.88486 1 

0.496394 -0.835031 -0.237311 0 
-0.714087 -0.548222 0.435353 0 
-0.493633 -0.0466466 -0.868419 0 
15.8991 35.1879 -4.27803 1 

0.496394 -0.835031 -0.237311 0 
-0.714087 -0.548222 0.435353 0 
-0.493633 -0.0466466 -0.868419 0 
15.8991 35.1879 -4.27803 1 

0.953563 0.281165 -0.107998 0 
-0.29054 0.953191 -0.0837422 0 
0.0793976 0.111231 0.990618 0 
5.82548 1.75241 1.34391 1 

0.270005 -0.184743 -0.94497 0 
-0.716637 0.616901 -0.325369 0 
0.643062 0.765051 0.0341724 0 
9.21512 5.17222 -1.28114 1 

0.270005 -0.184743 -0.94497 0 
-0.716637 0.616901 -0.325369 0 
0.643062 0.765051 0.0341724 -0 
9.21512 5.17222 -1.28114 1 

0.999313 -0.0341615 0.014401 0 
0.0341185 0.999413 0.00321735 0 
-0.0145025 -0.00272382 0.999891 0 
-0.436294 0.00863647 -0.04162 1 

0.904459 -0.0859871 -0.417805 0 
0.160906 0.975889 0.147482 0 
0.395049 -0.200619 0.896487 0 
-2.07282 0.474097 -1.1479 1 

0.818893 0.047573 -0.571971 0 
0.534389 0.300365 0.790069 0 
0.209386 -0.952637 0.220544 0 
-4.40808 5.30857 -4.96565 1 

0.818893 0.0475731 -0.571971 0 
0.534389 0.300365 0.790069 0 
0.209386 -0.952637 0.220544 0 
-4.40808 5.30857 -4.96565 1 

0.904395 -0.0637758 0.421902 0 
0.265704 0.857843 -0.439894 0 
-0.333871 0.509939 0.792775 0 
-3.47915 1.60373 6.46361 1 

0.79527 -0.0466436 0.604459 0 
-0.205044 0.917586 0.340577 0 
-0.570529 -0.394792 0.720165 0 
-0.183156 2.09134 1.44968 1 

0.79527 -0.0466437 0.604459 0 
-0.205044 0.917586 0.340577 0 
-0.570529 -0.394792 0.720164 0 
-0.183156 2.09134 1.44968 1 

0.208333
0.998222 -0.0549215 0.0231623 0 
0.0548158 0.998483 0.00517415 0 
-0.0234113 -0.0038953 0.999718 0 
-0.700921 0.0211201 -0.0668927 1 

0.998222 -0.0549215 0.0231623 0 
0.0548158 0.998483 0.00517414 0 
-0.0234113 -0.0038953 0.999718 0 
-0.700921 0.0211201 -0.0668927 1 

0.998222 -0.0549215 0.0231623 0 
0.0548158 0.998483 0.00517414 0 
-0.0234113 -0.00389533 0.999718 0 
-0.700921 0.0211201 -0.0668917 1 

0.998222 -0.0549215 0.0231623 0 
0.0548158 0.998483 0.00517417 0 
-0.0234113 -0.00389524 0.999718 0 
-0.700921 0.021122 -0.0668924 1 

0.667783 -0.545032 0.506958 0 
-0.641361 -0.766972 0.0202483 0 
0.377787 -0.338664 -0.861733 0 
14.1703 36.337 -2.30236 1 

0.406153 -0.86983 -0.280064 0 
-0.746554 -0.492588 0.44723 0 
-0.52697 0.0274386 -0.849441 0 
17.1723 34.2011 -4.03415 1 

0.406153 -0.86983 -0.280064 0 
-0.746553 -0.492588 0.44723 0 
-0.52697 0.0274387 -0.849441 0 
17.1723 34.2011 -4.03414 1 

0.963739 0.247152 -0.100612 0 
-0.256727 0.96161 -0.0969396 0 
0.0727904 0.119254 0.990192 0 
5.33457 1.55515 1.61022 1 

0.272237 -0.204979 -0.940144 0 
-0.692252 0.636906 -0.339319 0 
0.668337 0.743192 0.0314915 0 
8.87082 4.83315 -1.02188 1 

0.272237 -0.204979 -0.940144 0 
-0.692253 0.636906 -0.339319 0 
0.668337 0.743192 0.0314915 -0 
8.87082 4.83315 -1.02188 1 

0.998222 -0.0549215 0.0231623 0 
0.0548158 0.998483 0.00517415 0 
-0.0234113 -0.0038953 0.999718 0 
-0.700921 0.0211201 -0.0668927 1 

0.906145 -0.10413 -0.409949 0 
0.179805 0.972119 0.150513 0 
0.382846 -0.210097 0.899604 0 
-2.31757 0.522085 -1.1868 1 

0.824738 0.0314047 -0.564643 0 
0.533487 0.288042 0.795251 0 
0.187615 -0.957103 0.220805 0 
-4.51813 5.40962 -5.01699 1 

0.824738 0.0314048 -0.564643 0 
0.533487 0.288042 0.795251 0 
0.187615 -0.957103 0.220805 0 
-4.51813 5.40962 -5.01699 1 

0.899105 -0.0831592 0.429761 0 
0.28733 0.852789 -0.43611 0 
-0.330229 0.515592 0.790642 0 
-3.76752 1.66945 6.41386 1 

0.788746 -0.0640343 0.611375 0 
-0.188972 0.921142 0.340274 0 
-0.584953 -0.383922 0.714447 0 
-0.417846 2.09592 1.43004 1 

0.788746 -0.0640344 0.611375 0 
-0.188972 0.921143 0.340275 0 
-0.584953 -0.383923 0.714447 0 
-0.417846 2.09592 1.43004 1 

0.25
0.996526 -0.0767252 0.0323787 0 
0.0765298 0.997041 0.00723173 0 
-0.0328378 -0.00472869 0.99945 0 
-0.978517 0.0401087 -0.0934342 1 

0.996527 -0.0767252 0.0323787 0 
0.0765298 0.997041 0.00723173 0 
-0.0328378 -0.00472869 0.999449 0 
-0.978517 0.0401058 -0.0934342 1 

0.996527 -0.0767252 0.0323787 0 
0.0765298 0.997041 0.00723173 0 
-0.0328378 -0.00472871 0.99945 0 
-0.978517 0.0401096 -0.093433 1 

0.996527 -0.0767252 0.0323787 0 
0.0765298 0.997041 0.00723176 0 
-0.0328378 -0.00472868 0.99945 0 
-0.978517 0.0401115 -0.0934339 1 

0.654651 -0.555446 0.512751 0 
-0.65006 -0.759852 0.00683698 0 
0.385817 -0.337794 -0.858511 0 
14.5348 36.1572 -2.01041 1 

0.366927 -0.880875 -0.299038 0 
-0.756168 -0.469666 0.455659 0 
-0.541827 0.0589295 -0.838422 0 
17.7274 33.7717 -3.94019 1 

0.366927 -0.880875 -0.299038 0 
-0.756168 -0.469666 0.455659 0 
-0.541827 0.0589295 -0.838422 0 
17.7274 33.7717 -3.94019 1 

0.962566 0.246016 -0.113769 0 
-0.257136 0.961572 -0.0962278 0 
0.085724 0.12188 0.988836 0 
5.50156 1.59986 1.55392 1 

0.306367 -0.175892 -0.935522 0 
-0.66828 0.660134 -0.342965 0 
0.677895 0.730264 0.0846985 0 
8.84814 4.65911 -0.816104 1 

0.306368 -0.175892 -0.935522 0 
-0.66828 0.660134 -0.342965 0 
0.677895 0.730263 0.0846985 -0 
8.84814 4.65911 -0.816107 1 

0.996526 -0.0767252 0.0323787 0 
0.0765298 0.997041 0.00723173 0 
-0.0328378 -0.00472869 0.99945 0 
-0.978517 0.0401087 -0.0934342 1 

0.907452 -0.12333 -0.401647 0 
0.19955 0.96776 0.153688 0 
0.369744 -0.219613 0.902807 0 
-2.57331 0.577743 -1.22758 1 

0.83047 0.0141577 -0.556883 0 
0.532183 0.27526 0.800633 0 
0.164622 -0.961266 0.22106 0 
-4.63083 5.51729 -5.07054 1 

0.83047 0.0141577 -0.556883 0 
0.532183 0.27526 0.800633 0 
0.164622 -0.961266 0.22106 0 
-4.63083 5.51729 -5.07054 1 

0.89302 -0.10334 0.437991 0 
0.309927 0.846901 -0.432092 0 
-0.326283 0.521612 0.788328 0 
-4.0689 1.74625 6.36101 1 

0.78141 -0.0820556 0.618599 0 
-0.172009 0.924589 0.339925 0 
-0.599842 -0.372026 0.708369 0 
-0.664265 2.10622 1.40928 1 

0.78141 -0.0820557 0.618599 0 
-0.172009 0.924589 0.339925 0 
-0.599842 -0.372026 0.708369 0 
-0.664266 2.10622 1.40928 1 

CLIPNAME#nodding
11

0.958333
1 0 0 0 
0 1 2.87215e-033 0 
0 2.87215e-033 1 0 
-5.29396e-023 -1.90735e-006 -8.9407e-008 1 

1 -6.61744e-024 -6.61744e-024 0 
-6.61744e-024 1 -3.72529e-009 0 
6.61744e-024 3.72529e-009 1 0 
0 -1.90735e-006 -1.19209e-007 1 

1 0 0 0 
1.86265e-009 1 1.37952e-008 0 
1.86265e-009 -1.59489e-008 1 0 
-5.31154e-008 -1.90735e-006 2.38419e-007 1 

1 1.86265e-009 1.86265e-009 0 
-1.86265e-009 1 1.3737e-008 0 
-5.58794e-009 1.3737e-008 1 0 
-1.49012e-007 1.90735e-006 7.7486e-007 1 

0.802829 -0.370107 0.467425 0 
-0.47422 -0.871575 0.124387 0 
0.36136 -0.321524 -0.875238 0 
10.0937 38.1359 -4.37993 1 

0.750694 -0.653971 -0.0937092 0 
-0.577031 -0.718119 0.389026 0 
-0.321706 -0.237966 -0.916448 0 
11.6892 37.5946 -4.94898 1 

0.750694 -0.653971 -0.0937092 0 
-0.577031 -0.718119 0.389026 0 
-0.321706 -0.237966 -0.916448 0 
11.6892 37.5946 -4.94898 1 

0.893671 0.411053 -0.179965 0 
-0.423249 0.905383 -0.033809 0 
0.14904 0.106384 0.983092 0 
8.06259 2.91895 0.203725 1 

0.346601 -0.00493155 -0.938 0 
-0.742083 0.610208 -0.277416 0 
0.573743 0.792226 0.207839 0 
10.3511 5.99184 -1.63357 1 

0.346601 -0.00493158 -0.938 0 
-0.742083 0.610208 -0.277416 0 
0.573743 0.792226 0.207839 -0 
10.3511 5.99184 -1.63357 1 

1 0 6.61744e-024 0 
0 1 1.00553e-032 0 
0 1.00553e-032 1 0 
-7.94093e-023 -1.90735e-006 -5.96046e-008 1 

0.900758 -0.0564221 -0.430642 0 
0.129581 0.98128 0.142474 0 
0.414541 -0.184138 0.891206 0 
-1.66723 0.40579 -1.08369 1 

0.808468 0.0736442 -0.583914 0 
0.535139 0.320963 0.781415 0 
0.244962 -0.944224 0.220078 0 
-4.22102 5.14547 -4.88033 1 

0.808468 0.0736443 -0.583914 0 
0.535139 0.320963 0.781415 0 
0.244962 -0.944224 0.220078 0 
-4.22102 5.14547 -4.88033 1 

0.912028 -0.0315243 0.408914 0 
0.229882 0.864989 -0.446036 0 
-0.339645 0.500799 0.796142 0 
-3.00157 1.51126 6.5443 1 

0.805021 -0.017538 0.592987 0 
-0.231345 0.911147 0.341014 0 
-0.546279 -0.411708 0.729435 0 
0.203293 2.09491 1.4818 1 

0.805021 -0.0175382 0.592987 0 
-0.231345 0.911147 0.341015 0 
-0.546279 -0.411708 0.729435 0 
0.203293 2.09491 1.4818 1 

1
1 0 0 0 
0 1 2.87215e-033 0 
0 2.87215e-033 1 0 
-5.29396e-023 -1.90735e-006 -8.9407e-008 1 

1 -6.61744e-024 -6.61744e-024 0 
-6.61744e-024 1 -3.72529e-009 0 
6.61744e-024 3.72529e-009 1 0 
0 -1.90735e-006 -1.19209e-007 1 

1 0 0 0 
1.86265e-009 1 1.37952e-008 0 
1.86265e-009 -1.59489e-008 1 0 
-5.31154e-008 -1.90735e-006 2.38419e-007 1 

1 1.86265e-009 1.86265e-009 0 
-1.86265e-009 1 1.3737e-008 0 
-5.58794e-009 1.3737e-008 1 0 
-1.49012e-007 1.90735e-006 7.7486e-007 1 

0.802829 -0.370107 0.467425 0 
-0.47422 -0.871575 0.124387 0 
0.36136 -0.321524 -0.875238 0 
10.0937 38.1359 -4.37993 1 

0.750694 -0.653971 -0.0937092 0 
-0.577031 -0.718119 0.389026 0 
-0.321706 -0.237966 -0.916448 0 
11.6892 37.5946 -4.94898 1 

0.750694 -0.653971 -0.0937092 0 
-0.577031 -0.718119 0.389026 0 
-0.321706 -0.237966 -0.916448 0 
11.6892 37.5946 -4.94898 1 

0.893671 0.411053 -0.179965 0 
-0.423249 0.905383 -0.033809 0 
0.14904 0.106384 0.983092 0 
8.06259 2.91895 0.203725 1 

0.346601 -0.00493155 -0.938 0 
-0.742083 0.610208 -0.277416 0 
0.573743 0.792226 0.207839 0 
10.3511 5.99184 -1.63357 1 

0.346601 -0.00493158 -0.938 0 
-0.742083 0.610208 -0.277416 0 
0.573743 0.792226 0.207839 -0 
10.3511 5.99184 -1.63357 1 

1 0 6.61744e-024 0 
0 1 1.00553e-032 0 
0 1.00553e-032 1 0 
-7.94093e-023 -1.90735e-006 -5.96046e-008 1 

0.900758 -0.0564221 -0.430642 0 
0.129581 0.98128 0.142474 0 
0.414541 -0.184138 0.891206 0 
-1.66723 0.40579 -1.08369 1 

0.808468 0.0736442 -0.583914 0 
0.535139 0.320963 0.781415 0 
0.244962 -0.944224 0.220078 0 
-4.22102 5.14547 -4.88033 1 

0.808468 0.0736443 -0.583914 0 
0.535139 0.320963 0.781415 0 
0.244962 -0.944224 0.220078 0 
-4.22102 5.14547 -4.88033 1 

0.912028 -0.0315243 0.408914 0 
0.229882 0.864989 -0.446036 0 
-0.339645 0.500799 0.796142 0 
-3.00157 1.51126 6.5443 1 

0.805021 -0.017538 0.592987 0 
-0.231345 0.911147 0.341014 0 
-0.546279 -0.411708 0.729435 0 
0.203293 2.09491 1.4818 1 

0.805021 -0.0175382 0.592987 0 
-0.231345 0.911147 0.341015 0 
-0.546279 -0.411708 0.729435 0 
0.203293 2.09491 1.4818 1 

1.04167
1 0 0 0 
0 1 2.87215e-033 0 
0 2.87215e-033 1 0 
-5.29396e-023 -1.90735e-006 -8.9407e-008 1 

1 -6.61744e-024 -6.61744e-024 0 
-6.61744e-024 1 -3.72529e-009 0 
6.61744e-024 3.72529e-009 1 0 
0 -1.90735e-006 -1.19209e-007 1 

1 0 0 0 
1.86265e-009 1 1.37952e-008 0 
1.86265e-009 -1.59489e-008 1 0 
-5.31154e-008 -1.90735e-006 2.38419e-007 1 

1 1.86265e-009 1.86265e-009 0 
-1.86265e-009 1 1.3737e-008 0 
-5.58794e-009 1.3737e-008 1 0 
-1.49012e-007 1.90735e-006 7.7486e-007 1 

0.802829 -0.370107 0.467425 0 
-0.47422 -0.871575 0.124387 0 
0.36136 -0.321524 -0.875238 0 
10.0937 38.1359 -4.37993 1 

0.750694 -0.653971 -0.0937092 0 
-0.577031 -0.718119 0.389026 0 
-0.321706 -0.237966 -0.916448 0 
11.6892 37.5946 -4.94898 1 

0.750694 -0.653971 -0.0937092 0 
-0.577031 -0.718119 0.389026 0 
-0.321706 -0.237966 -0.916448 0 
11.6892 37.5946 -4.94898 1 

0.893671 0.411053 -0.179965 0 
-0.423249 0.905383 -0.033809 0 
0.14904 0.106384 0.983092 0 
8.06259 2.91895 0.203725 1 

0.346601 -0.00493155 -0.938 0 
-0.742083 0.610208 -0.277416 0 
0.573743 0.792226 0.207839 0 
10.3511 5.99184 -1.63357 1 

0.346601 -0.00493158 -0.938 0 
-0.742083 0.610208 -0.277416 0 
0.573743 0.792226 0.207839 -0 
10.3511 5.99184 -1.63357 1 

1 0 6.61744e-024 0 
0 1 1.00553e-032 0 
0 1.00553e-032 1 0 
-7.94093e-023 -1.90735e-006 -5.96046e-008 1 

0.900758 -0.0564221 -0.430642 0 
0.129581 0.98128 0.142474 0 
0.414541 -0.184138 0.891206 0 
-1.66723 0.40579 -1.08369 1 

0.808468 0.0736442 -0.583914 0 
0.535139 0.320963 0.781415 0 
0.244962 -0.944224 0.220078 0 
-4.22102 5.14547 -4.88033 1 

0.808468 0.0736443 -0.583914 0 
0.535139 0.320963 0.781415 0 
0.244962 -0.944224 0.220078 0 
-4.22102 5.14547 -4.88033 1 

0.912028 -0.0315243 0.408914 0 
0.229882 0.864989 -0.446036 0 
-0.339645 0.500799 0.796142 0 
-3.00157 1.51126 6.5443 1 

0.805021 -0.017538 0.592987 0 
-0.231345 0.911147 0.341014 0 
-0.546279 -0.411708 0.729435 0 
0.203293 2.09491 1.4818 1 

0.805021 -0.0175382 0.592987 0 
-0.231345 0.911147 0.341015 0 
-0.546279 -0.411708 0.729435 0 
0.203293 2.09491 1.4818 1 

1.08333
1 0 0 0 
0 1 2.87215e-033 0 
0 2.87215e-033 1 0 
-5.29396e-023 -1.90735e-006 -8.9407e-008 1 

1 -6.61744e-024 -6.61744e-024 0 
-6.61744e-024 1 -3.72529e-009 0 
6.61744e-024 3.72529e-009 1 0 
0 -1.90735e-006 -1.19209e-007 1 

1 0 0 0 
1.86265e-009 1 1.37952e-008 0 
1.86265e-009 -1.59489e-008 1 0 
-5.31154e-008 -1.90735e-006 2.38419e-007 1 

1 1.86265e-009 1.86265e-009 0 
-1.86265e-009 1 1.3737e-008 0 
-5.58794e-009 1.3737e-008 1 0 
-1.49012e-007 1.90735e-006 7.7486e-007 1 

0.802829 -0.370107 0.467425 0 
-0.47422 -0.871575 0.124387 0 
0.36136 -0.321524 -0.875238 0 
10.0937 38.1359 -4.37993 1 

0.750694 -0.653971 -0.0937092 0 
-0.577031 -0.718119 0.389026 0 
-0.321706 -0.237966 -0.916448 0 
11.6892 37.5946 -4.94898 1 

0.750694 -0.653971 -0.0937092 0 
-0.577031 -0.718119 0.389026 0 
-0.321706 -0.237966 -0.916448 0 
11.6892 37.5946 -4.94898 1 

0.893671 0.411053 -0.179965 0 
-0.423249 0.905383 -0.033809 0 
0.14904 0.106384 0.983092 0 
8.06259 2.91895 0.203725 1 

0.346601 -0.00493155 -0.938 0 
-0.742083 0.610208 -0.277416 0 
0.573743 0.792226 0.207839 0 
10.3511 5.99184 -1.63357 1 

0.346601 -0.00493158 -0.938 0 
-0.742083 0.610208 -0.277416 0 
0.573743 0.792226 0.207839 -0 
10.3511 5.99184 -1.63357 1 

1 0 6.61744e-024 0 
0 1 1.00553e-032 0 
0 1.00553e-032 1 0 
-7.94093e-023 -1.90735e-006 -5.96046e-008 1 

0.90837 -0.0304434 -0.417059 0 
0.052761 0.99772 0.0420864 0 
0.414826 -0.0602344 0.907905 0 
-0.684256 0.103034 0.188681 1 

0.788179 0.101781 -0.606972 0 
0.541139 0.35517 0.762249 0 
0.293161 -0.929244 0.22486 0 
-3.78705 4.77335 -4.09893 1 

0.788179 0.101781 -0.606972 0 
0.541139 0.35517 0.762249 0 
0.293161 -0.929244 0.22486 0 
-3.78705 4.77335 -4.09893 1 

0.912751 -0.0442202 0.406115 0 
0.226947 0.881492 -0.414086 0 
-0.339676 0.470125 0.814618 0 
-2.9623 1.28742 6.11856 1 

0.795247 -0.0397144 0.604983 0 
-0.260467 0.878695 0.400065 0 
-0.547484 -0.475729 0.688436 0 
0.406148 2.22571 0.9525 1 

0.795247 -0.0397145 0.604983 0 
-0.260467 0.878695 0.400065 0 
-0.547484 -0.475729 0.688436 0 
0.406148 2.22571 0.9525 1 

1.125
1 0 0 0 
0 1 2.87215e-033 0 
0 2.87215e-033 1 0 
-5.29396e-023 -1.90735e-006 -8.9407e-008 1 

1 -6.61744e-024 -6.61744e-024 0 
-6.61744e-024 1 -3.72529e-009 0 
6.61744e-024 3.72529e-009 1 0 
0 -1.90735e-006 -1.19209e-007 1 

1 0 0 0 
1.86265e-009 1 1.37952e-008 0 
1.86265e-009 -1.59489e-008 1 0 
-5.31154e-008 -1.90735e-006 2.38419e-007 1 

1 1.86265e-009 1.86265e-009 0 
-1.86265e-009 1 1.3737e-008 0 
-5.58794e-009 1.3737e-008 1 0 
-1.49012e-007 1.90735e-006 7.7486e-007 1 

0.802829 -0.370107 0.467425 0 
-0.47422 -0.871575 0.124387 0 
0.36136 -0.321524 -0.875238 0 
10.0937 38.1359 -4.37993 1 

0.750694 -0.653971 -0.0937092 0 
-0.577031 -0.718119 0.389026 0 
-0.321706 -0.237966 -0.916448 0 
11.6892 37.5946 -4.94898 1 

0.750694 -0.653971 -0.0937092 0 
-0.577031 -0.718119 0.389026 0 
-0.321706 -0.237966 -0.916448 0 
11.6892 37.5946 -4.94898 1 

0.893671 0.411053 -0.179965 0 
-0.423249 0.905383 -0.033809 0 
0.14904 0.106384 0.983092 0 
8.06259 2.91895 0.203725 1 

0.346601 -0.00493155 -0.938 0 
-0.742083 0.610208 -0.277416 0 
0.573743 0.792226 0.207839 0 
10.3511 5.99184 -1.63357 1 

0.346601 -0.00493158 -0.938 0 
-0.742083 0.610208 -0.277416 0 
0.573743 0.792226 0.207839 -0 
10.3511 5.99184 -1.63357 1 

1 0 6.61744e-024 0 
0 1 1.00553e-032 0 
0 1.00553e-032 1 0 
-7.94093e-023 -1.90735e-006 -5.96046e-008 1 

0.913879 0.0278299 -0.405032 0 
-0.107447 0.978654 -0.17519 0 
0.39151 0.203622 0.897362 0 
1.39201 0.154364 2.98907 1 

0.741403 0.123789 -0.659544 0 
0.533877 0.486655 0.691479 0 
0.406568 -0.864779 0.294719 0 
-2.74873 3.9521 -2.24048 1 

0.741403 0.123789 -0.659544 0 
0.533877 0.486655 0.691479 0 
0.406568 -0.864779 0.294719 0 
-2.74873 3.9521 -2.24048 1 

0.915397 -0.0668669 0.396959 0 
0.20647 0.92451 -0.320393 0 
-0.345569 0.375247 0.8601 0 
-2.69021 0.72698 4.8717 1 

0.782583 -0.0922786 0.615669 0 
-0.31554 0.793714 0.520051 0 
-0.536655 -0.601251 0.59203 0 
0.874073 2.52857 -0.303594 1 

0.782583 -0.0922786 0.615669 0 
-0.31554 0.793714 0.520051 0 
-0.536655 -0.601251 0.59203 0 
0.874072 2.52857 -0.303594 1 

1.16667
1 0 0 0 
0 1 2.87215e-033 0 
0 2.87215e-033 1 0 
-5.29396e-023 -1.90735e-006 -8.9407e-008 1 

1 -6.61744e-024 -6.61744e-024 0 
-6.61744e-024 1 -3.72529e-009 0 
6.61744e-024 3.72529e-009 1 0 
0 -1.90735e-006 -1.19209e-007 1 

1 0 0 0 
1.86265e-009 1 1.37952e-008 0 
1.86265e-009 -1.59489e-008 1 0 
-5.31154e-008 -1.90735e-006 2.38419e-007 1 

1 1.86265e-009 1.86265e-009 0 
-1.86265e-009 1 1.3737e-008 0 
-5.58794e-009 1.3737e-008 1 0 
-1.49012e-007 1.90735e-006 7.7486e-007 1 

0.802829 -0.370107 0.467425 0 
-0.47422 -0.871575 0.124387 0 
0.36136 -0.321524 -0.875238 0 
10.0937 38.1359 -4.37993 1 

0.750694 -0.653971 -0.0937092 0 
-0.577031 -0.718119 0.389026 0 
-0.321706 -0.237966 -0.916448 0 
11.6892 37.5946 -4.94898 1 

0.750694 -0.653971 -0.0937092 0 
-0.577031 -0.718119 0.389026 0 
-0.321706 -0.237966 -0.916448 0 
11.6892 37.5946 -4.94898 1 

0.893671 0.411053 -0.179965 0 
-0.423249 0.905383 -0.033809 0 
0.14904 0.106384 0.983092 0 
8.06259 2.91895 0.203725 1 

0.346601 -0.00493155 -0.938 0 
-0.742083 0.610208 -0.277416 0 
0.573743 0.792226 0.207839 0 
10.3511 5.99184 -1.63357 1 

0.346601 -0.00493158 -0.938 0 
-0.742083 0.610208 -0.277416 0 
0.573743 0.792226 0.207839 -0 
10.3511 5.99184 -1.63357 1 

1 0 6.61744e-024 0 
0 1 1.00553e-032 0 
0 1.00553e-032 1 0 
-7.94093e-023 -1.90735e-006 -5.96046e-008 1 

0.903754 0.050668 -0.425042 0 
-0.230155 0.89474 -0.382713 0 
0.360911 0.443704 0.820286 0 
3.0111 1.11466 5.74151 1 

0.721929 0.0655714 -0.688854 0 
0.46477 0.691573 0.552916 0 
0.512648 -0.719325 0.46879 0 
-1.55603 3.10695 -0.0811102 1 

0.721929 0.0655714 -0.688854 0 
0.46477 0.691573 0.552916 0 
0.512648 -0.719325 0.46879 0 
-1.55603 3.10695 -0.0811106 1 

0.919288 -0.0761269 0.386152 0 
0.156491 0.970927 -0.181139 0 
-0.361136 0.226948 0.904475 0 
-2.03 0.164796 3.03185 1 

0.789285 -0.13988 0.597882 0 
-0.353579 0.692531 0.628795 0 
-0.502007 -0.707697 0.497146 0 
1.40821 2.88044 -1.81036 1 

0.789285 -0.13988 0.597883 0 
-0.353579 0.692531 0.628795 0 
-0.502008 -0.707697 0.497145 0 
1.40821 2.88044 -1.81036 1 

1.20833
1 0 0 0 
0 1 2.87215e-033 0 
0 2.87215e-033 1 0 
-5.29396e-023 -1.90735e-006 -8.9407e-008 1 

1 -6.61744e-024 -6.61744e-024 0 
-6.61744e-024 1 -3.72529e-009 0 
6.61744e-024 3.72529e-009 1 0 
0 -1.90735e-006 -1.19209e-007 1 

1 0 0 0 
1.86265e-009 1 1.37952e-008 0 
1.86265e-009 -1.59489e-008 1 0 
-5.31154e-008 -1.90735e-006 2.38419e-007 1 

1 1.86265e-009 1.86265e-009 0 
-1.86265e-009 1 1.3737e-008 0 
-5.58794e-009 1.3737e-008 1 0 
-1.49012e-007 1.90735e-006 7.7486e-007 1 

0.802829 -0.370107 0.467425 0 
-0.47422 -0.871575 0.124387 0 
0.36136 -0.321524 -0.875238 0 
10.0937 38.1359 -4.37993 1 

0.750694 -0.653971 -0.0937092 0 
-0.577031 -0.718119 0.389026 0 
-0.321706 -0.237966 -0.916448 0 
11.6892 37.5946 -4.94898 1 

0.750694 -0.653971 -0.0937092 0 
-0.577031 -0.718119 0.389026 0 
-0.321706 -0.237966 -0.916448 0 
11.6892 37.5946 -4.94898 1 

0.893671 0.411053 -0.179965 0 
-0.423249 0.905383 -0.033809 0 
0.14904 0.106384 0.983092 0 
8.06259 2.91895 0.203725 1 

0.346601 -0.00493155 -0.938 0 
-0.742083 0.610208 -0.277416 0 
0.573743 0.792226 0.207839 0 
10.3511 5.99184 -1.63357 1 

0.346601 -0.00493158 -0.938 0 
-0.742083 0.610208 -0.277416 0 
0.573743 0.792226 0.207839 -0 
10.3511 5.99184 -1.63357 1 

1 0 6.61744e-024 0 
0 1 1.00553e-032 0 
0 1.00553e-032 1 0 
-7.94093e-023 -1.90735e-006 -5.96046e-008 1 

0.897061 0.0197197 -0.441466 0 
-0.264216 0.824706 -0.500049 0 
0.354219 0.565217 0.745022 0 
3.46636 2.02935 7.31812 1 

0.756103 -0.0143177 -0.654296 0 
0.348268 0.855249 0.383743 0 
0.554092 -0.51802 0.651642 0 
-0.627908 2.44893 1.62808 1 

0.756103 -0.0143178 -0.654296 0 
0.348268 0.855249 0.383743 0 
0.554092 -0.51802 0.651642 0 
-0.627907 2.44893 1.62808 1 

0.921309 -0.070148 0.382452 0 
0.0944943 0.994498 -0.0452249 0 
-0.377176 0.0778056 0.922868 0 
-1.21695 -0.0753212 1.25689 1 

0.810764 -0.156024 0.564197 0 
-0.363118 0.621925 0.693797 0 
-0.459138 -0.767376 0.447579 0 
1.83621 3.16747 -3.08291 1 

0.810764 -0.156024 0.564197 0 
-0.363118 0.621925 0.693797 0 
-0.459138 -0.767376 0.447579 0 
1.83621 3.16747 -3.08291 1 

1.25
1 0 0 0 
0 1 2.87215e-033 0 
0 2.87215e-033 1 0 
-5.29396e-023 -1.90735e-006 -8.9407e-008 1 

1 -6.61744e-024 -6.61744e-024 0 
-6.61744e-024 1 -3.72529e-009 0 
6.61744e-024 3.72529e-009 1 0 
0 -1.90735e-006 -1.19209e-007 1 

1 0 0 0 
1.86265e-009 1 1.37952e-008 0 
1.86265e-009 -1.59489e-008 1 0 
-5.31154e-008 -1.90735e-006 2.38419e-007 1 

1 1.86265e-009 1.86265e-009 0 
-1.86265e-009 1 1.3737e-008 0 
-5.58794e-009 1.3737e-008 1 0 
-1.49012e-007 1.90735e-006 7.7486e-007 1 

0.802829 -0.370107 0.467425 0 
-0.47422 -0.871575 0.124387 0 
0.36136 -0.321524 -0.875238 0 
10.0937 38.1359 -4.37993 1 

0.750694 -0.653971 -0.0937092 0 
-0.577031 -0.718119 0.389026 0 
-0.321706 -0.237966 -0.916448 0 
11.6892 37.5946 -4.94898 1 

0.750694 -0.653971 -0.0937092 0 
-0.577031 -0.718119 0.389026 0 
-0.321706 -0.237966 -0.916448 0 
11.6892 37.5946 -4.94898 1 

0.893671 0.411053 -0.179965 0 
-0.423249 0.905383 -0.033809 0 
0.14904 0.106384 0.983092 0 
8.06259 2.91895 0.203725 1 

0.346601 -0.00493155 -0.938 0 
-0.742083 0.610208 -0.277416 0 
0.573743 0.792226 0.207839 0 
10.3511 5.99184 -1.63357 1 

0.346601 -0.00493158 -0.938 0 
-0.742083 0.610208 -0.277416 0 
0.573743 0.792226 0.207839 -0 
10.3511 5.99184 -1.63357 1 

1 0 6.61744e-024 0 
0 1 1.00553e-032 0 
0 1.00553e-032 1 0 
-7.94093e-023 -1.90735e-006 -5.96046e-008 1 

0.897054 -0.000410929 -0.441922 0 
-0.260952 0.806548 -0.530456 0 
0.356649 0.591168 0.72341 0 
3.42317 2.28889 7.72109 1 

0.782171 -0.0421958 -0.621634 0 
0.284789 0.911596 0.296458 0 
0.55417 -0.408915 0.725041 0 
-0.254124 2.16281 2.31602 1 

0.782171 -0.0421958 -0.621634 0 
0.284789 0.911596 0.296458 0 
0.55417 -0.408915 0.725041 0 
-0.254125 2.16281 2.31602 1 

0.921406 -0.0651965 0.383093 0 
0.0637352 0.99783 0.0165209 0 
-0.383339 0.00919406 0.923562 0 
-0.815755 -0.0847244 0.457271 1 

0.822698 -0.15524 0.546871 0 
-0.361703 0.599203 0.714232 0 
-0.438564 -0.785402 0.436812 0 
2.01011 3.28267 -3.61784 1 

0.822698 -0.15524 0.546871 0 
-0.361703 0.599203 0.714232 0 
-0.438564 -0.785402 0.436812 0 
2.01011 3.28267 -3.61784 1 

1.29167
1 0 0 0 
0 1 2.87215e-033 0 
0 2.87215e-033 1 0 
-5.29396e-023 -1.90735e-006 -8.9407e-008 1 

1 -6.61744e-024 -6.61744e-024 0 
-6.61744e-024 1 -3.72529e-009 0 
6.61744e-024 3.72529e-009 1 0 
0 -1.90735e-006 -1.19209e-007 1 

1 0 0 0 
1.86265e-009 1 1.37952e-008 0 
1.86265e-009 -1.59489e-008 1 0 
-5.31154e-008 -1.90735e-006 2.38419e-007 1 

1 1.86265e-009 1.86265e-009 0 
-1.86265e-009 1 1.3737e-008 0 
-5.58794e-009 1.3737e-008 1 0 
-1.49012e-007 1.90735e-006 7.7486e-007 1 

0.802829 -0.370107 0.467425 0 
-0.47422 -0.871575 0.124387 0 
0.36136 -0.321524 -0.875238 0 
10.0937 38.1359 -4.37993 1 

0.750694 -0.653971 -0.0937092 0 
-0.577031 -0.718119 0.389026 0 
-0.321706 -0.237966 -0.916448 0 
11.6892 37.5946 -4.94898 1 

0.750694 -0.653971 -0.0937092 0 
-0.577031 -0.718119 0.389026 0 
-0.321706 -0.237966 -0.916448 0 
11.6892 37.5946 -4.94898 1 

0.893671 0.411053 -0.179965 0 
-0.423249 0.905383 -0.033809 0 
0.14904 0.106384 0.983092 0 
8.06259 2.91895 0.203725 1 

0.346601 -0.00493155 -0.938 0 
-0.742083 0.610208 -0.277416 0 
0.573743 0.792226 0.207839 0 
10.3511 5.99184 -1.63357 1 

0.346601 -0.00493158 -0.938 0 
-0.742083 0.610208 -0.277416 0 
0.573743 0.792226 0.207839 -0 
10.3511 5.99184 -1.63357 1 

1 0 6.61744e-024 0 
0 1 1.00553e-032 0 
0 1.00553e-032 1 0 
-7.94093e-023 -1.90735e-006 -5.96046e-008 1 

0.897061 0.0197197 -0.441466 0 
-0.264216 0.824706 -0.500049 0 
0.354219 0.565217 0.745022 0 
3.46636 2.02935 7.31812 1 

0.756103 -0.0143177 -0.654296 0 
0.348268 0.855249 0.383743 0 
0.554092 -0.51802 0.651642 0 
-0.627908 2.44893 1.62808 1 

0.756103 -0.0143178 -0.654296 0 
0.348268 0.855249 0.383743 0 
0.554092 -0.51802 0.651642 0 
-0.627907 2.44893 1.62808 1 

0.921309 -0.070148 0.382452 0 
0.0944943 0.994498 -0.0452249 0 
-0.377176 0.0778056 0.922868 0 
-1.21695 -0.0753212 1.25689 1 

0.810764 -0.156024 0.564197 0 
-0.363118 0.621925 0.693797 0 
-0.459138 -0.767376 0.447579 0 
1.83621 3.16747 -3.08291 1 

0.810764 -0.156024 0.564197 0 
-0.363118 0.621925 0.693797 0 
-0.459138 -0.767376 0.447579 0 
1.83621 3.16747 -3.08291 1 

1.33333
1 0 0 0 
0 1 2.87215e-033 0 
0 2.87215e-033 1 0 
-5.29396e-023 -1.90735e-006 -8.9407e-008 1 

1 -6.61744e-024 -6.61744e-024 0 
-6.61744e-024 1 -3.72529e-009 0 
6.61744e-024 3.72529e-009 1 0 
0 -1.90735e-006 -1.19209e-007 1 

1 0 0 0 
1.86265e-009 1 1.37952e-008 0 
1.86265e-009 -1.59489e-008 1 0 
-5.31154e-008 -1.90735e-006 2.38419e-007 1 

1 1.86265e-009 1.86265e-009 0 
-1.86265e-009 1 1.3737e-008 0 
-5.58794e-009 1.3737e-008 1 0 
-1.49012e-007 1.90735e-006 7.7486e-007 1 

0.802829 -0.370107 0.467425 0 
-0.47422 -0.871575 0.124387 0 
0.36136 -0.321524 -0.875238 0 
10.0937 38.1359 -4.37993 1 

0.750694 -0.653971 -0.0937092 0 
-0.577031 -0.718119 0.389026 0 
-0.321706 -0.237966 -0.916448 0 
11.6892 37.5946 -4.94898 1 

0.750694 -0.653971 -0.0937092 0 
-0.577031 -0.718119 0.389026 0 
-0.321706 -0.237966 -0.916448 0 
11.6892 37.5946 -4.94898 1 

0.893671 0.411053 -0.179965 0 
-0.423249 0.905383 -0.033809 0 
0.14904 0.106384 0.983092 0 
8.06259 2.91895 0.203725 1 

0.346601 -0.00493155 -0.938 0 
-0.742083 0.610208 -0.277416 0 
0.573743 0.792226 0.207839 0 
10.3511 5.99184 -1.63357 1 

0.346601 -0.00493158 -0.938 0 
-0.742083 0.610208 -0.277416 0 
0.573743 0.792226 0.207839 -0 
10.3511 5.99184 -1.63357 1 

1 0 6.61744e-024 0 
0 1 1.00553e-032 0 
0 1.00553e-032 1 0 
-7.94093e-023 -1.90735e-006 -5.96046e-008 1 

0.903754 0.050668 -0.425042 0 
-0.230155 0.89474 -0.382713 0 
0.360911 0.443704 0.820286 0 
3.0111 1.11466 5.74151 1 

0.721929 0.0655714 -0.688854 0 
0.46477 0.691573 0.552916 0 
0.512648 -0.719325 0.46879 0 
-1.55603 3.10695 -0.0811102 1 

0.721929 0.0655714 -0.688854 0 
0.46477 0.691573 0.552916 0 
0.512648 -0.719325 0.46879 0 
-1.55603 3.10695 -0.0811106 1 

0.919288 -0.0761269 0.386152 0 
0.156491 0.970927 -0.181139 0 
-0.361136 0.226948 0.904475 0 
-2.03 0.164796 3.03185 1 

0.789285 -0.13988 0.597882 0 
-0.353579 0.692531 0.628795 0 
-0.502007 -0.707697 0.497146 0 
1.40821 2.88044 -1.81036 1 

0.789285 -0.13988 0.597883 0 
-0.353579 0.692531 0.628795 0 
-0.502008 -0.707697 0.497145 0 
1.40821 2.88044 -1.81036 1 

1.375
1 0 0 0 
0 1 2.87215e-033 0 
0 2.87215e-033 1 0 
-5.29396e-023 -1.90735e-006 -8.9407e-008 1 

1 -6.61744e-024 -6.61744e-024 0 
-6.61744e-024 1 -3.72529e-009 0 
6.61744e-024 3.72529e-009 1 0 
0 -1.90735e-006 -1.19209e-007 1 

1 0 0 0 
1.86265e-009 1 1.37952e-008 0 
1.86265e-009 -1.59489e-008 1 0 
-5.31154e-008 -1.90735e-006 2.38419e-007 1 

1 1.86265e-009 1.86265e-009 0 
-1.86265e-009 1 1.3737e-008 0 
-5.58794e-009 1.3737e-008 1 0 
-1.49012e-007 1.90735e-006 7.7486e-007 1 

0.802829 -0.370107 0.467425 0 
-0.47422 -0.871575 0.124387 0 
0.36136 -0.321524 -0.875238 0 
10.0937 38.1359 -4.37993 1 

0.750694 -0.653971 -0.0937092 0 
-0.577031 -0.718119 0.389026 0 
-0.321706 -0.237966 -0.916448 0 
11.6892 37.5946 -4.94898 1 

0.750694 -0.653971 -0.0937092 0 
-0.577031 -0.718119 0.389026 0 
-0.321706 -0.237966 -0.916448 0 
11.6892 37.5946 -4.94898 1 

0.893671 0.411053 -0.179965 0 
-0.423249 0.905383 -0.033809 0 
0.14904 0.106384 0.983092 0 
8.06259 2.91895 0.203725 1 

0.346601 -0.00493155 -0.938 0 
-0.742083 0.610208 -0.277416 0 
0.573743 0.792226 0.207839 0 
10.3511 5.99184 -1.63357 1 

0.346601 -0.00493158 -0.938 0 
-0.742083 0.610208 -0.277416 0 
0.573743 0.792226 0.207839 -0 
10.3511 5.99184 -1.63357 1 

1 0 6.61744e-024 0 
0 1 1.00553e-032 0 
0 1.00553e-032 1 0 
-7.94093e-023 -1.90735e-006 -5.96046e-008 1 

0.913879 0.0278299 -0.405032 0 
-0.107447 0.978654 -0.17519 0 
0.39151 0.203622 0.897362 0 
1.39201 0.154364 2.98907 1 

0.741403 0.123789 -0.659544 0 
0.533877 0.486655 0.691479 0 
0.406568 -0.864779 0.294719 0 
-2.74873 3.9521 -2.24048 1 

0.741403 0.123789 -0.659544 0 
0.533877 0.486655 0.691479 0 
0.406568 -0.864779 0.294719 0 
-2.74873 3.9521 -2.24048 1 

0.915397 -0.0668669 0.396959 0 
0.20647 0.92451 -0.320393 0 
-0.345569 0.375247 0.8601 0 
-2.69021 0.72698 4.8717 1 

0.782583 -0.0922786 0.615669 0 
-0.31554 0.793714 0.520051 0 
-0.536655 -0.601251 0.59203 0 
0.874073 2.52857 -0.303594 1 

0.782583 -0.0922786 0.615669 0 
-0.31554 0.793714 0.520051 0 
-0.536655 -0.601251 0.59203 0 
0.874072 2.52857 -0.303594 1 

