1
BAKED_SKELETAL

19

CLIPNAME#idle
2

0.0416667
1 0 0 0 
0 1 0 0 
0 0 1 0 
0 0 0 1 

1 0 0 0 
0 1 0 0 
0 0 1 0 
0 0 0 1 

1 0 0 0 
0 1 0 0 
0 0 1 0 
0 0 0 1 

1 0 0 0 
0 1 0 0 
0 0 1 0 
0 0 0 1 

1 0 0 0 
0 1 0 0 
0 0 1 0 
0 0 0 1 

1 2.01944e-010 -7.24651e-019 0 
-2.01944e-010 1 -7.17675e-009 0 
-7.24651e-019 7.17675e-009 1 0 
0 0 1.49012e-007 1 

1 2.01944e-010 -7.24651e-019 0 
-2.01944e-010 1 -7.17675e-009 0 
-7.24651e-019 7.17675e-009 1 0 
0 0 1.78814e-007 1 

1 2.01944e-010 -7.24651e-019 0 
-2.01944e-010 1 -7.17675e-009 0 
-7.24651e-019 7.17675e-009 1 0 
0 0 1.19209e-007 1 

1 0 0 0 
0 1 0 0 
0 0 1 0 
0 0 0 1 

1 0 -1.66898e-015 0 
0 1 0 0 
1.66898e-015 0 1 0 
0 0 0 1 

1 0 -1.66898e-015 0 
0 1 0 0 
1.66898e-015 0 1 0 
0 0 0 1 

0.993457 0.004009 -0.114132 0 
-0.004009 0.999992 0.000229528 0 
0.114132 0.000229528 0.993466 0 
0.0502462 -0.00677776 0.192942 1 

0.993457 0.004009 -0.114132 0 
-0.004009 0.999992 0.000229528 0 
0.114132 0.000229528 0.993466 0 
0.0502462 -0.00677776 0.192942 1 

0.993457 0.004009 -0.114132 0 
-0.004009 0.999992 0.000229528 0 
0.114132 0.000229528 0.993466 0 
0.0502462 -0.00677776 0.192942 1 

0.993457 0.004009 -0.114132 0 
-0.004009 0.999992 0.000229528 0 
0.114132 0.000229528 0.993466 0 
0.0502461 -0.00677776 0.192942 1 

0.983592 -0.00633312 0.180297 0 
0.00633312 0.99998 0.000575644 0 
-0.180297 0.000575644 0.983612 0 
-0.0879766 -0.00994492 0.283119 1 

0.983592 -0.00633312 0.180297 0 
0.00633312 0.99998 0.000575644 0 
-0.180297 0.000575644 0.983612 0 
-0.0879766 -0.00994492 0.283119 1 

0.983592 -0.00633312 0.180297 0 
0.00633312 0.99998 0.000575644 0 
-0.180297 0.000575644 0.983612 0 
-0.0879766 -0.00994492 0.283119 1 

0.983592 -0.00633312 0.180297 0 
0.00633312 0.99998 0.000575644 0 
-0.180297 0.000575644 0.983612 0 
-0.0879767 -0.00994492 0.283119 1 

0.0833333
1 0 0 0 
0 1 0 0 
0 0 1 0 
0 0 0 1 

1 0 0 0 
0 1 0 0 
0 0 1 0 
0 0 0 1 

1 0 0 0 
0 1 0 0 
0 0 1 0 
0 0 0 1 

0.998837 -0.00450855 0.0479983 0 
0.00369463 0.999848 0.0170325 0 
-0.0480678 -0.0168353 0.998702 0 
-0.0966332 -0.00304222 -0.363352 1 

0.998837 -0.00450855 0.0479983 0 
0.00369463 0.999848 0.0170325 0 
-0.0480678 -0.0168353 0.998702 0 
-0.0966332 -0.00304222 -0.363352 1 

0.932242 -0.0743462 -0.354116 0 
0.0840472 0.996389 0.0120712 0 
0.35194 -0.0410158 0.935124 0 
-1.3135 0.246801 0.659905 1 

0.913682 -0.0818937 0.398093 0 
0.0840472 0.996389 0.0120712 0 
-0.397644 0.0224293 0.917266 0 
-1.81539 0.356651 -4.9129 1 

0.913682 -0.0818937 0.398093 0 
0.0840472 0.996389 0.0120712 0 
-0.397644 0.0224293 0.917266 0 
-1.81539 0.356651 -4.9129 1 

0.965204 0.00433741 0.26146 0 
-0.00706598 0.99993 0.00949669 0 
-0.261401 -0.0110137 0.965167 0 
-0.00929022 0.0104694 0.496766 1 

0.842557 0.0110682 -0.538493 0 
-0.00706598 0.99993 0.00949669 0 
0.53856 -0.00419652 0.842576 0 
-0.407119 0.064539 -5.49238 1 

0.842557 0.0110682 -0.538493 0 
-0.00706598 0.99993 0.00949669 0 
0.53856 -0.00419652 0.842576 0 
-0.407119 0.064539 -5.49238 1 

0.99468 0.027717 -0.0992099 0 
-0.0354346 0.996409 -0.0768939 0 
0.0967224 0.0800003 0.992091 0 
0.447876 -0.0101385 1.14416 1 

0.99468 0.027717 -0.0992099 0 
-0.0175852 0.994672 0.101579 0 
0.101497 -0.0992943 0.989868 0 
0.334168 0.0309196 0.0155981 1 

0.99468 0.027717 -0.0992099 0 
-0.0175852 0.994672 0.101579 0 
0.101497 -0.0992943 0.989868 0 
0.334168 0.0309198 0.0155982 1 

0.99468 0.027717 -0.0992099 0 
-0.0175852 0.994672 0.101579 0 
0.101497 -0.0992943 0.989868 0 
0.334168 0.0309198 0.0155983 1 

0.985219 -0.0235959 0.169667 0 
0.0370602 0.99637 -0.0766337 0 
-0.167243 0.0817888 0.982517 0 
-0.4758 -0.000214577 1.24389 1 

0.985219 -0.0235959 0.169667 0 
0.00625476 0.994762 0.102024 0 
-0.171185 -0.0994543 0.980206 0 
-0.280278 0.0403514 0.11418 1 

0.985219 -0.0235959 0.169667 0 
0.00625476 0.994762 0.102024 0 
-0.171185 -0.0994543 0.980206 0 
-0.280278 0.0403519 0.11418 1 

0.985219 -0.0235959 0.169667 0 
0.00625476 0.994762 0.102024 0 
-0.171185 -0.0994543 0.980206 0 
-0.280278 0.0403519 0.11418 1 

CLIPNAME#twitching
3

0.125
1 0 0 0 
0 1 0 0 
0 0 1 0 
0 0 0 1 

1 0 0 0 
0 1 0 0 
0 0 1 0 
0 0 0 1 

1 0 0 0 
0 1 0 0 
0 0 1 0 
0 0 0 1 

0.986361 -0.0152659 0.163886 0 
0.00587335 0.99832 0.0576439 0 
-0.164491 -0.0558951 0.984794 0 
-0.186455 0.0149555 -1.23374 1 

0.986361 -0.0152659 0.163886 0 
0.00587335 0.99832 0.0576439 0 
-0.164491 -0.0558951 0.984794 0 
-0.186455 0.0149555 -1.23374 1 

0.727005 -0.263484 -0.634066 0 
0.374749 0.92604 0.0448645 0 
0.57535 -0.270232 0.771976 0 
-6.30372 2.00724 0.691464 1 

0.642088 -0.294138 0.707959 0 
0.374749 0.92604 0.0448645 0 
-0.668795 0.2365 0.704827 0 
-6.73695 2.66571 -9.28114 1 

0.642088 -0.294138 0.707959 0 
0.374749 0.92604 0.0448645 0 
-0.668795 0.2365 0.704827 0 
-6.73695 2.66571 -9.28114 1 

0.991688 0.0176781 0.127448 0 
-0.0218934 0.999256 0.0317505 0 
-0.126792 -0.0342769 0.991337 0 
0.378407 0.0538654 -0.285306 1 

0.211655 0.0356709 -0.976693 0 
-0.0218934 0.999256 0.0317505 0 
0.977099 0.014663 0.212278 0 
-4.68396 0.21793 -8.9395 1 

0.211655 0.0356709 -0.976693 0 
-0.0218934 0.999256 0.0317505 0 
0.977099 0.014663 0.212278 0 
-4.68396 0.21793 -8.9395 1 

0.994178 0.0870756 -0.0634709 0 
-0.0962771 0.982354 -0.16035 0 
0.0483882 0.165528 0.985017 0 
1.22413 0.0575657 2.14056 1 

0.994178 0.0870756 -0.0634709 0 
-0.0718121 0.974584 0.212199 0 
0.0803351 -0.206406 0.975163 0 
1.06402 0.169086 -0.214358 1 

0.994178 0.0870756 -0.0634709 0 
-0.0718121 0.974584 0.212199 0 
0.0803351 -0.206406 0.975163 0 
1.06402 0.169085 -0.214358 1 

0.994178 0.0870756 -0.0634709 0 
-0.0718121 0.974584 0.212199 0 
0.0803351 -0.206406 0.975163 0 
1.06402 0.169085 -0.214358 1 

0.987299 -0.0669732 0.144065 0 
0.0906152 0.982226 -0.16438 0 
-0.130495 0.175347 0.97582 0 
-1.15439 0.0998306 2.31469 1 

0.987299 -0.0669732 0.144065 0 
0.0343042 0.975279 0.218298 0 
-0.155124 -0.210583 0.96519 0 
-0.794065 0.208497 -0.104159 1 

0.987299 -0.0669732 0.144065 0 
0.0343042 0.975279 0.218298 0 
-0.155124 -0.210583 0.96519 0 
-0.794065 0.208496 -0.104159 1 

0.987299 -0.0669732 0.144065 0 
0.0343042 0.975279 0.218298 0 
-0.155124 -0.210583 0.96519 0 
-0.794065 0.208496 -0.104159 1 

0.166667
1 0 0 0 
0 1 0 0 
0 0 1 0 
0 0 0 1 

1 0 0 0 
0 1 0 0 
0 0 1 0 
0 0 0 1 

1 0 0 0 
0 1 0 0 
0 0 1 0 
0 0 0 1 

0.952335 -0.0276417 0.303801 0 
-0.00438495 0.994543 0.104236 0 
-0.305024 -0.100599 0.947016 0 
-0.0203018 0.0787525 -2.24044 1 

0.952335 -0.0276417 0.303801 0 
-0.00438495 0.994543 0.104236 0 
-0.305024 -0.100599 0.947016 0 
-0.0203018 0.0787525 -2.24044 1 

0.427015 -0.541561 -0.724134 0 
0.829249 0.553852 0.0747885 0 
0.36056 -0.632423 0.685593 0 
-14.3708 9.76822 0.315387 1 

0.276382 -0.522709 0.806466 0 
0.829249 0.553852 0.0747885 0 
-0.485756 0.648092 0.586531 0 
-13.9793 10.7206 -11.0777 1 

0.276382 -0.522709 0.806466 0 
0.829249 0.553852 0.0747885 0 
-0.485756 0.648092 0.586531 0 
-13.9793 10.7206 -11.0777 1 

0.835608 0.0565067 -0.546412 0 
-0.0308607 0.997953 0.0560082 0 
0.548459 -0.0299382 0.835641 0 
0.284955 0.182598 -2.56859 1 

-0.42969 0.0373467 -0.902204 0 
-0.0308607 0.997953 0.0560082 0 
0.902449 0.0519089 -0.427658 0 
-8.83991 0.0930386 -6.00067 1 

-0.42969 0.0373467 -0.902204 0 
-0.0308607 0.997953 0.0560082 0 
0.902449 0.0519089 -0.427658 0 
-8.83991 0.0930386 -6.00067 1 

0.98641 0.162949 -0.0210312 0 
-0.163626 0.962694 -0.215516 0 
-0.0148717 0.216029 0.976274 0 
2.09673 0.171581 2.76743 1 

0.98641 0.162949 -0.0210312 0 
-0.150241 0.946387 0.285969 0 
0.0665022 -0.278923 0.958008 0 
1.99841 0.357732 -0.401662 1 

0.98641 0.162949 -0.0210312 0 
-0.150241 0.946387 0.285969 0 
0.0665022 -0.278923 0.958008 0 
1.99841 0.357732 -0.401662 1 

0.98641 0.162949 -0.0210312 0 
-0.150241 0.946387 0.285969 0 
0.0665022 -0.278923 0.958008 0 
1.99841 0.357732 -0.401662 1 

0.98592 -0.123107 0.113161 0 
0.146491 0.962217 -0.229518 0 
-0.0806304 0.242864 0.966704 0 
-1.86925 0.256379 3.09097 1 

0.98592 -0.123107 0.113161 0 
0.0833946 0.948576 0.305367 0 
-0.144935 -0.291631 0.945487 0 
-1.45935 0.432304 -0.2889 1 

0.98592 -0.123107 0.113161 0 
0.0833946 0.948576 0.305367 0 
-0.144935 -0.291631 0.945487 0 
-1.45935 0.432304 -0.2889 1 

0.98592 -0.123107 0.113161 0 
0.0833946 0.948576 0.305367 0 
-0.144935 -0.291631 0.945487 0 
-1.45935 0.432304 -0.2889 1 

0.208333
1 0 0 0 
0 1 0 0 
0 0 1 0 
0 0 0 1 

1 0 0 0 
0 1 0 0 
0 0 1 0 
0 0 0 1 

1 0 0 0 
0 1 0 0 
0 0 1 0 
0 0 0 1 

0.904402 -0.0373448 0.425044 0 
-0.0251888 0.989752 0.140557 0 
-0.425937 -0.137826 0.894193 0 
0.377833 0.166941 -3.03394 1 

0.904402 -0.0373448 0.425044 0 
-0.0251888 0.989752 0.140557 0 
-0.425937 -0.137826 0.894193 0 
0.377833 0.166941 -3.03394 1 

0.0833866 -0.767904 -0.635114 0 
0.996432 0.0558952 0.0632435 0 
-0.0130651 -0.638121 0.769825 0 
-16.8443 19.9536 0.338995 1 

-0.00544653 -0.705153 0.709034 0 
0.996432 0.0558952 0.0632435 0 
-0.084228 0.706849 0.702332 0 
-16.2487 20.6365 -9.64958 1 

-0.00544653 -0.705153 0.709034 0 
0.996432 0.0558952 0.0632435 0 
-0.084228 0.706849 0.702332 0 
-16.2487 20.6365 -9.64958 1 

0.132952 0.068255 -0.988769 0 
-0.00875708 0.997668 0.0676918 0 
0.991084 -0.000340968 0.13324 0 
-1.90539 0.22542 -4.11194 1 

-0.336007 0.0608225 -0.939894 0 
-0.00875708 0.997668 0.0676918 0 
0.941819 0.0309757 -0.334691 0 
-5.40206 0.190405 -4.0482 1 

-0.336007 0.0608225 -0.939894 0 
-0.00875708 0.997668 0.0676918 0 
0.941819 0.0309757 -0.334691 0 
-5.40206 0.190403 -4.0482 1 

0.972421 0.232757 0.0148547 0 
-0.222258 0.944095 -0.243487 0 
-0.0706977 0.233471 0.96979 0 
2.86881 0.285923 3.06092 1 

0.972421 0.232757 0.0148547 0 
-0.224927 0.919052 0.323653 0 
0.0616803 -0.318069 0.946059 0 
2.86349 0.536829 -0.522559 1 

0.972421 0.232757 0.0148547 0 
-0.224927 0.919052 0.323653 0 
0.0616803 -0.318069 0.946059 0 
2.86349 0.536829 -0.522559 1 

0.972421 0.232757 0.0148547 0 
-0.224927 0.919052 0.323653 0 
0.0616803 -0.318069 0.946059 0 
2.86349 0.536829 -0.522559 1 

0.980622 -0.175888 0.086275 0 
0.192969 0.943202 -0.270432 0 
-0.0338091 0.28184 0.958866 0 
-2.47108 0.408644 3.56679 1 

0.980622 -0.175888 0.086275 0 
0.133865 0.923128 0.360436 0 
-0.143039 -0.341902 0.928786 0 
-2.0789 0.640224 -0.418728 1 

0.980622 -0.175888 0.086275 0 
0.133865 0.923128 0.360436 0 
-0.143039 -0.341902 0.928786 0 
-2.0789 0.640223 -0.418728 1 

0.980622 -0.175888 0.086275 0 
0.133865 0.923128 0.360436 0 
-0.143039 -0.341902 0.928786 0 
-2.0789 0.640223 -0.418728 1 

CLIPNAME#turning
3

0.25
1 0 0 0 
0 1 0 0 
0 0 1 0 
0 0 0 1 

1 0 0 0 
0 1 0 0 
0 0 1 0 
0 0 0 1 

1 0 0 0 
0 1 0 0 
0 0 1 0 
0 0 0 1 

0.904402 -0.0373448 0.425044 0 
-0.0251888 0.989752 0.140557 0 
-0.425937 -0.137826 0.894193 0 
0.377833 0.166941 -3.03394 1 

0.904402 -0.0373448 0.425044 0 
-0.0251888 0.989752 0.140557 0 
-0.425937 -0.137826 0.894193 0 
0.377833 0.166941 -3.03394 1 

0.0833866 -0.767904 -0.635114 0 
0.996432 0.0558952 0.0632435 0 
-0.0130651 -0.638121 0.769825 0 
-16.8443 19.9536 0.338995 1 

-0.00544653 -0.705153 0.709034 0 
0.996432 0.0558952 0.0632435 0 
-0.084228 0.706849 0.702332 0 
-16.2487 20.6365 -9.64958 1 

-0.00544653 -0.705153 0.709034 0 
0.996432 0.0558952 0.0632435 0 
-0.084228 0.706849 0.702332 0 
-16.2487 20.6365 -9.64958 1 

0.132952 0.068255 -0.988769 0 
-0.00875708 0.997668 0.0676918 0 
0.991084 -0.000340968 0.13324 0 
-1.90539 0.22542 -4.11194 1 

-0.336007 0.0608225 -0.939894 0 
-0.00875708 0.997668 0.0676918 0 
0.941819 0.0309757 -0.334691 0 
-5.40206 0.190405 -4.0482 1 

-0.336007 0.0608225 -0.939894 0 
-0.00875708 0.997668 0.0676918 0 
0.941819 0.0309757 -0.334691 0 
-5.40206 0.190403 -4.0482 1 

0.972421 0.232757 0.0148547 0 
-0.222258 0.944095 -0.243487 0 
-0.0706977 0.233471 0.96979 0 
2.86881 0.285923 3.06092 1 

0.972421 0.232757 0.0148547 0 
-0.224927 0.919052 0.323653 0 
0.0616803 -0.318069 0.946059 0 
2.86349 0.536829 -0.522559 1 

0.972421 0.232757 0.0148547 0 
-0.224927 0.919052 0.323653 0 
0.0616803 -0.318069 0.946059 0 
2.86349 0.536829 -0.522559 1 

0.972421 0.232757 0.0148547 0 
-0.224927 0.919052 0.323653 0 
0.0616803 -0.318069 0.946059 0 
2.86349 0.536829 -0.522559 1 

0.980622 -0.175888 0.086275 0 
0.192969 0.943202 -0.270432 0 
-0.0338091 0.28184 0.958866 0 
-2.47108 0.408644 3.56679 1 

0.980622 -0.175888 0.086275 0 
0.133865 0.923128 0.360436 0 
-0.143039 -0.341902 0.928786 0 
-2.0789 0.640224 -0.418728 1 

0.980622 -0.175888 0.086275 0 
0.133865 0.923128 0.360436 0 
-0.143039 -0.341902 0.928786 0 
-2.0789 0.640223 -0.418728 1 

0.980622 -0.175888 0.086275 0 
0.133865 0.923128 0.360436 0 
-0.143039 -0.341902 0.928786 0 
-2.0789 0.640223 -0.418728 1 

0.291667
1 0 0 0 
0 1 0 0 
0 0 1 0 
0 0 0 1 

1 0 0 0 
0 1 0 0 
0 0 1 0 
0 0 0 1 

1 0 0 0 
0 1 0 0 
0 0 1 0 
0 0 0 1 

0.904402 -0.0373448 0.425044 0 
-0.0251888 0.989752 0.140557 0 
-0.425937 -0.137826 0.894193 0 
0.377833 0.166941 -3.03394 1 

0.904402 -0.0373448 0.425044 0 
-0.0251888 0.989752 0.140557 0 
-0.425937 -0.137826 0.894193 0 
0.377833 0.166941 -3.03394 1 

0.0833866 -0.767904 -0.635114 0 
0.996432 0.0558952 0.0632435 0 
-0.0130651 -0.638121 0.769825 0 
-16.8443 19.9536 0.338995 1 

-0.00544653 -0.705153 0.709034 0 
0.996432 0.0558952 0.0632435 0 
-0.084228 0.706849 0.702332 0 
-16.2487 20.6365 -9.64958 1 

-0.00544653 -0.705153 0.709034 0 
0.996432 0.0558952 0.0632435 0 
-0.084228 0.706849 0.702332 0 
-16.2487 20.6365 -9.64958 1 

0.132952 0.068255 -0.988769 0 
-0.00875708 0.997668 0.0676918 0 
0.991084 -0.000340968 0.13324 0 
-1.90539 0.22542 -4.11194 1 

-0.336007 0.0608225 -0.939894 0 
-0.00875708 0.997668 0.0676918 0 
0.941819 0.0309757 -0.334691 0 
-5.40206 0.190405 -4.0482 1 

-0.336007 0.0608225 -0.939894 0 
-0.00875708 0.997668 0.0676918 0 
0.941819 0.0309757 -0.334691 0 
-5.40206 0.190403 -4.0482 1 

0.972421 0.232757 0.0148547 0 
-0.222258 0.944095 -0.243487 0 
-0.0706977 0.233471 0.96979 0 
2.86881 0.285923 3.06092 1 

0.972421 0.232757 0.0148547 0 
-0.224927 0.919052 0.323653 0 
0.0616803 -0.318069 0.946059 0 
2.86349 0.536829 -0.522559 1 

0.972421 0.232757 0.0148547 0 
-0.224927 0.919052 0.323653 0 
0.0616803 -0.318069 0.946059 0 
2.86349 0.536829 -0.522559 1 

0.972421 0.232757 0.0148547 0 
-0.224927 0.919052 0.323653 0 
0.0616803 -0.318069 0.946059 0 
2.86349 0.536829 -0.522559 1 

0.980622 -0.175888 0.086275 0 
0.192969 0.943202 -0.270432 0 
-0.0338091 0.28184 0.958866 0 
-2.47108 0.408644 3.56679 1 

0.980622 -0.175888 0.086275 0 
0.133865 0.923128 0.360436 0 
-0.143039 -0.341902 0.928786 0 
-2.0789 0.640224 -0.418728 1 

0.980622 -0.175888 0.086275 0 
0.133865 0.923128 0.360436 0 
-0.143039 -0.341902 0.928786 0 
-2.0789 0.640223 -0.418728 1 

0.980622 -0.175888 0.086275 0 
0.133865 0.923128 0.360436 0 
-0.143039 -0.341902 0.928786 0 
-2.0789 0.640223 -0.418728 1 

0.333333
1 0 0 0 
0 1 0 0 
0 0 1 0 
0 0 0 1 

1 0 0 0 
0 1 0 0 
0 0 1 0 
0 0 0 1 

1 0 0 0 
0 1 0 0 
0 0 1 0 
0 0 0 1 

0.904402 -0.0373448 0.425044 0 
-0.0251888 0.989752 0.140557 0 
-0.425937 -0.137826 0.894193 0 
0.377833 0.166941 -3.03394 1 

0.904402 -0.0373448 0.425044 0 
-0.0251888 0.989752 0.140557 0 
-0.425937 -0.137826 0.894193 0 
0.377833 0.166941 -3.03394 1 

0.0833866 -0.767904 -0.635114 0 
0.996432 0.0558952 0.0632435 0 
-0.0130651 -0.638121 0.769825 0 
-16.8443 19.9536 0.338995 1 

-0.00544653 -0.705153 0.709034 0 
0.996432 0.0558952 0.0632435 0 
-0.084228 0.706849 0.702332 0 
-16.2487 20.6365 -9.64958 1 

-0.00544653 -0.705153 0.709034 0 
0.996432 0.0558952 0.0632435 0 
-0.084228 0.706849 0.702332 0 
-16.2487 20.6365 -9.64958 1 

0.132952 0.068255 -0.988769 0 
-0.00875708 0.997668 0.0676918 0 
0.991084 -0.000340968 0.13324 0 
-1.90539 0.22542 -4.11194 1 

-0.336007 0.0608225 -0.939894 0 
-0.00875708 0.997668 0.0676918 0 
0.941819 0.0309757 -0.334691 0 
-5.40206 0.190405 -4.0482 1 

-0.336007 0.0608225 -0.939894 0 
-0.00875708 0.997668 0.0676918 0 
0.941819 0.0309757 -0.334691 0 
-5.40206 0.190403 -4.0482 1 

0.972421 0.232757 0.0148547 0 
-0.222258 0.944095 -0.243487 0 
-0.0706977 0.233471 0.96979 0 
2.86881 0.285923 3.06092 1 

0.972421 0.232757 0.0148547 0 
-0.224927 0.919052 0.323653 0 
0.0616803 -0.318069 0.946059 0 
2.86349 0.536829 -0.522559 1 

0.972421 0.232757 0.0148547 0 
-0.224927 0.919052 0.323653 0 
0.0616803 -0.318069 0.946059 0 
2.86349 0.536829 -0.522559 1 

0.972421 0.232757 0.0148547 0 
-0.224927 0.919052 0.323653 0 
0.0616803 -0.318069 0.946059 0 
2.86349 0.536829 -0.522559 1 

0.980622 -0.175888 0.086275 0 
0.192969 0.943202 -0.270432 0 
-0.0338091 0.28184 0.958866 0 
-2.47108 0.408644 3.56679 1 

0.980622 -0.175888 0.086275 0 
0.133865 0.923128 0.360436 0 
-0.143039 -0.341902 0.928786 0 
-2.0789 0.640224 -0.418728 1 

0.980622 -0.175888 0.086275 0 
0.133865 0.923128 0.360436 0 
-0.143039 -0.341902 0.928786 0 
-2.0789 0.640223 -0.418728 1 

0.980622 -0.175888 0.086275 0 
0.133865 0.923128 0.360436 0 
-0.143039 -0.341902 0.928786 0 
-2.0789 0.640223 -0.418728 1 

CLIPNAME#nodding
11

1.04167
1 0 0 0 
0 1 0 0 
0 0 1 0 
0 0 0 1 

1 0 0 0 
0 1 0 0 
0 0 1 0 
0 0 0 1 

1 0 0 0 
0 1 0 0 
0 0 1 0 
0 0 0 1 

0.904402 -0.0373448 0.425044 0 
-0.0251888 0.989752 0.140557 0 
-0.425937 -0.137826 0.894193 0 
0.377833 0.166941 -3.03394 1 

0.904402 -0.0373448 0.425044 0 
-0.0251888 0.989752 0.140557 0 
-0.425937 -0.137826 0.894193 0 
0.377833 0.166941 -3.03394 1 

0.0833866 -0.767904 -0.635114 0 
0.996432 0.0558952 0.0632435 0 
-0.0130651 -0.638121 0.769825 0 
-16.8443 19.9536 0.338995 1 

-0.00544653 -0.705153 0.709034 0 
0.996432 0.0558952 0.0632435 0 
-0.084228 0.706849 0.702332 0 
-16.2487 20.6365 -9.64958 1 

-0.00544653 -0.705153 0.709034 0 
0.996432 0.0558952 0.0632435 0 
-0.084228 0.706849 0.702332 0 
-16.2487 20.6365 -9.64958 1 

0.132952 0.068255 -0.988769 0 
-0.00875708 0.997668 0.0676918 0 
0.991084 -0.000340968 0.13324 0 
-1.90539 0.22542 -4.11194 1 

-0.336007 0.0608225 -0.939894 0 
-0.00875708 0.997668 0.0676918 0 
0.941819 0.0309757 -0.334691 0 
-5.40206 0.190405 -4.0482 1 

-0.336007 0.0608225 -0.939894 0 
-0.00875708 0.997668 0.0676918 0 
0.941819 0.0309757 -0.334691 0 
-5.40206 0.190403 -4.0482 1 

0.972421 0.232757 0.0148547 0 
-0.222258 0.944095 -0.243487 0 
-0.0706977 0.233471 0.96979 0 
2.86881 0.285923 3.06092 1 

0.972421 0.232757 0.0148547 0 
-0.224927 0.919052 0.323653 0 
0.0616803 -0.318069 0.946059 0 
2.86349 0.536829 -0.522559 1 

0.972421 0.232757 0.0148547 0 
-0.224927 0.919052 0.323653 0 
0.0616803 -0.318069 0.946059 0 
2.86349 0.536829 -0.522559 1 

0.972421 0.232757 0.0148547 0 
-0.224927 0.919052 0.323653 0 
0.0616803 -0.318069 0.946059 0 
2.86349 0.536829 -0.522559 1 

0.980622 -0.175888 0.086275 0 
0.192969 0.943202 -0.270432 0 
-0.0338091 0.28184 0.958866 0 
-2.47108 0.408644 3.56679 1 

0.980622 -0.175888 0.086275 0 
0.133865 0.923128 0.360436 0 
-0.143039 -0.341902 0.928786 0 
-2.0789 0.640224 -0.418728 1 

0.980622 -0.175888 0.086275 0 
0.133865 0.923128 0.360436 0 
-0.143039 -0.341902 0.928786 0 
-2.0789 0.640223 -0.418728 1 

0.980622 -0.175888 0.086275 0 
0.133865 0.923128 0.360436 0 
-0.143039 -0.341902 0.928786 0 
-2.0789 0.640223 -0.418728 1 

1.08333
1 0 0 0 
0 1 0 0 
0 0 1 0 
0 0 0 1 

1 0 0 0 
0 1 0 0 
0 0 1 0 
0 0 0 1 

1 0 0 0 
0 1 0 0 
0 0 1 0 
0 0 0 1 

0.904402 -0.0373448 0.425044 0 
-0.0251888 0.989752 0.140557 0 
-0.425937 -0.137826 0.894193 0 
0.377833 0.166941 -3.03394 1 

0.904402 -0.0373448 0.425044 0 
-0.0251888 0.989752 0.140557 0 
-0.425937 -0.137826 0.894193 0 
0.377833 0.166941 -3.03394 1 

0.0833866 -0.767904 -0.635114 0 
0.996432 0.0558952 0.0632435 0 
-0.0130651 -0.638121 0.769825 0 
-16.8443 19.9536 0.338995 1 

-0.00544653 -0.705153 0.709034 0 
0.996432 0.0558952 0.0632435 0 
-0.084228 0.706849 0.702332 0 
-16.2487 20.6365 -9.64958 1 

-0.00544653 -0.705153 0.709034 0 
0.996432 0.0558952 0.0632435 0 
-0.084228 0.706849 0.702332 0 
-16.2487 20.6365 -9.64958 1 

0.132952 0.068255 -0.988769 0 
-0.00875708 0.997668 0.0676918 0 
0.991084 -0.000340968 0.13324 0 
-1.90539 0.22542 -4.11194 1 

-0.336007 0.0608225 -0.939894 0 
-0.00875708 0.997668 0.0676918 0 
0.941819 0.0309757 -0.334691 0 
-5.40206 0.190405 -4.0482 1 

-0.336007 0.0608225 -0.939894 0 
-0.00875708 0.997668 0.0676918 0 
0.941819 0.0309757 -0.334691 0 
-5.40206 0.190403 -4.0482 1 

0.972421 0.232757 0.0148547 0 
-0.222258 0.944095 -0.243487 0 
-0.0706977 0.233471 0.96979 0 
2.86881 0.285923 3.06092 1 

0.972421 0.232757 0.0148547 0 
-0.224927 0.919052 0.323653 0 
0.0616803 -0.318069 0.946059 0 
2.86349 0.536829 -0.522559 1 

0.972421 0.232757 0.0148547 0 
-0.224927 0.919052 0.323653 0 
0.0616803 -0.318069 0.946059 0 
2.86349 0.536829 -0.522559 1 

0.972421 0.232757 0.0148547 0 
-0.224927 0.919052 0.323653 0 
0.0616803 -0.318069 0.946059 0 
2.86349 0.536829 -0.522559 1 

0.980622 -0.175888 0.086275 0 
0.192969 0.943202 -0.270432 0 
-0.0338091 0.28184 0.958866 0 
-2.47108 0.408644 3.56679 1 

0.980622 -0.175888 0.086275 0 
0.133865 0.923128 0.360436 0 
-0.143039 -0.341902 0.928786 0 
-2.0789 0.640224 -0.418728 1 

0.980622 -0.175888 0.086275 0 
0.133865 0.923128 0.360436 0 
-0.143039 -0.341902 0.928786 0 
-2.0789 0.640223 -0.418728 1 

0.980622 -0.175888 0.086275 0 
0.133865 0.923128 0.360436 0 
-0.143039 -0.341902 0.928786 0 
-2.0789 0.640223 -0.418728 1 

1.125
1 0 0 0 
0 1 0 0 
0 0 1 0 
0 0 0 1 

1 0 0 0 
0 1 0 0 
0 0 1 0 
0 0 0 1 

1 0 0 0 
0 1 0 0 
0 0 1 0 
0 0 0 1 

0.904402 -0.0373448 0.425044 0 
-0.0251888 0.989752 0.140557 0 
-0.425937 -0.137826 0.894193 0 
0.377833 0.166941 -3.03394 1 

0.904402 -0.0373448 0.425044 0 
-0.0251888 0.989752 0.140557 0 
-0.425937 -0.137826 0.894193 0 
0.377833 0.166941 -3.03394 1 

0.0833866 -0.767904 -0.635114 0 
0.996432 0.0558952 0.0632435 0 
-0.0130651 -0.638121 0.769825 0 
-16.8443 19.9536 0.338995 1 

-0.00544653 -0.705153 0.709034 0 
0.996432 0.0558952 0.0632435 0 
-0.084228 0.706849 0.702332 0 
-16.2487 20.6365 -9.64958 1 

-0.00544653 -0.705153 0.709034 0 
0.996432 0.0558952 0.0632435 0 
-0.084228 0.706849 0.702332 0 
-16.2487 20.6365 -9.64958 1 

0.132952 0.068255 -0.988769 0 
-0.00875708 0.997668 0.0676918 0 
0.991084 -0.000340968 0.13324 0 
-1.90539 0.22542 -4.11194 1 

-0.336007 0.0608225 -0.939894 0 
-0.00875708 0.997668 0.0676918 0 
0.941819 0.0309757 -0.334691 0 
-5.40206 0.190405 -4.0482 1 

-0.336007 0.0608225 -0.939894 0 
-0.00875708 0.997668 0.0676918 0 
0.941819 0.0309757 -0.334691 0 
-5.40206 0.190403 -4.0482 1 

0.972421 0.232757 0.0148547 0 
-0.222258 0.944095 -0.243487 0 
-0.0706977 0.233471 0.96979 0 
2.86881 0.285923 3.06092 1 

0.972421 0.232757 0.0148547 0 
-0.224927 0.919052 0.323653 0 
0.0616803 -0.318069 0.946059 0 
2.86349 0.536829 -0.522559 1 

0.972421 0.232757 0.0148547 0 
-0.224927 0.919052 0.323653 0 
0.0616803 -0.318069 0.946059 0 
2.86349 0.536829 -0.522559 1 

0.972421 0.232757 0.0148547 0 
-0.224927 0.919052 0.323653 0 
0.0616803 -0.318069 0.946059 0 
2.86349 0.536829 -0.522559 1 

0.980622 -0.175888 0.086275 0 
0.192969 0.943202 -0.270432 0 
-0.0338091 0.28184 0.958866 0 
-2.47108 0.408644 3.56679 1 

0.980622 -0.175888 0.086275 0 
0.133865 0.923128 0.360436 0 
-0.143039 -0.341902 0.928786 0 
-2.0789 0.640224 -0.418728 1 

0.980622 -0.175888 0.086275 0 
0.133865 0.923128 0.360436 0 
-0.143039 -0.341902 0.928786 0 
-2.0789 0.640223 -0.418728 1 

0.980622 -0.175888 0.086275 0 
0.133865 0.923128 0.360436 0 
-0.143039 -0.341902 0.928786 0 
-2.0789 0.640223 -0.418728 1 

1.16667
1 0 0 0 
0 1 0 0 
0 0 1 0 
0 0 0 1 

1 0 0 0 
0 1 0 0 
0 0 1 0 
0 0 0 1 

1 0 0 0 
0 1 0 0 
0 0 1 0 
0 0 0 1 

0.904402 -0.0373448 0.425044 0 
-0.0251888 0.989752 0.140557 0 
-0.425937 -0.137826 0.894193 0 
0.377833 0.166941 -3.03394 1 

0.904402 -0.0373448 0.425044 0 
-0.0251888 0.989752 0.140557 0 
-0.425937 -0.137826 0.894193 0 
0.377833 0.166941 -3.03394 1 

0.0833866 -0.767904 -0.635114 0 
0.996432 0.0558952 0.0632435 0 
-0.0130651 -0.638121 0.769825 0 
-16.8443 19.9536 0.338995 1 

-0.00544653 -0.705153 0.709034 0 
0.996432 0.0558952 0.0632435 0 
-0.084228 0.706849 0.702332 0 
-16.2487 20.6365 -9.64958 1 

-0.00544653 -0.705153 0.709034 0 
0.996432 0.0558952 0.0632435 0 
-0.084228 0.706849 0.702332 0 
-16.2487 20.6365 -9.64958 1 

0.132952 0.068255 -0.988769 0 
-0.00875708 0.997668 0.0676918 0 
0.991084 -0.000340968 0.13324 0 
-1.90539 0.22542 -4.11194 1 

-0.336007 0.0608225 -0.939894 0 
-0.00875708 0.997668 0.0676918 0 
0.941819 0.0309757 -0.334691 0 
-5.40206 0.190405 -4.0482 1 

-0.336007 0.0608225 -0.939894 0 
-0.00875708 0.997668 0.0676918 0 
0.941819 0.0309757 -0.334691 0 
-5.40206 0.190403 -4.0482 1 

0.972421 0.232757 0.0148547 0 
-0.222258 0.944095 -0.243487 0 
-0.0706977 0.233471 0.96979 0 
2.86881 0.285923 3.06092 1 

0.972421 0.232757 0.0148547 0 
-0.224927 0.919052 0.323653 0 
0.0616803 -0.318069 0.946059 0 
2.86349 0.536829 -0.522559 1 

0.972421 0.232757 0.0148547 0 
-0.224927 0.919052 0.323653 0 
0.0616803 -0.318069 0.946059 0 
2.86349 0.536829 -0.522559 1 

0.972421 0.232757 0.0148547 0 
-0.224927 0.919052 0.323653 0 
0.0616803 -0.318069 0.946059 0 
2.86349 0.536829 -0.522559 1 

0.980622 -0.175888 0.086275 0 
0.192969 0.943202 -0.270432 0 
-0.0338091 0.28184 0.958866 0 
-2.47108 0.408644 3.56679 1 

0.980622 -0.175888 0.086275 0 
0.133865 0.923128 0.360436 0 
-0.143039 -0.341902 0.928786 0 
-2.0789 0.640224 -0.418728 1 

0.980622 -0.175888 0.086275 0 
0.133865 0.923128 0.360436 0 
-0.143039 -0.341902 0.928786 0 
-2.0789 0.640223 -0.418728 1 

0.980622 -0.175888 0.086275 0 
0.133865 0.923128 0.360436 0 
-0.143039 -0.341902 0.928786 0 
-2.0789 0.640223 -0.418728 1 

1.20833
1 0 0 0 
0 1 0 0 
0 0 1 0 
0 0 0 1 

1 0 0 0 
0 1 0 0 
0 0 1 0 
0 0 0 1 

1 0 0 0 
0 1 0 0 
0 0 1 0 
0 0 0 1 

0.904402 -0.0373448 0.425044 0 
-0.0251888 0.989752 0.140557 0 
-0.425937 -0.137826 0.894193 0 
0.377833 0.166941 -3.03394 1 

0.904402 -0.0373448 0.425044 0 
-0.0251888 0.989752 0.140557 0 
-0.425937 -0.137826 0.894193 0 
0.377833 0.166941 -3.03394 1 

0.0833866 -0.767904 -0.635114 0 
0.996432 0.0558952 0.0632435 0 
-0.0130651 -0.638121 0.769825 0 
-16.8443 19.9536 0.338995 1 

-0.00544653 -0.705153 0.709034 0 
0.996432 0.0558952 0.0632435 0 
-0.084228 0.706849 0.702332 0 
-16.2487 20.6365 -9.64958 1 

-0.00544653 -0.705153 0.709034 0 
0.996432 0.0558952 0.0632435 0 
-0.084228 0.706849 0.702332 0 
-16.2487 20.6365 -9.64958 1 

0.132952 0.068255 -0.988769 0 
-0.00875708 0.997668 0.0676918 0 
0.991084 -0.000340968 0.13324 0 
-1.90539 0.22542 -4.11194 1 

-0.336007 0.0608225 -0.939894 0 
-0.00875708 0.997668 0.0676918 0 
0.941819 0.0309757 -0.334691 0 
-5.40206 0.190405 -4.0482 1 

-0.336007 0.0608225 -0.939894 0 
-0.00875708 0.997668 0.0676918 0 
0.941819 0.0309757 -0.334691 0 
-5.40206 0.190403 -4.0482 1 

0.972421 0.232757 0.0148547 0 
-0.222258 0.944095 -0.243487 0 
-0.0706977 0.233471 0.96979 0 
2.86881 0.285923 3.06092 1 

0.972421 0.232757 0.0148547 0 
-0.224927 0.919052 0.323653 0 
0.0616803 -0.318069 0.946059 0 
2.86349 0.536829 -0.522559 1 

0.972421 0.232757 0.0148547 0 
-0.224927 0.919052 0.323653 0 
0.0616803 -0.318069 0.946059 0 
2.86349 0.536829 -0.522559 1 

0.972421 0.232757 0.0148547 0 
-0.224927 0.919052 0.323653 0 
0.0616803 -0.318069 0.946059 0 
2.86349 0.536829 -0.522559 1 

0.980622 -0.175888 0.086275 0 
0.192969 0.943202 -0.270432 0 
-0.0338091 0.28184 0.958866 0 
-2.47108 0.408644 3.56679 1 

0.980622 -0.175888 0.086275 0 
0.133865 0.923128 0.360436 0 
-0.143039 -0.341902 0.928786 0 
-2.0789 0.640224 -0.418728 1 

0.980622 -0.175888 0.086275 0 
0.133865 0.923128 0.360436 0 
-0.143039 -0.341902 0.928786 0 
-2.0789 0.640223 -0.418728 1 

0.980622 -0.175888 0.086275 0 
0.133865 0.923128 0.360436 0 
-0.143039 -0.341902 0.928786 0 
-2.0789 0.640223 -0.418728 1 

1.25
1 0 0 0 
0 1 0 0 
0 0 1 0 
0 0 0 1 

1 0 0 0 
0 1 0 0 
0 0 1 0 
0 0 0 1 

1 0 0 0 
0 1 0 0 
0 0 1 0 
0 0 0 1 

0.904402 -0.0373448 0.425044 0 
-0.0251888 0.989752 0.140557 0 
-0.425937 -0.137826 0.894193 0 
0.377833 0.166941 -3.03394 1 

0.904402 -0.0373448 0.425044 0 
-0.0251888 0.989752 0.140557 0 
-0.425937 -0.137826 0.894193 0 
0.377833 0.166941 -3.03394 1 

0.0833866 -0.767904 -0.635114 0 
0.996432 0.0558952 0.0632435 0 
-0.0130651 -0.638121 0.769825 0 
-16.8443 19.9536 0.338995 1 

-0.00544653 -0.705153 0.709034 0 
0.996432 0.0558952 0.0632435 0 
-0.084228 0.706849 0.702332 0 
-16.2487 20.6365 -9.64958 1 

-0.00544653 -0.705153 0.709034 0 
0.996432 0.0558952 0.0632435 0 
-0.084228 0.706849 0.702332 0 
-16.2487 20.6365 -9.64958 1 

0.132952 0.068255 -0.988769 0 
-0.00875708 0.997668 0.0676918 0 
0.991084 -0.000340968 0.13324 0 
-1.90539 0.22542 -4.11194 1 

-0.336007 0.0608225 -0.939894 0 
-0.00875708 0.997668 0.0676918 0 
0.941819 0.0309757 -0.334691 0 
-5.40206 0.190405 -4.0482 1 

-0.336007 0.0608225 -0.939894 0 
-0.00875708 0.997668 0.0676918 0 
0.941819 0.0309757 -0.334691 0 
-5.40206 0.190403 -4.0482 1 

0.972421 0.232757 0.0148547 0 
-0.222258 0.944095 -0.243487 0 
-0.0706977 0.233471 0.96979 0 
2.86881 0.285923 3.06092 1 

0.972421 0.232757 0.0148547 0 
-0.224927 0.919052 0.323653 0 
0.0616803 -0.318069 0.946059 0 
2.86349 0.536829 -0.522559 1 

0.972421 0.232757 0.0148547 0 
-0.224927 0.919052 0.323653 0 
0.0616803 -0.318069 0.946059 0 
2.86349 0.536829 -0.522559 1 

0.972421 0.232757 0.0148547 0 
-0.224927 0.919052 0.323653 0 
0.0616803 -0.318069 0.946059 0 
2.86349 0.536829 -0.522559 1 

0.980622 -0.175888 0.086275 0 
0.192969 0.943202 -0.270432 0 
-0.0338091 0.28184 0.958866 0 
-2.47108 0.408644 3.56679 1 

0.980622 -0.175888 0.086275 0 
0.133865 0.923128 0.360436 0 
-0.143039 -0.341902 0.928786 0 
-2.0789 0.640224 -0.418728 1 

0.980622 -0.175888 0.086275 0 
0.133865 0.923128 0.360436 0 
-0.143039 -0.341902 0.928786 0 
-2.0789 0.640223 -0.418728 1 

0.980622 -0.175888 0.086275 0 
0.133865 0.923128 0.360436 0 
-0.143039 -0.341902 0.928786 0 
-2.0789 0.640223 -0.418728 1 

1.29167
1 0 0 0 
0 1 0 0 
0 0 1 0 
0 0 0 1 

1 0 0 0 
0 1 0 0 
0 0 1 0 
0 0 0 1 

1 0 0 0 
0 1 0 0 
0 0 1 0 
0 0 0 1 

0.904402 -0.0373448 0.425044 0 
-0.0251888 0.989752 0.140557 0 
-0.425937 -0.137826 0.894193 0 
0.377833 0.166941 -3.03394 1 

0.904402 -0.0373448 0.425044 0 
-0.0251888 0.989752 0.140557 0 
-0.425937 -0.137826 0.894193 0 
0.377833 0.166941 -3.03394 1 

0.0833866 -0.767904 -0.635114 0 
0.996432 0.0558952 0.0632435 0 
-0.0130651 -0.638121 0.769825 0 
-16.8443 19.9536 0.338995 1 

-0.00544653 -0.705153 0.709034 0 
0.996432 0.0558952 0.0632435 0 
-0.084228 0.706849 0.702332 0 
-16.2487 20.6365 -9.64958 1 

-0.00544653 -0.705153 0.709034 0 
0.996432 0.0558952 0.0632435 0 
-0.084228 0.706849 0.702332 0 
-16.2487 20.6365 -9.64958 1 

0.132952 0.068255 -0.988769 0 
-0.00875708 0.997668 0.0676918 0 
0.991084 -0.000340968 0.13324 0 
-1.90539 0.22542 -4.11194 1 

-0.336007 0.0608225 -0.939894 0 
-0.00875708 0.997668 0.0676918 0 
0.941819 0.0309757 -0.334691 0 
-5.40206 0.190405 -4.0482 1 

-0.336007 0.0608225 -0.939894 0 
-0.00875708 0.997668 0.0676918 0 
0.941819 0.0309757 -0.334691 0 
-5.40206 0.190403 -4.0482 1 

0.972421 0.232757 0.0148547 0 
-0.222258 0.944095 -0.243487 0 
-0.0706977 0.233471 0.96979 0 
2.86881 0.285923 3.06092 1 

0.972421 0.232757 0.0148547 0 
-0.224927 0.919052 0.323653 0 
0.0616803 -0.318069 0.946059 0 
2.86349 0.536829 -0.522559 1 

0.972421 0.232757 0.0148547 0 
-0.224927 0.919052 0.323653 0 
0.0616803 -0.318069 0.946059 0 
2.86349 0.536829 -0.522559 1 

0.972421 0.232757 0.0148547 0 
-0.224927 0.919052 0.323653 0 
0.0616803 -0.318069 0.946059 0 
2.86349 0.536829 -0.522559 1 

0.980622 -0.175888 0.086275 0 
0.192969 0.943202 -0.270432 0 
-0.0338091 0.28184 0.958866 0 
-2.47108 0.408644 3.56679 1 

0.980622 -0.175888 0.086275 0 
0.133865 0.923128 0.360436 0 
-0.143039 -0.341902 0.928786 0 
-2.0789 0.640224 -0.418728 1 

0.980622 -0.175888 0.086275 0 
0.133865 0.923128 0.360436 0 
-0.143039 -0.341902 0.928786 0 
-2.0789 0.640223 -0.418728 1 

0.980622 -0.175888 0.086275 0 
0.133865 0.923128 0.360436 0 
-0.143039 -0.341902 0.928786 0 
-2.0789 0.640223 -0.418728 1 

1.33333
1 0 0 0 
0 1 0 0 
0 0 1 0 
0 0 0 1 

1 0 0 0 
0 1 0 0 
0 0 1 0 
0 0 0 1 

1 0 0 0 
0 1 0 0 
0 0 1 0 
0 0 0 1 

0.904402 -0.0373448 0.425044 0 
-0.0251888 0.989752 0.140557 0 
-0.425937 -0.137826 0.894193 0 
0.377833 0.166941 -3.03394 1 

0.904402 -0.0373448 0.425044 0 
-0.0251888 0.989752 0.140557 0 
-0.425937 -0.137826 0.894193 0 
0.377833 0.166941 -3.03394 1 

0.0833866 -0.767904 -0.635114 0 
0.996432 0.0558952 0.0632435 0 
-0.0130651 -0.638121 0.769825 0 
-16.8443 19.9536 0.338995 1 

-0.00544653 -0.705153 0.709034 0 
0.996432 0.0558952 0.0632435 0 
-0.084228 0.706849 0.702332 0 
-16.2487 20.6365 -9.64958 1 

-0.00544653 -0.705153 0.709034 0 
0.996432 0.0558952 0.0632435 0 
-0.084228 0.706849 0.702332 0 
-16.2487 20.6365 -9.64958 1 

0.132952 0.068255 -0.988769 0 
-0.00875708 0.997668 0.0676918 0 
0.991084 -0.000340968 0.13324 0 
-1.90539 0.22542 -4.11194 1 

-0.336007 0.0608225 -0.939894 0 
-0.00875708 0.997668 0.0676918 0 
0.941819 0.0309757 -0.334691 0 
-5.40206 0.190405 -4.0482 1 

-0.336007 0.0608225 -0.939894 0 
-0.00875708 0.997668 0.0676918 0 
0.941819 0.0309757 -0.334691 0 
-5.40206 0.190403 -4.0482 1 

0.972421 0.232757 0.0148547 0 
-0.222258 0.944095 -0.243487 0 
-0.0706977 0.233471 0.96979 0 
2.86881 0.285923 3.06092 1 

0.972421 0.232757 0.0148547 0 
-0.224927 0.919052 0.323653 0 
0.0616803 -0.318069 0.946059 0 
2.86349 0.536829 -0.522559 1 

0.972421 0.232757 0.0148547 0 
-0.224927 0.919052 0.323653 0 
0.0616803 -0.318069 0.946059 0 
2.86349 0.536829 -0.522559 1 

0.972421 0.232757 0.0148547 0 
-0.224927 0.919052 0.323653 0 
0.0616803 -0.318069 0.946059 0 
2.86349 0.536829 -0.522559 1 

0.980622 -0.175888 0.086275 0 
0.192969 0.943202 -0.270432 0 
-0.0338091 0.28184 0.958866 0 
-2.47108 0.408644 3.56679 1 

0.980622 -0.175888 0.086275 0 
0.133865 0.923128 0.360436 0 
-0.143039 -0.341902 0.928786 0 
-2.0789 0.640224 -0.418728 1 

0.980622 -0.175888 0.086275 0 
0.133865 0.923128 0.360436 0 
-0.143039 -0.341902 0.928786 0 
-2.0789 0.640223 -0.418728 1 

0.980622 -0.175888 0.086275 0 
0.133865 0.923128 0.360436 0 
-0.143039 -0.341902 0.928786 0 
-2.0789 0.640223 -0.418728 1 

1.375
1 0 0 0 
0 1 0 0 
0 0 1 0 
0 0 0 1 

1 0 0 0 
0 1 0 0 
0 0 1 0 
0 0 0 1 

1 0 0 0 
0 1 0 0 
0 0 1 0 
0 0 0 1 

0.904402 -0.0373448 0.425044 0 
-0.0251888 0.989752 0.140557 0 
-0.425937 -0.137826 0.894193 0 
0.377833 0.166941 -3.03394 1 

0.904402 -0.0373448 0.425044 0 
-0.0251888 0.989752 0.140557 0 
-0.425937 -0.137826 0.894193 0 
0.377833 0.166941 -3.03394 1 

0.0833866 -0.767904 -0.635114 0 
0.996432 0.0558952 0.0632435 0 
-0.0130651 -0.638121 0.769825 0 
-16.8443 19.9536 0.338995 1 

-0.00544653 -0.705153 0.709034 0 
0.996432 0.0558952 0.0632435 0 
-0.084228 0.706849 0.702332 0 
-16.2487 20.6365 -9.64958 1 

-0.00544653 -0.705153 0.709034 0 
0.996432 0.0558952 0.0632435 0 
-0.084228 0.706849 0.702332 0 
-16.2487 20.6365 -9.64958 1 

0.132952 0.068255 -0.988769 0 
-0.00875708 0.997668 0.0676918 0 
0.991084 -0.000340968 0.13324 0 
-1.90539 0.22542 -4.11194 1 

-0.336007 0.0608225 -0.939894 0 
-0.00875708 0.997668 0.0676918 0 
0.941819 0.0309757 -0.334691 0 
-5.40206 0.190405 -4.0482 1 

-0.336007 0.0608225 -0.939894 0 
-0.00875708 0.997668 0.0676918 0 
0.941819 0.0309757 -0.334691 0 
-5.40206 0.190403 -4.0482 1 

0.972421 0.232757 0.0148547 0 
-0.222258 0.944095 -0.243487 0 
-0.0706977 0.233471 0.96979 0 
2.86881 0.285923 3.06092 1 

0.972421 0.232757 0.0148547 0 
-0.224927 0.919052 0.323653 0 
0.0616803 -0.318069 0.946059 0 
2.86349 0.536829 -0.522559 1 

0.972421 0.232757 0.0148547 0 
-0.224927 0.919052 0.323653 0 
0.0616803 -0.318069 0.946059 0 
2.86349 0.536829 -0.522559 1 

0.972421 0.232757 0.0148547 0 
-0.224927 0.919052 0.323653 0 
0.0616803 -0.318069 0.946059 0 
2.86349 0.536829 -0.522559 1 

0.980622 -0.175888 0.086275 0 
0.192969 0.943202 -0.270432 0 
-0.0338091 0.28184 0.958866 0 
-2.47108 0.408644 3.56679 1 

0.980622 -0.175888 0.086275 0 
0.133865 0.923128 0.360436 0 
-0.143039 -0.341902 0.928786 0 
-2.0789 0.640224 -0.418728 1 

0.980622 -0.175888 0.086275 0 
0.133865 0.923128 0.360436 0 
-0.143039 -0.341902 0.928786 0 
-2.0789 0.640223 -0.418728 1 

0.980622 -0.175888 0.086275 0 
0.133865 0.923128 0.360436 0 
-0.143039 -0.341902 0.928786 0 
-2.0789 0.640223 -0.418728 1 

1.41667
1 0 0 0 
0 1 0 0 
0 0 1 0 
0 0 0 1 

1 0 0 0 
0 1 0 0 
0 0 1 0 
0 0 0 1 

1 0 0 0 
0 1 0 0 
0 0 1 0 
0 0 0 1 

0.904402 -0.0373448 0.425044 0 
-0.0251888 0.989752 0.140557 0 
-0.425937 -0.137826 0.894193 0 
0.377833 0.166941 -3.03394 1 

0.904402 -0.0373448 0.425044 0 
-0.0251888 0.989752 0.140557 0 
-0.425937 -0.137826 0.894193 0 
0.377833 0.166941 -3.03394 1 

0.0833866 -0.767904 -0.635114 0 
0.996432 0.0558952 0.0632435 0 
-0.0130651 -0.638121 0.769825 0 
-16.8443 19.9536 0.338995 1 

-0.00544653 -0.705153 0.709034 0 
0.996432 0.0558952 0.0632435 0 
-0.084228 0.706849 0.702332 0 
-16.2487 20.6365 -9.64958 1 

-0.00544653 -0.705153 0.709034 0 
0.996432 0.0558952 0.0632435 0 
-0.084228 0.706849 0.702332 0 
-16.2487 20.6365 -9.64958 1 

0.132952 0.068255 -0.988769 0 
-0.00875708 0.997668 0.0676918 0 
0.991084 -0.000340968 0.13324 0 
-1.90539 0.22542 -4.11194 1 

-0.336007 0.0608225 -0.939894 0 
-0.00875708 0.997668 0.0676918 0 
0.941819 0.0309757 -0.334691 0 
-5.40206 0.190405 -4.0482 1 

-0.336007 0.0608225 -0.939894 0 
-0.00875708 0.997668 0.0676918 0 
0.941819 0.0309757 -0.334691 0 
-5.40206 0.190403 -4.0482 1 

0.972421 0.232757 0.0148547 0 
-0.222258 0.944095 -0.243487 0 
-0.0706977 0.233471 0.96979 0 
2.86881 0.285923 3.06092 1 

0.972421 0.232757 0.0148547 0 
-0.224927 0.919052 0.323653 0 
0.0616803 -0.318069 0.946059 0 
2.86349 0.536829 -0.522559 1 

0.972421 0.232757 0.0148547 0 
-0.224927 0.919052 0.323653 0 
0.0616803 -0.318069 0.946059 0 
2.86349 0.536829 -0.522559 1 

0.972421 0.232757 0.0148547 0 
-0.224927 0.919052 0.323653 0 
0.0616803 -0.318069 0.946059 0 
2.86349 0.536829 -0.522559 1 

0.980622 -0.175888 0.086275 0 
0.192969 0.943202 -0.270432 0 
-0.0338091 0.28184 0.958866 0 
-2.47108 0.408644 3.56679 1 

0.980622 -0.175888 0.086275 0 
0.133865 0.923128 0.360436 0 
-0.143039 -0.341902 0.928786 0 
-2.0789 0.640224 -0.418728 1 

0.980622 -0.175888 0.086275 0 
0.133865 0.923128 0.360436 0 
-0.143039 -0.341902 0.928786 0 
-2.0789 0.640223 -0.418728 1 

0.980622 -0.175888 0.086275 0 
0.133865 0.923128 0.360436 0 
-0.143039 -0.341902 0.928786 0 
-2.0789 0.640223 -0.418728 1 

1.45833
1 0 0 0 
0 1 0 0 
0 0 1 0 
0 0 0 1 

1 0 0 0 
0 1 0 0 
0 0 1 0 
0 0 0 1 

1 0 0 0 
0 1 0 0 
0 0 1 0 
0 0 0 1 

0.904402 -0.0373448 0.425044 0 
-0.0251888 0.989752 0.140557 0 
-0.425937 -0.137826 0.894193 0 
0.377833 0.166941 -3.03394 1 

0.904402 -0.0373448 0.425044 0 
-0.0251888 0.989752 0.140557 0 
-0.425937 -0.137826 0.894193 0 
0.377833 0.166941 -3.03394 1 

0.0833866 -0.767904 -0.635114 0 
0.996432 0.0558952 0.0632435 0 
-0.0130651 -0.638121 0.769825 0 
-16.8443 19.9536 0.338995 1 

-0.00544653 -0.705153 0.709034 0 
0.996432 0.0558952 0.0632435 0 
-0.084228 0.706849 0.702332 0 
-16.2487 20.6365 -9.64958 1 

-0.00544653 -0.705153 0.709034 0 
0.996432 0.0558952 0.0632435 0 
-0.084228 0.706849 0.702332 0 
-16.2487 20.6365 -9.64958 1 

0.132952 0.068255 -0.988769 0 
-0.00875708 0.997668 0.0676918 0 
0.991084 -0.000340968 0.13324 0 
-1.90539 0.22542 -4.11194 1 

-0.336007 0.0608225 -0.939894 0 
-0.00875708 0.997668 0.0676918 0 
0.941819 0.0309757 -0.334691 0 
-5.40206 0.190405 -4.0482 1 

-0.336007 0.0608225 -0.939894 0 
-0.00875708 0.997668 0.0676918 0 
0.941819 0.0309757 -0.334691 0 
-5.40206 0.190403 -4.0482 1 

0.972421 0.232757 0.0148547 0 
-0.222258 0.944095 -0.243487 0 
-0.0706977 0.233471 0.96979 0 
2.86881 0.285923 3.06092 1 

0.972421 0.232757 0.0148547 0 
-0.224927 0.919052 0.323653 0 
0.0616803 -0.318069 0.946059 0 
2.86349 0.536829 -0.522559 1 

0.972421 0.232757 0.0148547 0 
-0.224927 0.919052 0.323653 0 
0.0616803 -0.318069 0.946059 0 
2.86349 0.536829 -0.522559 1 

0.972421 0.232757 0.0148547 0 
-0.224927 0.919052 0.323653 0 
0.0616803 -0.318069 0.946059 0 
2.86349 0.536829 -0.522559 1 

0.980622 -0.175888 0.086275 0 
0.192969 0.943202 -0.270432 0 
-0.0338091 0.28184 0.958866 0 
-2.47108 0.408644 3.56679 1 

