1
BAKED_SKELETAL

17

CLIPNAME#idle
2

0.0416667
1 0 0 0 
0 1 2.87215e-033 0 
0 2.87215e-033 1 0 
-5.29396e-023 -1.90735e-006 -8.9407e-008 1 

1 -6.61744e-024 -6.61744e-024 0 
-6.61744e-024 1 -3.72529e-009 0 
6.61744e-024 3.72529e-009 1 0 
0 -1.90735e-006 -1.19209e-007 1 

1 -6.61744e-024 -3.30872e-024 0 
-3.30872e-024 1 -1.80146e-033 0 
6.61744e-024 -1.80146e-033 1 0 
0 -3.8147e-006 8.34465e-007 1 

1 -3.30872e-024 0 0 
-3.30872e-024 1 -1.99789e-033 0 
6.61744e-024 -1.99789e-033 1 0 
-4.54747e-013 -1.90735e-006 -9.53674e-007 1 

0.828691 -0.170162 0.533213 0 
-0.370053 0.548167 0.750049 0 
-0.41992 -0.818876 0.391292 0 
7.4798 8.89454 -16.2967 1 

0.66369 -0.395113 0.635138 0 
-0.292805 0.644117 0.706667 0 
-0.688317 -0.65498 0.311803 0 
6.97181 9.09966 -16.3985 1 

0.66369 -0.395113 0.635138 0 
-0.292805 0.644117 0.706667 0 
-0.688317 -0.65498 0.311803 0 
6.97181 9.09966 -16.3985 1 

0.9912 0.0644689 0.115611 0 
-0.045042 0.985532 -0.163397 0 
-0.124472 0.156752 0.979763 0 
0.798635 0.520897 3.47675 1 

0.998486 0.0472516 0.028161 0 
-0.0408215 0.97967 -0.196417 0 
-0.0368695 0.19497 0.980116 0 
0.909429 0.564175 3.45551 1 

0.998486 0.0472516 0.028161 0 
-0.0408215 0.97967 -0.196417 0 
-0.0368694 0.19497 0.980116 0 
0.90943 0.564175 3.45551 1 

1 0 6.61744e-024 0 
0 1 1.00553e-032 0 
0 1.00553e-032 1 0 
-7.94093e-023 -1.90735e-006 -5.96046e-008 1 

0.921001 0.00437612 -0.389535 0 
-0.00636556 0.999972 -0.00381658 0 
0.389507 0.00599468 0.921004 0 
0.0704316 -0.00921631 0.732677 1 

0.921001 0.00437612 -0.389535 0 
-0.00636557 0.999972 -0.00381658 0 
0.389507 0.00599468 0.921004 0 
0.0704316 -0.00921631 0.732677 1 

0.921002 0.00437612 -0.389535 0 
-0.00636557 0.999972 -0.00381658 0 
0.389507 0.00599468 0.921004 0 
0.0704317 -0.00921634 0.732677 1 

0.907285 0.0570924 0.416623 0 
-0.00947633 0.993265 -0.115476 0 
-0.42041 0.100822 0.901715 0 
0.12339 0.145687 2.23281 1 

0.907231 0.055975 0.416892 0 
-0.0531689 0.998417 -0.01835 0 
-0.417259 -0.00551795 0.908771 0 
0.423847 0.214038 1.55114 1 

0.907231 0.055975 0.416892 0 
-0.0531689 0.998417 -0.0183499 0 
-0.417259 -0.00551808 0.908771 0 
0.423847 0.214038 1.55114 1 

0.0833333
1 0 0 0 
0 1 2.87215e-033 0 
0 2.87215e-033 1 0 
-5.29396e-023 -1.90735e-006 -8.9407e-008 1 

1 -6.61744e-024 -6.61744e-024 0 
-6.61744e-024 1 -3.72529e-009 0 
6.61744e-024 3.72529e-009 1 0 
0 -1.90735e-006 -1.19209e-007 1 

1 -6.61744e-024 -3.30872e-024 0 
-3.30872e-024 1 -1.80146e-033 0 
6.61744e-024 -1.80146e-033 1 0 
0 -3.8147e-006 8.34465e-007 1 

1 -3.30872e-024 0 0 
-3.30872e-024 1 -1.99789e-033 0 
6.61744e-024 -1.99789e-033 1 0 
-4.54747e-013 -1.90735e-006 -9.53674e-007 1 

0.829721 -0.174169 0.53031 0 
-0.367574 0.544494 0.753933 0 
-0.420062 -0.820482 0.387758 0 
7.42862 8.97568 -16.3672 1 

0.656005 -0.40807 0.63493 0 
-0.285237 0.644811 0.709125 0 
-0.698783 -0.646295 0.306603 0 
6.88116 9.18437 -16.4661 1 

0.656005 -0.40807 0.63493 0 
-0.285237 0.644811 0.709125 0 
-0.698783 -0.646295 0.306603 0 
6.88116 9.18437 -16.4661 1 

0.988557 0.0700395 0.1336 0 
-0.0486574 0.986387 -0.157077 0 
-0.142783 0.148779 0.978508 0 
0.85386 0.514448 3.3981 1 

0.999139 0.0413111 -0.00383323 0 
-0.0412035 0.977221 -0.208186 0 
-0.00485444 0.208165 0.978082 0 
1.00767 0.568949 3.34923 1 

0.999139 0.0413111 -0.00383322 0 
-0.0412035 0.977221 -0.208186 0 
-0.00485446 0.208165 0.978082 0 
1.00767 0.568949 3.34923 1 

1 0 6.61744e-024 0 
0 1 1.00553e-032 0 
0 1.00553e-032 1 0 
-7.94093e-023 -1.90735e-006 -5.96046e-008 1 

0.921054 0.00219565 -0.389429 0 
-0.00704753 0.999914 -0.0110307 0 
0.389372 0.0129044 0.92099 0 
0.0792347 -0.00737 0.826026 1 

0.921011 0.00227025 -0.38953 0 
-0.0039747 0.999986 -0.00356976 0 
0.389516 0.00483605 0.921007 0 
0.0579717 -0.0037446 0.774569 1 

0.921011 0.00227025 -0.38953 0 
-0.0039747 0.999986 -0.00356976 0 
0.389516 0.00483605 0.921007 0 
0.0579717 -0.00374418 0.774569 1 

0.90756 0.059297 0.415716 0 
-0.00854713 0.992383 -0.122892 0 
-0.419836 0.107979 0.901154 0 
0.111592 0.158161 2.32764 1 

0.907662 0.0580093 0.415675 0 
-0.0586566 0.998215 -0.0112239 0 
-0.415584 -0.0141946 0.909444 0 
0.455835 0.237289 1.54309 1 

0.907661 0.0580093 0.415675 0 
-0.0586566 0.998215 -0.0112238 0 
-0.415584 -0.0141947 0.909444 0 
0.455835 0.237288 1.54309 1 

CLIPNAME#twitching
3

0.125
1 0 0 0 
0 1 2.87215e-033 0 
0 2.87215e-033 1 0 
-5.29396e-023 -1.90735e-006 -8.9407e-008 1 

1 -6.61744e-024 -6.61744e-024 0 
-6.61744e-024 1 -3.72529e-009 0 
6.61744e-024 3.72529e-009 1 0 
0 -1.90735e-006 -1.19209e-007 1 

1 -6.61744e-024 -3.30872e-024 0 
-3.30872e-024 1 -1.80146e-033 0 
6.61744e-024 -1.80146e-033 1 0 
0 -3.8147e-006 8.34465e-007 1 

1 -3.30872e-024 0 0 
-3.30872e-024 1 -1.99789e-033 0 
6.61744e-024 -1.99789e-033 1 0 
-4.54747e-013 -1.90735e-006 -9.53674e-007 1 

0.832181 -0.18557 0.522531 0 
-0.360868 0.53423 0.764443 0 
-0.42101 -0.824719 0.37761 0 
7.29071 9.20303 -16.5586 1 

0.633885 -0.443333 0.633755 0 
-0.263767 0.646373 0.715982 0 
-0.727061 -0.621014 0.292789 0 
6.62709 9.42091 -16.6471 1 

0.633885 -0.443333 0.633755 0 
-0.263767 0.646373 0.715981 0 
-0.727061 -0.621014 0.292789 0 
6.62709 9.42091 -16.6471 1 

0.982221 0.0801518 0.169761 0 
-0.0558109 0.988062 -0.143592 0 
-0.179243 0.131565 0.974968 0 
0.960216 0.499039 3.22425 1 

0.99702 0.0230951 -0.0736015 0 
-0.0395814 0.972115 -0.231142 0 
0.0662109 0.233366 0.970132 0 
1.15294 0.542135 3.07877 1 

0.99702 0.0230951 -0.0736015 0 
-0.0395814 0.972115 -0.231142 0 
0.0662109 0.233366 0.970132 0 
1.15294 0.542134 3.07877 1 

1 0 6.61744e-024 0 
0 1 1.00553e-032 0 
0 1.00553e-032 1 0 
-7.94093e-023 -1.90735e-006 -5.96046e-008 1 

0.921244 -0.0034295 -0.38897 0 
-0.00881661 0.99952 -0.0296941 0 
0.388885 0.0307849 0.920772 0 
0.102029 0.000540733 1.06728 1 

0.921136 -0.00316874 -0.389228 0 
0.00192167 0.999992 -0.00359326 0 
0.389237 0.00256192 0.921134 0 
0.0277324 0.0116887 0.886939 1 

0.921136 -0.00316874 -0.389229 0 
0.00192167 0.999991 -0.00359326 0 
0.389237 0.00256192 0.921134 0 
0.0277321 0.0116888 0.886939 1 

0.908285 0.064541 0.413344 0 
-0.00624235 0.990009 -0.140867 0 
-0.418306 0.125367 0.899613 0 
0.0823631 0.191283 2.55724 1 

0.908968 0.0628278 0.412103 0 
-0.0725019 0.997337 0.00786573 0 
-0.410511 -0.0370279 0.911103 0 
0.536379 0.2994 1.5097 1 

0.908969 0.0628278 0.412103 0 
-0.072502 0.997337 0.00786583 0 
-0.410511 -0.037028 0.911103 0 
0.536379 0.299401 1.5097 1 

0.166667
1 0 0 0 
0 1 2.87215e-033 0 
0 2.87215e-033 1 0 
-5.29396e-023 -1.90735e-006 -8.9407e-008 1 

1 -6.61744e-024 -6.61744e-024 0 
-6.61744e-024 1 -3.72529e-009 0 
6.61744e-024 3.72529e-009 1 0 
0 -1.90735e-006 -1.19209e-007 1 

1 -6.61744e-024 -3.30872e-024 0 
-3.30872e-024 1 -1.80146e-033 0 
6.61744e-024 -1.80146e-033 1 0 
0 -3.8147e-006 8.34465e-007 1 

1 -3.30872e-024 0 0 
-3.30872e-024 1 -1.99789e-033 0 
6.61744e-024 -1.99789e-033 1 0 
-4.54747e-013 -1.90735e-006 -9.53674e-007 1 

0.834745 -0.203333 0.51172 0 
-0.351446 0.51868 0.779395 0 
-0.423896 -0.830438 0.361505 0 
7.09842 9.549 -16.8322 1 

0.598711 -0.493988 0.630492 0 
-0.230599 0.64753 0.726312 0 
-0.767052 -0.580242 0.27377 0 
6.24397 9.78031 -16.8991 1 

0.598711 -0.493988 0.630492 0 
-0.230599 0.647529 0.726312 0 
-0.767052 -0.580242 0.27377 0 
6.24397 9.78032 -16.8991 1 

0.974343 0.0892352 0.206624 0 
-0.0634009 0.989687 -0.128449 0 
-0.215956 0.112053 0.969952 0 
1.07109 0.480896 3.01907 1 

0.987755 -0.00594731 -0.1559 0 
-0.03426 0.966613 -0.253941 0 
0.152205 0.256172 0.954573 0 
1.21328 0.450199 2.7019 1 

0.987755 -0.00594732 -0.1559 0 
-0.03426 0.966613 -0.253941 0 
0.152205 0.256172 0.954573 0 
1.21328 0.450203 2.7019 1 

1 0 6.61744e-024 0 
0 1 1.00553e-032 0 
0 1.00553e-032 1 0 
-7.94093e-023 -1.90735e-006 -5.96046e-008 1 

0.921631 -0.0110434 -0.387909 0 
-0.0112362 0.998417 -0.0551198 0 
0.387904 0.0551587 0.920048 0 
0.13311 0.0185728 1.39537 1 

0.921525 -0.0105414 -0.388177 0 
0.00929452 0.999944 -0.0050896 0 
0.388209 0.00108228 0.921571 0 
-0.00892413 0.0356088 1.04886 1 

0.921525 -0.0105414 -0.388177 0 
0.00929452 0.999944 -0.0050896 0 
0.388209 0.00108227 0.921571 0 
-0.00892437 0.0356105 1.04886 1 

0.909278 0.0706517 0.410149 0 
-0.00330683 0.986681 -0.162633 0 
-0.416176 0.146522 0.897401 0 
0.0451844 0.236822 2.83487 1 

0.911134 0.0684188 0.406391 0 
-0.0905203 0.995266 0.0353876 0 
-0.402046 -0.0690295 0.913014 0 
0.640642 0.388346 1.43606 1 

0.911134 0.0684188 0.406391 0 
-0.0905203 0.995266 0.0353878 0 
-0.402046 -0.0690297 0.913014 0 
0.640642 0.388346 1.43606 1 

0.208333
1 0 0 0 
0 1 2.87215e-033 0 
0 2.87215e-033 1 0 
-5.29396e-023 -1.90735e-006 -8.9407e-008 1 

1 -6.61744e-024 -6.61744e-024 0 
-6.61744e-024 1 -3.72529e-009 0 
6.61744e-024 3.72529e-009 1 0 
0 -1.90735e-006 -1.19209e-007 1 

1 -6.61744e-024 -3.30872e-024 0 
-3.30872e-024 1 -1.80146e-033 0 
6.61744e-024 -1.80146e-033 1 0 
0 -3.8147e-006 8.34465e-007 1 

1 -3.30872e-024 0 0 
-3.30872e-024 1 -1.99789e-033 0 
6.61744e-024 -1.99789e-033 1 0 
-4.54747e-013 -1.90735e-006 -9.53674e-007 1 

0.835993 -0.226435 0.499843 0 
-0.341117 0.499062 0.796603 0 
-0.429832 -0.836459 0.339971 0 
6.89022 9.98774 -17.15 1 

0.551852 -0.552963 0.624252 0 
-0.18832 0.64659 0.739228 0 
-0.812401 -0.525504 0.252688 0 
5.77348 10.2394 -17.1821 1 

0.551853 -0.552963 0.624252 0 
-0.188319 0.64659 0.739228 0 
-0.812401 -0.525503 0.252688 0 
5.77348 10.2395 -17.1821 1 

0.966478 0.0966395 0.237867 0 
-0.071022 0.990936 -0.114023 0 
-0.24673 0.093307 0.964582 0 
1.18544 0.466236 2.8135 1 

0.96934 -0.0426261 -0.241999 0 
-0.026098 0.96141 -0.273881 0 
0.244335 0.271799 0.93082 0 
1.16224 0.295876 2.26151 1 

0.96934 -0.0426261 -0.241999 0 
-0.026098 0.96141 -0.273881 0 
0.244335 0.271799 0.93082 0 
1.16224 0.295875 2.26151 1 

1 0 6.61744e-024 0 
0 1 1.00553e-032 0 
0 1.00553e-032 1 0 
-7.94093e-023 -1.90735e-006 -5.96046e-008 1 

0.922259 -0.0197117 -0.38607 0 
-0.0140293 0.996335 -0.0843839 0 
0.386319 0.0832401 0.918602 0 
0.168854 0.0496807 1.77219 1 

0.922261 -0.018941 -0.386105 0 
0.0169207 0.99982 -0.00863053 0 
0.386198 0.00142645 0.922415 0 
-0.045244 0.0673118 1.24606 1 

0.922261 -0.018941 -0.386105 0 
0.0169207 0.99982 -0.00863054 0 
0.386198 0.00142646 0.922415 0 
-0.0452439 0.0673119 1.24606 1 

0.910367 0.0762193 0.406721 0 
-0.0002051 0.982973 -0.18375 0 
-0.413801 0.167196 0.894882 0 
0.00592148 0.286556 3.10379 1 

0.914022 0.0735354 0.398943 0 
-0.109829 0.991562 0.0688594 0 
-0.390513 -0.106754 0.914387 0 
0.75126 0.495544 1.3144 1 

0.914022 0.0735354 0.398943 0 
-0.109829 0.991562 0.0688595 0 
-0.390513 -0.106755 0.914386 0 
0.75126 0.495544 1.3144 1 

CLIPNAME#turning
3

0.25
1 0 0 0 
0 1 2.87215e-033 0 
0 2.87215e-033 1 0 
-5.29396e-023 -1.90735e-006 -8.9407e-008 1 

1 -6.61744e-024 -6.61744e-024 0 
-6.61744e-024 1 -3.72529e-009 0 
6.61744e-024 3.72529e-009 1 0 
0 -1.90735e-006 -1.19209e-007 1 

1 -6.61744e-024 -3.30872e-024 0 
-3.30872e-024 1 -1.80146e-033 0 
6.61744e-024 -1.80146e-033 1 0 
0 -3.8147e-006 8.34465e-007 1 

1 -3.30872e-024 0 0 
-3.30872e-024 1 -1.99789e-033 0 
6.61744e-024 -1.99789e-033 1 0 
-4.54747e-013 -1.90735e-006 -9.53674e-007 1 

0.834724 -0.253988 0.488596 0 
-0.331722 0.476295 0.814312 0 
-0.439541 -0.841804 0.313321 0 
6.70479 10.4995 -17.4815 1 

0.49459 -0.614505 0.614625 0 
-0.139672 0.641787 0.754056 0 
-0.85783 -0.458795 0.231592 0 
5.26007 10.7858 -17.4668 1 

0.49459 -0.614505 0.614625 0 
-0.139672 0.641787 0.754056 0 
-0.85783 -0.458795 0.231592 0 
5.26008 10.7858 -17.4668 1 

0.959808 0.103344 0.260938 0 
-0.0791098 0.991659 -0.101756 0 
-0.269278 0.0770238 0.959978 0 
1.31588 0.461271 2.62986 1 

0.940807 -0.0836394 -0.328462 0 
-0.016706 0.956455 -0.291402 0 
0.338531 0.279641 0.898442 0 
1.00857 0.0962391 1.80144 1 

0.940807 -0.0836394 -0.328462 0 
-0.016706 0.956455 -0.291402 0 
0.338531 0.279641 0.898442 0 
1.00857 0.0962391 1.80144 1 

1 0 6.61744e-024 0 
0 1 1.00553e-032 0 
0 1.00553e-032 1 0 
-7.94093e-023 -1.90735e-006 -5.96046e-008 1 

0.923147 -0.0288574 -0.383363 0 
-0.0170253 0.993132 -0.115754 0 
0.384071 0.113385 0.916315 0 
0.207037 0.0953512 2.17516 1 

0.923365 -0.0277984 -0.382916 0 
0.0241341 0.999605 -0.0143709 0 
0.383165 0.00402821 0.923671 0 
-0.0776736 0.106308 1.46897 1 

0.923365 -0.0277984 -0.382916 0 
0.0241341 0.999605 -0.0143709 0 
0.383164 0.00402822 0.923671 0 
-0.0776734 0.106307 1.46897 1 

0.911419 0.0805574 0.403516 0 
0.00284513 0.979392 -0.20195 0 
-0.411469 0.18521 0.892407 0 
-0.0327208 0.333575 3.33528 1 

0.917428 0.077648 0.390252 0 
-0.128837 0.985907 0.106712 0 
-0.376466 -0.14818 0.914503 0 
0.858501 0.615919 1.14375 1 

0.917428 0.077648 0.390252 0 
-0.128837 0.985907 0.106712 0 
-0.376466 -0.14818 0.914503 0 
0.858501 0.615918 1.14375 1 

0.291667
1 0 0 0 
0 1 2.87215e-033 0 
0 2.87215e-033 1 0 
-5.29396e-023 -1.90735e-006 -8.9407e-008 1 

1 -6.61744e-024 -6.61744e-024 0 
-6.61744e-024 1 -3.72529e-009 0 
6.61744e-024 3.72529e-009 1 0 
0 -1.90735e-006 -1.19209e-007 1 

1 -6.61744e-024 -3.30872e-024 0 
-3.30872e-024 1 -1.80146e-033 0 
6.61744e-024 -1.80146e-033 1 0 
0 -3.8147e-006 8.34465e-007 1 

1 -3.30872e-024 0 0 
-3.30872e-024 1 -1.99789e-033 0 
6.61744e-024 -1.99789e-033 1 0 
-4.54747e-013 -1.90735e-006 -9.53674e-007 1 

0.829953 -0.285223 0.479403 0 
-0.325077 0.451099 0.831164 0 
-0.453325 -0.84567 0.281671 0 
6.58002 11.0687 -17.8036 1 

0.428309 -0.674307 0.60155 0 
-0.0876878 0.631545 0.770365 0 
-0.899368 -0.382702 0.211368 0 
4.75136 11.4133 -17.7344 1 

0.428309 -0.674307 0.60155 0 
-0.0876877 0.631545 0.770365 0 
-0.899368 -0.382703 0.211368 0 
4.75136 11.4133 -17.7344 1 

0.955209 0.110731 0.274436 0 
-0.0883068 0.991761 -0.0927978 0 
-0.28245 0.0644067 0.957117 0 
1.47773 0.471909 2.4875 1 

0.901868 -0.126278 -0.413145 0 
-0.0078726 0.951364 -0.307969 0 
0.431941 0.281 0.85701 0 
0.773704 -0.128183 1.36925 1 

0.901868 -0.126278 -0.413145 0 
-0.0078726 0.951364 -0.307969 0 
0.431941 0.281 0.85701 0 
0.773704 -0.128183 1.36925 1 

1 0 6.61744e-024 0 
0 1 1.00553e-032 0 
0 1.00553e-032 1 0 
-7.94093e-023 -1.90735e-006 -5.96046e-008 1 

0.924298 -0.0381087 -0.379764 0 
-0.0201121 0.988757 -0.14817 0 
0.381141 0.144592 0.91314 0 
0.246209 0.155999 2.59053 1 

0.924821 -0.0367407 -0.378624 0 
0.0305941 0.999284 -0.0222394 0 
0.37917 0.00898381 0.925283 0 
-0.104539 0.152191 1.71073 1 

0.924821 -0.0367407 -0.378624 0 
0.0305941 0.999285 -0.0222394 0 
0.37917 0.0089838 0.925283 0 
-0.104539 0.15219 1.71073 1 

0.912337 0.0833836 0.40086 0 
0.0057492 0.976338 -0.216175 0 
-0.4094 0.199529 0.89027 0 
-0.0695962 0.372586 3.51601 1 

0.921131 0.0806252 0.380811 0 
-0.146725 0.978068 0.147833 0 
-0.36054 -0.192048 0.912759 0 
0.957354 0.746568 0.927116 1 

0.921131 0.0806252 0.380811 0 
-0.146725 0.978068 0.147833 0 
-0.36054 -0.192048 0.912759 0 
0.957354 0.746567 0.927117 1 

0.333333
1 0 0 0 
0 1 2.87215e-033 0 
0 2.87215e-033 1 0 
-5.29396e-023 -1.90735e-006 -8.9407e-008 1 

1 -6.61744e-024 -6.61744e-024 0 
-6.61744e-024 1 -3.72529e-009 0 
6.61744e-024 3.72529e-009 1 0 
0 -1.90735e-006 -1.19209e-007 1 

1 -6.61744e-024 -3.30872e-024 0 
-3.30872e-024 1 -1.80146e-033 0 
6.61744e-024 -1.80146e-033 1 0 
0 -3.8147e-006 8.34465e-007 1 

1 -3.30872e-024 0 0 
-3.30872e-024 1 -1.99789e-033 0 
6.61744e-024 -1.99789e-033 1 0 
-4.54747e-013 -1.90735e-006 -9.53674e-007 1 

0.82087 -0.319457 0.473413 0 
-0.322903 0.424114 0.846086 0 
-0.471069 -0.847392 0.244989 0 
6.55167 11.6813 -18.0981 1 

0.354532 -0.729385 0.585068 0 
-0.0356323 0.614718 0.787942 0 
-0.934365 -0.300197 0.191947 0 
4.29663 12.1177 -17.9737 1 

0.354531 -0.729385 0.585068 0 
-0.0356323 0.614718 0.787942 0 
-0.934365 -0.300197 0.191947 0 
4.29663 12.1177 -17.9737 1 

0.953228 0.120119 0.277358 0 
-0.0992886 0.991158 -0.0880177 0 
-0.285478 0.0563625 0.956726 0 
1.68594 0.50359 2.40127 1 

0.85287 -0.168661 -0.494131 0 
-0.00144315 0.945624 -0.325259 0 
0.522121 0.278116 0.806251 0 
0.48711 -0.358372 1.01299 1 

0.85287 -0.168661 -0.494131 0 
-0.00144311 0.945624 -0.325259 0 
0.522121 0.278116 0.806251 0 
0.487109 -0.358374 1.01299 1 

1 0 6.61744e-024 0 
0 1 1.00553e-032 0 
0 1.00553e-032 1 0 
-7.94093e-023 -1.90735e-006 -5.96046e-008 1 

0.925701 -0.0472001 -0.3753 0 
-0.0232061 0.983228 -0.180896 0 
0.377544 0.176165 0.90908 0 
0.285299 0.231205 3.00878 1 

0.926591 -0.0454981 -0.373308 0 
0.0361268 0.998833 -0.0320653 0 
0.374331 0.016225 0.927153 0 
-0.125135 0.204495 1.9659 1 

0.926591 -0.0454981 -0.373308 0 
0.0361268 0.998833 -0.0320653 0 
0.374331 0.016225 0.927153 0 
-0.125135 0.204496 1.9659 1 

0.913058 0.0846201 0.398954 0 
0.00846118 0.974096 -0.225975 0 
-0.407742 0.209704 0.88869 0 
-0.104158 0.39994 3.64045 1 

0.924932 0.0825276 0.371065 0 
-0.163108 0.967883 0.191306 0 
-0.343359 -0.237469 0.908687 0 
1.04559 0.885856 0.66956 1 

0.924932 0.0825275 0.371065 0 
-0.163108 0.967883 0.191306 0 
-0.343359 -0.237469 0.908687 0 
1.04559 0.885856 0.669561 1 

CLIPNAME#nodding
11

1.04167
1 0 0 0 
0 1 2.87215e-033 0 
0 2.87215e-033 1 0 
-5.29396e-023 -1.90735e-006 -8.9407e-008 1 

1 -6.61744e-024 -6.61744e-024 0 
-6.61744e-024 1 -3.72529e-009 0 
6.61744e-024 3.72529e-009 1 0 
0 -1.90735e-006 -1.19209e-007 1 

1 -6.61744e-024 -3.30872e-024 0 
-3.30872e-024 1 -1.80146e-033 0 
6.61744e-024 -1.80146e-033 1 0 
0 -3.8147e-006 8.34465e-007 1 

1 -3.30872e-024 0 0 
-3.30872e-024 1 -1.99789e-033 0 
6.61744e-024 -1.99789e-033 1 0 
-4.54747e-013 -1.90735e-006 -9.53674e-007 1 

0.176537 -0.718805 0.672424 0 
-0.81623 0.274887 0.508139 0 
-0.550094 -0.638558 -0.538183 0 
17.7749 15.6898 -12.3317 1 

-0.474875 -0.877478 0.0672785 0 
-0.340894 0.253887 0.90517 0 
-0.811348 0.406908 -0.419692 0 
13.8398 18.6953 -14.6965 1 

-0.474875 -0.877478 0.0672785 0 
-0.340895 0.253887 0.90517 0 
-0.811348 0.406908 -0.419692 0 
13.8398 18.6953 -14.6965 1 

0.725958 0.451761 -0.518552 0 
-0.493858 0.867177 0.0640952 0 
0.478633 0.209561 0.85264 0 
9.18997 3.83919 -2.63485 1 

0.161899 -0.125145 -0.97884 0 
-0.584401 0.787116 -0.197292 0 
0.79515 0.603976 0.0542983 0 
7.35497 1.84785 -2.41987 1 

0.161899 -0.125145 -0.97884 0 
-0.584401 0.787116 -0.197292 0 
0.795151 0.603976 0.0542983 0 
7.35497 1.84785 -2.41987 1 

1 0 6.61744e-024 0 
0 1 1.00553e-032 0 
0 1.00553e-032 1 0 
-7.94093e-023 -1.90735e-006 -5.96046e-008 1 

0.961679 -0.113636 -0.249521 0 
-0.0549272 0.81177 -0.581388 0 
0.26862 0.572814 0.77442 0 
0.676586 2.41807 8.03945 1 

0.969201 -0.100001 -0.225055 0 
0.05614 0.9795 -0.193465 0 
0.239788 0.174871 0.954946 0 
-0.0900459 1.44305 5.21685 1 

0.969201 -0.100001 -0.225055 0 
0.05614 0.9795 -0.193465 0 
0.239788 0.174871 0.954946 0 
-0.0900458 1.44305 5.21685 1 

0.911079 0.00291105 0.412222 0 
0.0127624 0.999297 -0.0352639 0 
-0.412034 0.0373891 0.910401 0 
-0.161644 0.000113487 1.18237 1 

0.951782 0.0605263 0.300744 0 
-0.262505 0.667993 0.69633 0 
-0.158748 -0.741702 0.651673 0 
1.57243 3.18513 -3.84617 1 

0.951783 0.0605262 0.300744 0 
-0.262505 0.667993 0.696331 0 
-0.158748 -0.741702 0.651672 0 
1.57243 3.18513 -3.84617 1 

1.08333
1 0 0 0 
0 1 2.87215e-033 0 
0 2.87215e-033 1 0 
-5.29396e-023 -1.90735e-006 -8.9407e-008 1 

1 -6.61744e-024 -6.61744e-024 0 
-6.61744e-024 1 -3.72529e-009 0 
6.61744e-024 3.72529e-009 1 0 
0 -1.90735e-006 -1.19209e-007 1 

1 -6.61744e-024 -3.30872e-024 0 
-3.30872e-024 1 -1.80146e-033 0 
6.61744e-024 -1.80146e-033 1 0 
0 -3.8147e-006 8.34465e-007 1 

1 -3.30872e-024 0 0 
-3.30872e-024 1 -1.99789e-033 0 
6.61744e-024 -1.99789e-033 1 0 
-4.54747e-013 -1.90735e-006 -9.53674e-007 1 

0.251178 -0.682441 0.686428 0 
-0.759259 0.300945 0.577025 0 
-0.600363 -0.666113 -0.442558 0 
16.4508 15.0765 -13.6718 1 

-0.525716 -0.840584 0.130541 0 
-0.164068 0.250772 0.954041 0 
-0.834688 0.480137 -0.269748 0 
11.3608 18.7362 -15.9747 1 

-0.525716 -0.840584 0.130541 0 
-0.164068 0.250772 0.954042 0 
-0.834688 0.480137 -0.269748 0 
11.3608 18.7362 -15.9747 1 

0.739464 0.530892 -0.413941 0 
-0.559119 0.826797 0.0615832 0 
0.374939 0.185904 0.908218 0 
10.4502 4.81734 -2.29459 1 

0.219582 -0.121648 -0.96798 0 
-0.612756 0.754875 -0.233867 0 
0.759153 0.644489 0.0912163 0 
8.37009 2.25191 -2.15558 1 

0.219582 -0.121648 -0.96798 0 
-0.612756 0.754875 -0.233867 0 
0.759153 0.644489 0.0912163 0 
8.37009 2.2519 -2.15558 1 

1 0 6.61744e-024 0 
0 1 1.00553e-032 0 
0 1.00553e-032 1 0 
-7.94093e-023 -1.90735e-006 -5.96046e-008 1 

0.963344 -0.109492 -0.244908 0 
-0.0606324 0.80043 -0.596351 0 
0.261328 0.589341 0.764451 0 
0.75046 2.55198 8.22938 1 

0.975888 -0.0898541 -0.198921 0 
0.0747114 0.993797 -0.0823782 0 
0.205089 0.0655303 0.976547 0 
-0.178589 1.45527 4.47991 1 

0.975888 -0.0898541 -0.198921 0 
0.0747114 0.993797 -0.0823781 0 
0.205089 0.0655303 0.976547 0 
-0.17859 1.45527 4.47991 1 

0.914689 0.0323572 0.40286 0 
0.0337775 0.987182 -0.15598 0 
-0.402744 0.156281 0.901872 0 
-0.431465 0.162416 2.73473 1 

0.958683 0.0851943 0.271422 0 
-0.247463 0.720366 0.647947 0 
-0.140322 -0.688342 0.711685 0 
1.34095 2.95598 -2.90113 1 

0.958682 0.0851942 0.271422 0 
-0.247463 0.720366 0.647947 0 
-0.140322 -0.688342 0.711685 0 
1.34095 2.95598 -2.90113 1 

1.125
1 0 0 0 
0 1 2.87215e-033 0 
0 2.87215e-033 1 0 
-5.29396e-023 -1.90735e-006 -8.9407e-008 1 

1 -6.61744e-024 -6.61744e-024 0 
-6.61744e-024 1 -3.72529e-009 0 
6.61744e-024 3.72529e-009 1 0 
0 -1.90735e-006 -1.19209e-007 1 

1 -6.61744e-024 -3.30872e-024 0 
-3.30872e-024 1 -1.80146e-033 0 
6.61744e-024 -1.80146e-033 1 0 
0 -3.8147e-006 8.34465e-007 1 

1 -3.30872e-024 0 0 
-3.30872e-024 1 -1.99789e-033 0 
6.61744e-024 -1.99789e-033 1 0 
-4.54747e-013 -1.90735e-006 -9.53674e-007 1 

0.372974 -0.573605 0.729292 0 
-0.626098 0.424491 0.654071 0 
-0.684757 -0.70056 -0.200809 0 
13.5013 12.3707 -15.1754 1 

-0.582564 -0.735194 0.346566 0 
0.142153 0.327659 0.934041 0 
-0.800257 0.593404 -0.0863719 0 
6.83521 17.0902 -17.1301 1 

-0.582564 -0.735195 0.346566 0 
0.142154 0.327659 0.934041 0 
-0.800257 0.593404 -0.0863719 0 
6.83521 17.0902 -17.1301 1 

0.748729 0.643672 -0.1584 0 
-0.650488 0.759433 0.0112813 0 
0.127556 0.0945907 0.987311 0 
12.1413 6.37566 -0.627182 1 

0.385202 -0.0960699 -0.917818 0 
-0.603998 0.725704 -0.329455 0 
0.697715 0.681267 0.221517 0 
9.65449 2.71822 -1.03552 1 

0.385202 -0.0960699 -0.917818 0 
-0.603998 0.725704 -0.329455 0 
0.697715 0.681267 0.221517 0 
9.65449 2.71822 -1.03552 1 

1 0 6.61744e-024 0 
0 1 1.00553e-032 0 
0 1.00553e-032 1 0 
-7.94093e-023 -1.90735e-006 -5.96046e-008 1 

0.957472 -0.0980687 -0.271348 0 
-0.0705919 0.832256 -0.549878 0 
0.279757 0.545648 0.78994 0 
0.882579 2.13646 7.66184 1 

0.979135 -0.0795894 -0.186977 0 
0.105758 0.985264 0.134426 0 
0.173522 -0.151396 0.973124 0 
-0.319984 1.41234 2.68115 1 

0.979135 -0.0795894 -0.186977 0 
0.105758 0.985264 0.134426 0 
0.173522 -0.151396 0.973124 0 
-0.319984 1.41234 2.68115 1 

0.930468 0.0859472 0.356149 0 
0.0669774 0.915809 -0.39599 0 
-0.360199 0.39231 0.846374 0 
-0.85117 1.08994 5.78831 1 

0.972841 0.106657 0.205439 0 
-0.195156 0.855197 0.480158 0 
-0.124478 -0.50721 0.852785 0 
0.812163 2.44691 -0.580727 1 

0.972841 0.106657 0.205439 0 
-0.195156 0.855197 0.480159 0 
-0.124478 -0.507211 0.852785 0 
0.812164 2.44691 -0.580728 1 

1.16667
1 0 0 0 
0 1 2.87215e-033 0 
0 2.87215e-033 1 0 
-5.29396e-023 -1.90735e-006 -8.9407e-008 1 

1 -6.61744e-024 -6.61744e-024 0 
-6.61744e-024 1 -3.72529e-009 0 
6.61744e-024 3.72529e-009 1 0 
0 -1.90735e-006 -1.19209e-007 1 

1 -6.61744e-024 -3.30872e-024 0 
-3.30872e-024 1 -1.80146e-033 0 
6.61744e-024 -1.80146e-033 1 0 
0 -3.8147e-006 8.34465e-007 1 

1 -3.30872e-024 0 0 
-3.30872e-024 1 -1.99789e-033 0 
6.61744e-024 -1.99789e-033 1 0 
-4.54747e-013 -1.90735e-006 -9.53674e-007 1 

0.376387 -0.458114 0.805273 0 
-0.510128 0.623084 0.592904 0 
-0.773371 -0.633953 0.000823498 0 
11.1797 8.22476 -14.0716 1 

-0.580337 -0.602462 0.547949 0 
0.207435 0.541295 0.814843 0 
-0.787515 0.586548 -0.189162 0 
5.56417 12.4461 -16.3538 1 

-0.580337 -0.602462 0.547949 0 
0.207435 0.541295 0.814844 0 
-0.787515 0.586548 -0.189162 0 
5.56417 12.4461 -16.3538 1 

0.719183 0.683092 0.127127 0 
-0.683783 0.728294 -0.0450445 0 
-0.123355 -0.054532 0.990863 0 
12.5973 7.01267 1.19765 1 

0.598959 0.0501895 -0.799206 0 
-0.551522 0.749446 -0.36627 0 
0.580579 0.66016 0.476568 0 
10.4863 3.32015 -0.335666 1 

0.598959 0.0501895 -0.799206 0 
-0.551522 0.749446 -0.36627 0 
0.580579 0.66016 0.476568 0 
10.4863 3.32015 -0.335666 1 

1 0 6.61744e-024 0 
0 1 1.00553e-032 0 
0 1.00553e-032 1 0 
-7.94093e-023 -1.90735e-006 -5.96046e-008 1 

0.943661 -0.0746012 -0.322395 0 
-0.0690516 0.908418 -0.412321 0 
0.323629 0.411353 0.852087 0 
0.869497 1.15964 5.94122 1 

0.972792 -0.0739706 -0.219556 0 
0.14762 0.928286 0.341313 0 
0.178563 -0.364437 0.913948 0 
-0.604809 1.42981 0.512097 1 

0.972792 -0.0739706 -0.219556 0 
0.14762 0.928286 0.341313 0 
0.178564 -0.364437 0.913948 0 
-0.604809 1.42982 0.512097 1 

0.951927 0.119864 0.2819 0 
0.0699514 0.81089 -0.581004 0 
-0.298231 0.572792 0.763523 0 
-0.876723 2.43995 8.09287 1 

0.979851 0.100548 0.172576 0 
-0.130853 0.975954 0.174334 0 
-0.150897 -0.193403 0.969446 0 
0.422438 2.02274 2.43923 1 

0.979851 0.100548 0.172576 0 
-0.130853 0.975954 0.174334 0 
-0.150897 -0.193403 0.969446 0 
0.422437 2.02274 2.43923 1 

1.20833
1 0 0 0 
0 1 2.87215e-033 0 
0 2.87215e-033 1 0 
-5.29396e-023 -1.90735e-006 -8.9407e-008 1 

1 -6.61744e-024 -6.61744e-024 0 
-6.61744e-024 1 -3.72529e-009 0 
6.61744e-024 3.72529e-009 1 0 
0 -1.90735e-006 -1.19209e-007 1 

1 -6.61744e-024 -3.30872e-024 0 
-3.30872e-024 1 -1.80146e-033 0 
6.61744e-024 -1.80146e-033 1 0 
0 -3.8147e-006 8.34465e-007 1 

1 -3.30872e-024 0 0 
-3.30872e-024 1 -1.99789e-033 0 
6.61744e-024 -1.99789e-033 1 0 
-4.54747e-013 -1.90735e-006 -9.53674e-007 1 

0.29833 -0.374469 0.877936 0 
-0.398477 0.786962 0.471071 0 
-0.867304 -0.490372 0.0855573 0 
9.14176 4.87346 -11.8251 1 

-0.519296 -0.491046 0.699432 0 
0.128489 0.764272 0.631965 0 
-0.84488 0.418046 -0.333789 0 
5.92528 7.40447 -13.9285 1 

-0.519296 -0.491046 0.699432 0 
0.128489 0.764272 0.631965 0 
-0.84488 0.418046 -0.333789 0 
5.92528 7.40447 -13.9285 1 

0.677673 0.668711 0.305916 0 
-0.687338 0.723877 -0.0597373 0 
-0.261393 -0.169785 0.950182 0 
12.4957 7.00747 1.91753 1 

0.74153 0.250761 -0.622296 0 
-0.541037 0.771997 -0.333617 0 
0.396753 0.584072 0.708129 0 
11.3488 4.39516 -0.0529134 1 

0.74153 0.250761 -0.622296 0 
-0.541037 0.771996 -0.333617 0 
0.396753 0.584072 0.708129 0 
11.3488 4.39516 -0.0529125 1 

1 0 6.61744e-024 0 
0 1 1.00553e-032 0 
0 1.00553e-032 1 0 
-7.94093e-023 -1.90735e-006 -5.96046e-008 1 

0.931088 -0.0387418 -0.362731 0 
-0.051235 0.970601 -0.23518 0 
0.361178 0.237558 0.90173 0 
0.645688 0.357902 3.69412 1 

0.961028 -0.0539179 -0.271142 0 
0.181752 0.862259 0.472733 0 
0.208306 -0.50359 0.838454 0 
-0.938835 1.52491 -1.33282 1 

0.961028 -0.0539179 -0.271142 0 
0.181752 0.862258 0.472733 0 
0.208306 -0.50359 0.838454 0 
-0.938836 1.52491 -1.33282 1 

0.959762 0.13331 0.247154 0 
0.0536498 0.776874 -0.627366 0 
-0.275641 0.615382 0.738463 0 
-0.660637 2.88766 8.64488 1 

0.970966 0.114543 0.210013 0 
-0.0802777 0.983022 -0.164995 0 
-0.225346 0.143345 0.963676 0 
0.240322 1.89214 5.13893 1 

0.970966 0.114543 0.210013 0 
-0.0802777 0.983022 -0.164995 0 
-0.225346 0.143345 0.963676 0 
0.240322 1.89214 5.13893 1 

1.25
1 0 0 0 
0 1 2.87215e-033 0 
0 2.87215e-033 1 0 
-5.29396e-023 -1.90735e-006 -8.9407e-008 1 

1 -6.61744e-024 -6.61744e-024 0 
-6.61744e-024 1 -3.72529e-009 0 
6.61744e-024 3.72529e-009 1 0 
0 -1.90735e-006 -1.19209e-007 1 

1 -6.61744e-024 -3.30872e-024 0 
-3.30872e-024 1 -1.80146e-033 0 
6.61744e-024 -1.80146e-033 1 0 
0 -3.8147e-006 8.34465e-007 1 

1 -3.30872e-024 0 0 
-3.30872e-024 1 -1.99789e-033 0 
6.61744e-024 -1.99789e-033 1 0 
-4.54747e-013 -1.90735e-006 -9.53674e-007 1 

0.253911 -0.340077 0.90547 0 
-0.328335 0.850257 0.411411 0 
-0.909794 -0.401759 0.104231 0 
7.8577 3.58927 -10.7157 1 

-0.459871 -0.432275 0.775665 0 
0.0926448 0.845388 0.526058 0 
-0.88314 0.31378 -0.348721 0 
5.75444 5.35432 -12.4076 1 

-0.459871 -0.432275 0.775666 0 
0.0926448 0.845388 0.526058 0 
-0.88314 0.31378 -0.348721 0 
5.75444 5.35432 -12.4076 1 

0.657263 0.665185 0.354308 0 
-0.692998 0.718199 -0.0628081 0 
-0.296243 -0.204253 0.933017 0 
12.5381 7.09304 2.09172 1 

0.778504 0.350519 -0.520641 0 
-0.556362 0.769346 -0.313958 0 
0.290505 0.534082 0.793954 0 
11.8538 5.12384 0.246786 1 

0.778504 0.350519 -0.520641 0 
-0.556362 0.769346 -0.313958 0 
0.290505 0.534082 0.793954 0 
11.8538 5.12384 0.246786 1 

1 0 6.61744e-024 0 
0 1 1.00553e-032 0 
0 1.00553e-032 1 0 
-7.94093e-023 -1.90735e-006 -5.96046e-008 1 

0.926772 -0.0175289 -0.375215 0 
-0.0392838 0.98891 -0.143229 0 
0.373565 0.14748 0.915805 0 
0.493403 0.118406 2.51784 1 

0.954851 -0.0365916 -0.294824 0 
0.191648 0.834155 0.517163 0 
0.227005 -0.550315 0.803506 0 
-1.07693 1.5906 -2.13465 1 

0.954851 -0.0365916 -0.294824 0 
0.191648 0.834155 0.517163 0 
0.227005 -0.550315 0.803506 0 
-1.07693 1.5906 -2.13465 1 

0.954652 0.138849 0.263363 0 
0.0458371 0.805498 -0.590823 0 
-0.294174 0.576102 0.762606 0 
-0.56105 2.54048 8.18939 1 

0.957663 0.131973 0.255862 0 
-0.0377781 0.938662 -0.342762 0 
-0.285403 0.318585 0.903907 0 
0.0168366 1.85957 6.31049 1 

0.957663 0.131973 0.255862 0 
-0.0377781 0.938662 -0.342762 0 
-0.285403 0.318585 0.903908 0 
0.0168364 1.85957 6.31049 1 

1.29167
1 0 0 0 
0 1 2.87215e-033 0 
0 2.87215e-033 1 0 
-5.29396e-023 -1.90735e-006 -8.9407e-008 1 

1 -6.61744e-024 -6.61744e-024 0 
-6.61744e-024 1 -3.72529e-009 0 
6.61744e-024 3.72529e-009 1 0 
0 -1.90735e-006 -1.19209e-007 1 

1 -6.61744e-024 -3.30872e-024 0 
-3.30872e-024 1 -1.80146e-033 0 
6.61744e-024 -1.80146e-033 1 0 
0 -3.8147e-006 8.34465e-007 1 

1 -3.30872e-024 0 0 
-3.30872e-024 1 -1.99789e-033 0 
6.61744e-024 -1.99789e-033 1 0 
-4.54747e-013 -1.90735e-006 -9.53674e-007 1 

0.298407 -0.374486 0.877903 0 
-0.398536 0.786895 0.471132 0 
-0.86725 -0.490465 0.0855691 0 
9.14275 4.87477 -11.8262 1 

-0.519365 -0.491078 0.699359 0 
0.128588 0.764163 0.632076 0 
-0.844823 0.418208 -0.333732 0 
5.92454 7.40698 -13.9301 1 

-0.519365 -0.491078 0.699359 0 
0.128588 0.764163 0.632076 0 
-0.844823 0.418208 -0.333732 0 
5.92454 7.40699 -13.9301 1 

0.678681 0.666249 0.309039 0 
-0.685428 0.725722 -0.0592978 0 
-0.263784 -0.17158 0.949199 0 
12.4598 6.96431 1.91637 1 

0.741784 0.245128 -0.624234 0 
-0.536972 0.774723 -0.333867 0 
0.401769 0.582853 0.706303 0 
11.2806 4.31505 -0.0784183 1 

0.741784 0.245128 -0.624234 0 
-0.536972 0.774723 -0.333867 0 
0.401769 0.582853 0.706303 0 
11.2806 4.31506 -0.0784194 1 

1 0 6.61744e-024 0 
0 1 1.00553e-032 0 
0 1.00553e-032 1 0 
-7.94093e-023 -1.90735e-006 -5.96046e-008 1 

0.930969 -0.0386451 -0.363046 0 
-0.0508201 0.970985 -0.233677 0 
0.361543 0.235997 0.901994 0 
0.640373 0.353333 3.67507 1 

0.960733 -0.0536347 -0.272243 0 
0.18176 0.862983 0.471406 0 
0.209657 -0.502378 0.838844 0 
-0.94154 1.5162 -1.33097 1 

0.960733 -0.0536346 -0.272243 0 
0.18176 0.862983 0.471406 0 
0.209657 -0.502378 0.838844 0 
-0.94154 1.5162 -1.33097 1 

0.959762 0.13331 0.247154 0 
0.0536498 0.776874 -0.627366 0 
-0.275641 0.615382 0.738463 0 
-0.660637 2.88766 8.64488 1 

0.970966 0.114543 0.210013 0 
-0.0802777 0.983022 -0.164995 0 
-0.225346 0.143345 0.963676 0 
0.240322 1.89214 5.13893 1 

0.970966 0.114543 0.210013 0 
-0.0802777 0.983022 -0.164995 0 
-0.225346 0.143345 0.963676 0 
0.240322 1.89214 5.13893 1 

1.33333
1 0 0 0 
0 1 2.87215e-033 0 
0 2.87215e-033 1 0 
-5.29396e-023 -1.90735e-006 -8.9407e-008 1 

1 -6.61744e-024 -6.61744e-024 0 
-6.61744e-024 1 -3.72529e-009 0 
6.61744e-024 3.72529e-009 1 0 
0 -1.90735e-006 -1.19209e-007 1 

1 -6.61744e-024 -3.30872e-024 0 
-3.30872e-024 1 -1.80146e-033 0 
6.61744e-024 -1.80146e-033 1 0 
0 -3.8147e-006 8.34465e-007 1 

1 -3.30872e-024 0 0 
-3.30872e-024 1 -1.99789e-033 0 
6.61744e-024 -1.99789e-033 1 0 
-4.54747e-013 -1.90735e-006 -9.53674e-007 1 

0.376595 -0.458162 0.805149 0 
-0.510195 0.622869 0.593073 0 
-0.773225 -0.634131 0.000817776 0 
11.1805 8.22901 -14.0746 1 

-0.580405 -0.602503 0.547832 0 
0.207777 0.540905 0.815015 0 
-0.787375 0.586866 -0.188757 0 
5.55981 12.4541 -16.3564 1 

-0.580405 -0.602503 0.547832 0 
0.207777 0.540905 0.815015 0 
-0.787375 0.586866 -0.188757 0 
5.55981 12.4541 -16.3564 1 

0.722435 0.678489 0.133195 0 
-0.679329 0.732383 -0.0461227 0 
-0.128843 -0.0571624 0.990016 0 
12.5158 6.91983 1.23366 1 

0.595839 0.0336081 -0.8024 0 
-0.541097 0.755105 -0.370176 0 
0.593455 0.654742 0.468106 0 
10.2822 3.11141 -0.325637 1 

0.595839 0.0336081 -0.8024 0 
-0.541097 0.755105 -0.370176 0 
0.593455 0.654742 0.468106 0 
10.2822 3.11141 -0.325637 1 

1 0 6.61744e-024 0 
0 1 1.00553e-032 0 
0 1.00553e-032 1 0 
-7.94093e-023 -1.90735e-006 -5.96046e-008 1 

0.943213 -0.0748127 -0.323655 0 
-0.0678167 0.910424 -0.408079 0 
0.325193 0.406855 0.85365 0 
0.85366 1.13565 5.88776 1 

0.971925 -0.0740328 -0.22334 0 
0.148269 0.929741 0.337044 0 
0.182696 -0.360696 0.914615 0 
-0.61721 1.40504 0.522463 1 

0.971925 -0.0740328 -0.22334 0 
0.148269 0.929741 0.337044 0 
0.182696 -0.360696 0.914615 0 
-0.617211 1.40504 0.522464 1 

0.951927 0.119864 0.2819 0 
0.0699514 0.81089 -0.581004 0 
-0.298231 0.572792 0.763523 0 
-0.876723 2.43995 8.09287 1 

0.979851 0.100548 0.172576 0 
-0.130853 0.975954 0.174334 0 
-0.150897 -0.193403 0.969446 0 
0.422438 2.02274 2.43923 1 

0.979851 0.100548 0.172576 0 
-0.130853 0.975954 0.174334 0 
-0.150897 -0.193403 0.969446 0 
0.422437 2.02274 2.43923 1 

1.375
1 0 0 0 
0 1 2.87215e-033 0 
0 2.87215e-033 1 0 
-5.29396e-023 -1.90735e-006 -8.9407e-008 1 

1 -6.61744e-024 -6.61744e-024 0 
-6.61744e-024 1 -3.72529e-009 0 
6.61744e-024 3.72529e-009 1 0 
0 -1.90735e-006 -1.19209e-007 1 

1 -6.61744e-024 -3.30872e-024 0 
-3.30872e-024 1 -1.80146e-033 0 
6.61744e-024 -1.80146e-033 1 0 
0 -3.8147e-006 8.34465e-007 1 

1 -3.30872e-024 0 0 
-3.30872e-024 1 -1.99789e-033 0 
6.61744e-024 -1.99789e-033 1 0 
-4.54747e-013 -1.90735e-006 -9.53674e-007 1 

0.373109 -0.573728 0.729127 0 
-0.626195 0.424158 0.654194 0 
-0.684594 -0.700661 -0.201009 0 
13.503 12.3774 -15.1775 1 

-0.582581 -0.735298 0.346318 0 
0.142354 0.327197 0.934172 0 
-0.80021 0.59353 -0.0859462 0 
6.83254 17.0995 -17.1309 1 

-0.582581 -0.735298 0.346318 0 
0.142354 0.327197 0.934172 0 
-0.800209 0.59353 -0.0859462 0 
6.83254 17.0995 -17.1309 1 

0.754768 0.637531 -0.154528 0 
-0.644414 0.764644 0.00712493 0 
0.122701 0.094202 0.987963 0 
12.0355 6.25808 -0.535829 1 

0.376859 -0.121423 -0.918278 0 
-0.592012 0.730884 -0.339604 0 
0.71239 0.671614 0.203557 0 
9.37304 2.45278 -0.896284 1 

0.376859 -0.121423 -0.918278 0 
-0.592012 0.730884 -0.339604 0 
0.71239 0.671614 0.203557 0 
9.37304 2.45278 -0.896284 1 

1 0 6.61744e-024 0 
0 1 1.00553e-032 0 
0 1.00553e-032 1 0 
-7.94093e-023 -1.90735e-006 -5.96046e-008 1 

0.956649 -0.0988789 -0.273944 0 
-0.0690119 0.836854 -0.543058 0 
0.282948 0.538421 0.793752 0 
0.862293 2.0809 7.57636 1 

0.977802 -0.0809886 -0.193249 0 
0.106911 0.986032 0.127715 0 
0.180206 -0.14554 0.972802 0 
-0.338258 1.37743 2.69799 1 

0.977802 -0.0809886 -0.193249 0 
0.106911 0.986032 0.127715 0 
0.180206 -0.14554 0.972802 0 
-0.338258 1.37743 2.69799 1 

0.930468 0.0859472 0.356149 0 
0.0669774 0.915809 -0.39599 0 
-0.360199 0.39231 0.846374 0 
-0.85117 1.08994 5.78831 1 

0.972841 0.106657 0.205439 0 
-0.195156 0.855197 0.480158 0 
-0.124478 -0.50721 0.852785 0 
0.812163 2.44691 -0.580727 1 

0.972841 0.106657 0.205439 0 
-0.195156 0.855197 0.480159 0 
-0.124478 -0.507211 0.852785 0 
0.812164 2.44691 -0.580728 1 

1.41667
1 0 0 0 
0 1 2.87215e-033 0 
0 2.87215e-033 1 0 
-5.29396e-023 -1.90735e-006 -8.9407e-008 1 

1 -6.61744e-024 -6.61744e-024 0 
-6.61744e-024 1 -3.72529e-009 0 
6.61744e-024 3.72529e-009 1 0 
0 -1.90735e-006 -1.19209e-007 1 

1 -6.61744e-024 -3.30872e-024 0 
-3.30872e-024 1 -1.80146e-033 0 
6.61744e-024 -1.80146e-033 1 0 
0 -3.8147e-006 8.34465e-007 1 

1 -3.30872e-024 0 0 
-3.30872e-024 1 -1.99789e-033 0 
6.61744e-024 -1.99789e-033 1 0 
-4.54747e-013 -1.90735e-006 -9.53674e-007 1 

0.251104 -0.682585 0.686312 0 
-0.759416 0.300719 0.576936 0 
-0.600196 -0.666067 -0.442854 0 
16.4541 15.0813 -13.6699 1 

-0.525645 -0.840678 0.130222 0 
-0.164312 0.250523 0.954065 0 
-0.834685 0.480102 -0.26982 0 
11.3644 18.7409 -15.9729 1 

-0.525645 -0.840678 0.130221 0 
-0.164312 0.250523 0.954065 0 
-0.834685 0.480103 -0.26982 0 
11.3644 18.741 -15.9729 1 

0.745606 0.523221 -0.412689 0 
-0.55278 0.831479 0.0554685 0 
0.372164 0.186769 0.909182 0 
10.3405 4.70682 -2.17143 1 

0.211001 -0.144873 -0.96669 0 
-0.604221 0.758057 -0.245491 0 
0.768372 0.635894 0.0724157 0 
8.13696 2.04495 -1.96445 1 

0.211001 -0.144873 -0.96669 0 
-0.604221 0.758057 -0.245491 0 
0.768372 0.635894 0.0724157 0 
8.13696 2.04495 -1.96445 1 

1 0 6.61744e-024 0 
0 1 1.00553e-032 0 
0 1.00553e-032 1 0 
-7.94093e-023 -1.90735e-006 -5.96046e-008 1 

0.962369 -0.110219 -0.248392 0 
-0.0596017 0.806187 -0.588652 0 
0.265131 0.581305 0.769279 0 
0.737322 2.48157 8.13362 1 

0.974414 -0.0915961 -0.205251 0 
0.0746519 0.993244 -0.0888446 0 
0.212002 0.0712491 0.974669 0 
-0.184941 1.42306 4.49074 1 

0.974414 -0.0915961 -0.205251 0 
0.0746518 0.993244 -0.0888447 0 
0.212002 0.0712491 0.974669 0 
-0.18494 1.42306 4.49074 1 

0.914689 0.0323572 0.40286 0 
0.0337775 0.987182 -0.15598 0 
-0.402744 0.156281 0.901872 0 
-0.431465 0.162416 2.73473 1 

0.958683 0.0851943 0.271422 0 
-0.247463 0.720366 0.647947 0 
-0.140322 -0.688342 0.711685 0 
1.34095 2.95598 -2.90113 1 

0.958682 0.0851942 0.271422 0 
-0.247463 0.720366 0.647947 0 
-0.140322 -0.688342 0.711685 0 
1.34095 2.95598 -2.90113 1 

1.45833
1 0 0 0 
0 1 2.87215e-033 0 
0 2.87215e-033 1 0 
-5.29396e-023 -1.90735e-006 -8.9407e-008 1 

1 -6.61744e-024 -6.61744e-024 0 
-6.61744e-024 1 -3.72529e-009 0 
6.61744e-024 3.72529e-009 1 0 
0 -1.90735e-006 -1.19209e-007 1 

1 -6.61744e-024 -3.30872e-024 0 
-3.30872e-024 1 -1.80146e-033 0 
6.61744e-024 -1.80146e-033 1 0 
0 -3.8147e-006 8.34465e-007 1 

1 -3.30872e-024 0 0 
-3.30872e-024 1 -1.99789e-033 0 
6.61744e-024 -1.99789e-033 1 0 
-4.54747e-013 -1.90735e-006 -9.53674e-007 1 

0.176537 -0.718805 0.672424 0 
-0.81623 0.274887 0.508139 0 
-0.550094 -0.638558 -0.538183 0 
17.7749 15.6898 -12.3317 1 

-0.474875 -0.877478 0.0672785 0 
-0.340894 0.253887 0.90517 0 
-0.811348 0.406908 -0.419692 0 
13.8398 18.6953 -14.6965 1 

-0.474875 -0.877478 0.0672785 0 
-0.340895 0.253887 0.90517 0 
-0.811348 0.406908 -0.419692 0 
13.8398 18.6953 -14.6965 1 

0.725958 0.451761 -0.518552 0 
-0.493858 0.867177 0.0640952 0 
0.478633 0.209561 0.85264 0 
9.18997 3.83919 -2.63485 1 

0.161899 -0.125145 -0.97884 0 
-0.584401 0.787116 -0.197292 0 
0.79515 0.603976 0.0542983 0 
7.35497 1.84785 -2.41987 1 

0.161899 -0.125145 -0.97884 0 
-0.584401 0.787116 -0.197292 0 
0.795151 0.603976 0.0542983 0 
7.35497 1.84785 -2.41987 1 

1 0 6.61744e-024 0 
0 1 1.00553e-032 0 
0 1.00553e-032 1 0 
-7.94093e-023 -1.90735e-006 -5.96046e-008 1 

0.961679 -0.113636 -0.249521 0 
-0.0549272 0.81177 -0.581388 0 
0.26862 0.572814 0.77442 0 
0.676586 2.41807 8.03945 1 

0.969201 -0.100001 -0.225055 0 
0.05614 0.9795 -0.193465 0 
0.239788 0.174871 0.954946 0 
-0.0900459 1.44305 5.21685 1 

0.969201 -0.100001 -0.225055 0 
0.05614 0.9795 -0.193465 0 
0.239788 0.174871 0.954946 0 
-0.0900458 1.44305 5.21685 1 

0.911079 0.00291105 0.412222 0 
0.0127624 0.999297 -0.0352639 0 
-0.412034 0.0373891 0.910401 0 
-0.161644 0.000113487 1.18237 1 

0.951782 0.0605263 0.300744 0 
-0.262505 0.667993 0.69633 0 
-0.158748 -0.741702 0.651673 0 
1.57243 3.18513 -3.84617 1 

0.951783 0.0605262 0.300744 0 
-0.262505 0.667993 0.696331 0 
-0.158748 -0.741702 0.651672 0 
1.57243 3.18513 -3.84617 1 

