1
BAKED_SKELETAL

19

CLIPNAME#idle
2

1.20833
0.987606 0 0.156952 0 
0 1 0 0 
-0.156952 0 0.987606 0 
0 -1.47 0 1 

0.987606 0 0.156952 0 
0 1 0 0 
-0.156952 0 0.987606 0 
0 -1.47 0 1 

0.987606 0 0.156952 0 
0 1 0 0 
-0.156952 0 0.987606 0 
1.86265e-009 -1.47 -1.49012e-008 1 

0.987606 0 0.156952 0 
0 1 0 0 
-0.156952 0 0.987606 0 
3.72529e-009 -1.47 0 1 

0.987606 0 0.156952 0 
0 1 0 0 
-0.156952 0 0.987606 0 
2.33876e-009 -1.47 -1.47165e-008 1 

0.230735 -0.972158 0.0408598 0 
0.885748 0.227237 0.40474 0 
-0.402757 -0.0571962 0.913518 0 
-15.2108 15.926 -7.53117 1 

-0.0271098 -0.845156 0.533831 0 
0.885748 0.227237 0.40474 0 
-0.463375 0.483812 0.742435 0 
-13.3574 15.4489 -11.3193 1 

-0.0271098 -0.845156 0.533831 0 
0.885748 0.227237 0.40474 0 
-0.463375 0.483812 0.742435 0 
-13.3574 15.4489 -11.3193 1 

0.173888 0.984413 0.0263458 0 
-0.967368 0.165748 0.191645 0 
0.184291 -0.0588108 0.981111 0 
16.8028 17.3921 -4.08533 1 

0.123437 0.96882 -0.214829 0 
-0.967368 0.165748 0.191645 0 
0.221277 0.184162 0.957664 0 
16.4535 17.4313 -5.88238 1 

0.123437 0.96882 -0.214829 0 
-0.967368 0.165748 0.191645 0 
0.221277 0.184162 0.957664 0 
16.4535 17.4313 -5.88238 1 

0.999983 0.0057165 -0.000994429 0 
-0.00486822 0.919834 0.392277 0 
0.00315715 -0.392266 0.919846 0 
0.0240557 -0.424418 -4.69026 1 

0.999983 0.0057165 -0.000994429 0 
-0.00181082 0.470285 0.882512 0 
0.00551254 -0.882496 0.470288 0 
0.00432134 2.50142 -7.71585 1 

0.999983 0.0057165 -0.000994429 0 
-0.00181082 0.470285 0.882512 0 
0.00551254 -0.882496 0.470288 0 
0.00432134 2.50142 -7.71585 1 

0.999983 0.0057165 -0.000994429 0 
-0.00181082 0.470285 0.882512 0 
0.00551254 -0.882496 0.470288 0 
0.00432134 2.50142 -7.71585 1 

1 -0.000273093 0.000240803 0 
0.000363857 0.774162 -0.632988 0 
-1.35601e-005 0.632988 0.774162 0 
-0.000858545 1.32437 7.7863 1 

1 -0.000273093 0.000240803 0 
0.000315132 0.980465 -0.196693 0 
-0.000182393 0.196693 0.980465 0 
-0.000522017 0.0925608 4.99192 1 

1 -0.000275053 0.000238503 0 
0.000340173 0.939366 -0.342916 0 
-0.00012973 0.342916 0.939366 0 
-0.000543952 0.196102 5.19754 1 

1 -0.000275053 0.000238503 0 
0.000340173 0.939366 -0.342916 0 
-0.00012973 0.342916 0.939366 0 
-0.000543952 0.196102 5.19754 1 

1.25
1 0 0 0 
0 1 0 0 
0 0 1 0 
0 0 0 1 

1 0 0 0 
0 1 0 0 
0 0 1 0 
0 0 0 1 

1 0 0 0 
0 1 0 0 
0 0 1 0 
0 0 -1.49012e-008 1 

1 0 0 0 
0 1 0 0 
0 0 1 0 
0 -1.90735e-006 -2.98023e-008 1 

1 0 0 0 
0 1 0 0 
0 0 1 0 
0 0 -1.49012e-008 1 

0.245119 -0.969483 -0.00439269 0 
0.920533 0.231316 0.314819 0 
-0.304196 -0.0812117 0.949142 0 
-15.9085 17.3014 -6.07788 1 

0.0398079 -0.857202 0.513439 0 
0.920533 0.231316 0.314819 0 
-0.38863 0.460105 0.798292 0 
-14.4636 16.9333 -10.0324 1 

0.0398079 -0.857202 0.513439 0 
0.920533 0.231316 0.314819 0 
-0.38863 0.460105 0.798292 0 
-14.4636 16.9333 -10.0324 1 

0.16779 0.984983 -0.0406839 0 
-0.932664 0.171976 0.317116 0 
0.31935 -0.0152645 0.947514 0 
16.0722 18.7513 -6.30626 1 

0.100121 0.967919 -0.230451 0 
-0.932664 0.171976 0.317116 0 
0.346575 0.183184 0.919962 0 
15.5894 18.7513 -7.72605 1 

0.100121 0.967919 -0.230451 0 
-0.932664 0.171976 0.317116 0 
0.346575 0.183184 0.919962 0 
15.5894 18.7513 -7.72605 1 

1 0 0 0 
0 1 0 0 
0 0 1 0 
0 0 0 1 

1 0 0 0 
0 1 0 0 
0 0 1 0 
0 4.76837e-007 0 1 

1 0 0 0 
0 1 0 0 
0 0 1 0 
0 4.76837e-007 0 1 

1 0 0 0 
0 1 0 0 
0 0 1 0 
0 4.76837e-007 0 1 

1 -5.23096e-010 1.4892e-008 0 
5.23096e-010 1 0 0 
-1.4892e-008 7.78994e-018 1 0 
0 0 2.23517e-008 1 

1 -5.23096e-010 1.4892e-008 0 
5.23096e-010 1 9.99201e-016 0 
-1.4892e-008 -9.91411e-016 1 0 
0 4.76837e-007 2.98023e-008 1 

1 -5.23096e-010 1.4892e-008 0 
5.23096e-010 1 9.99201e-016 0 
-1.4892e-008 -9.91411e-016 1 0 
0 4.76837e-007 2.98023e-008 1 

1 -5.23096e-010 1.4892e-008 0 
5.23096e-010 1 9.99201e-016 0 
-1.4892e-008 -9.91411e-016 1 0 
0 4.76837e-007 0 1 

CLIPNAME#walking
23

0.0416667
1 0 0 0 
0 1 0 0 
0 0 1 0 
0 0 0 1 

1 0 0 0 
0 1 0 0 
0 0 1 0 
0 0 0 1 

1 0 0 0 
0 1 0 0 
0 0 1 0 
0 0 -1.49012e-008 1 

1 0 0 0 
0 1 0 0 
0 0 1 0 
0 -1.90735e-006 -2.98023e-008 1 

1 0 0 0 
0 1 0 0 
0 0 1 0 
0 0 -1.49012e-008 1 

1 2.01944e-010 -7.24651e-019 0 
-2.01944e-010 1 -7.17675e-009 0 
-7.24651e-019 7.17675e-009 1 0 
0 0 1.49012e-007 1 

1 2.01944e-010 -7.24651e-019 0 
-2.01944e-010 1 -7.17675e-009 0 
-7.24651e-019 7.17675e-009 1 0 
0 0 1.78814e-007 1 

1 2.01944e-010 -7.24651e-019 0 
-2.01944e-010 1 -7.17675e-009 0 
-7.24651e-019 7.17675e-009 1 0 
0 0 1.19209e-007 1 

1 0 0 0 
0 1 0 0 
0 0 1 0 
0 0 1.49012e-008 1 

1 0 -1.66898e-015 0 
0 1 0 0 
1.66898e-015 0 1 0 
0 0 0 1 

1 0 -1.66898e-015 0 
0 1 0 0 
1.66898e-015 0 1 0 
9.53674e-007 0 0 1 

1 0 0 0 
0 1 0 0 
0 0 1 0 
0 0 0 1 

1 0 0 0 
0 1 0 0 
0 0 1 0 
0 4.76837e-007 0 1 

1 0 0 0 
0 1 0 0 
0 0 1 0 
0 4.76837e-007 0 1 

1 0 0 0 
0 1 0 0 
0 0 1 0 
0 4.76837e-007 0 1 

1 -5.23096e-010 1.4892e-008 0 
5.23096e-010 1 3.89497e-018 0 
-1.4892e-008 3.89497e-018 1 0 
0 0 2.23517e-008 1 

1 -5.23096e-010 1.4892e-008 0 
5.23096e-010 1 1.01542e-015 0 
-1.4892e-008 -1.00763e-015 1 0 
0 4.76837e-007 2.98023e-008 1 

1 -5.23096e-010 1.4892e-008 0 
5.23096e-010 1 1.01542e-015 0 
-1.4892e-008 -1.00763e-015 1 0 
0 4.76837e-007 2.98023e-008 1 

1 -5.23096e-010 1.4892e-008 0 
5.23096e-010 1 1.01542e-015 0 
-1.4892e-008 -1.00763e-015 1 0 
0 4.76837e-007 0 1 

0.0833333
0.987608 0 0.156943 0 
0 1 0 0 
-0.156943 0 0.987608 0 
0 -1.46968 0 1 

0.987608 0 0.156943 0 
0 1 0 0 
-0.156943 0 0.987608 0 
0 -1.46968 0 1 

0.987608 0 0.156943 0 
0 1 0 0 
-0.156943 0 0.987608 0 
1.86265e-009 -1.46968 -1.49012e-008 1 

0.987608 0 0.156943 0 
0 1 0 0 
-0.156943 0 0.987608 0 
3.72529e-009 -1.46968 0 1 

0.987608 0 0.156943 0 
0 1 0 0 
-0.156943 0 0.987608 0 
2.33864e-009 -1.46968 -1.47165e-008 1 

0.188535 -0.918006 0.348884 0 
0.858815 0.326427 0.394818 0 
-0.476331 0.22519 0.84994 0 
-14.6098 13.9792 -8.16123 1 

-0.0282226 -0.739381 0.672695 0 
0.858815 0.326427 0.394818 0 
-0.511507 0.588864 0.625779 0 
-13.0383 12.9694 -10.7448 1 

-0.0282226 -0.739381 0.672695 0 
0.858815 0.326427 0.394818 0 
-0.511507 0.588864 0.625779 0 
-13.0383 12.9694 -10.7448 1 

0.0917912 0.919924 0.381201 0 
-0.980029 0.0156412 0.19824 0 
0.176403 -0.391784 0.902988 0 
16.8316 20.0808 -3.29482 1 

0.0543436 0.98002 0.191332 0 
-0.980029 0.0156412 0.19824 0 
0.191287 -0.198284 0.961298 0 
16.5644 20.6478 -4.66079 1 

0.0543436 0.98002 0.191332 0 
-0.980029 0.0156412 0.19824 0 
0.191287 -0.198284 0.961298 0 
16.5644 20.6478 -4.66079 1 

0.999983 0.00571579 -0.000994265 0 
-0.00486733 0.919797 0.392365 0 
0.00315721 -0.392353 0.919809 0 
0.0240477 -0.423614 -4.69138 1 

0.999983 0.00571579 -0.000994265 0 
-0.00181123 0.470383 0.882461 0 
0.00551166 -0.882444 0.470385 0 
0.00432134 2.50135 -7.71611 1 

0.999983 0.00571579 -0.000994265 0 
-0.00181123 0.470383 0.882461 0 
0.00551166 -0.882444 0.470385 0 
0.00432134 2.50135 -7.71611 1 

0.999983 0.00571579 -0.000994265 0 
-0.00181123 0.470383 0.882461 0 
0.00551166 -0.882444 0.470385 0 
0.00432134 2.50135 -7.71611 1 

1 -0.000275399 0.000239566 0 
0.000364847 0.774038 -0.633139 0 
-1.1079e-005 0.63314 0.774038 0 
-0.000872374 1.32624 7.78825 1 

1 -0.000275399 0.000239566 0 
0.000313945 0.983736 -0.179621 0 
-0.000186212 0.179621 0.983736 0 
-0.000520945 0.0758514 4.88435 1 

1 -0.000260877 0.00026074 0 
0.000317832 0.968167 -0.250307 0 
-0.000187151 0.250307 0.968167 0 
-0.000527024 0.119534 4.98503 1 

1 -0.000260877 0.00026074 0 
0.000317832 0.968167 -0.250307 0 
-0.000187151 0.250307 0.968167 0 
-0.000527024 0.119534 4.98503 1 

0.125
0.991389 0 0.130952 0 
0 1 0 0 
-0.130952 0 0.991389 0 
0 -1.13894 0 1 

0.991389 0 0.130952 0 
0 1 0 0 
-0.130952 0 0.991389 0 
0 -1.13894 0 1 

0.991389 0 0.130952 0 
0 1 0 0 
-0.130952 0 0.991389 0 
1.86265e-009 -1.13894 -1.49012e-008 1 

0.991389 0 0.130952 0 
0 1 0 0 
-0.130952 0 0.991389 0 
3.72529e-009 -1.13894 0 1 

0.991389 0 0.130952 0 
0 1 0 0 
-0.130952 0 0.991389 0 
1.95133e-009 -1.13894 -1.47728e-008 1 

0.202605 -0.934077 0.294027 0 
0.865748 0.311172 0.391984 0 
-0.457636 0.175136 0.87172 0 
-14.7728 14.6269 -8.02511 1 

-0.0185203 -0.762762 0.646414 0 
0.865748 0.311172 0.391984 0 
-0.500137 0.566892 0.654597 0 
-13.1753 13.6952 -10.8138 1 

-0.0185203 -0.762762 0.646414 0 
0.865748 0.311172 0.391984 0 
-0.500137 0.566892 0.654597 0 
-13.1753 13.6952 -10.8138 1 

0.108694 0.922424 0.370566 0 
-0.979758 0.036367 0.196856 0 
0.168108 -0.384461 0.907705 0 
16.8537 20.0152 -3.22711 1 

0.0500472 0.996632 0.0649692 0 
-0.979758 0.036367 0.196856 0 
0.19383 -0.0735061 0.978278 0 
16.4367 20.7612 -5.44045 1 

0.0500472 0.996632 0.0649692 0 
-0.979758 0.036367 0.196856 0 
0.19383 -0.0735061 0.978278 0 
16.4367 20.7612 -5.44045 1 

0.999992 0.00382668 -0.000864014 0 
-0.003767 0.998139 0.0608628 0 
0.00109531 -0.060859 0.998146 0 
0.0194427 -1.11567 -0.545964 1 

0.999992 0.00382668 -0.000864014 0 
-0.0012239 0.513568 0.858048 0 
0.00372721 -0.858041 0.513568 0 
0.00291491 2.08318 -5.50731 1 

0.999992 0.00365225 -0.00159939 0 
-0.00219421 0.839038 0.544069 0 
0.00332903 -0.544061 0.839039 0 
0.00424337 1.6903 -4.94455 1 

0.999992 0.00365225 -0.00159939 0 
-0.00219421 0.839038 0.544069 0 
0.00332903 -0.544061 0.839039 0 
0.00424337 1.6903 -4.94455 1 

1 -2.8435e-005 2.09659e-005 0 
3.52934e-005 0.832227 -0.554436 0 
-1.68383e-006 0.554436 0.832226 0 
-8.92878e-005 0.928621 6.82734 1 

1 -2.8435e-005 2.09659e-005 0 
2.94945e-005 0.998636 -0.0522056 0 
-1.9456e-005 0.0522056 0.998636 0 
-4.95911e-005 -0.0397797 3.62257 1 

1 -7.82776e-006 4.78452e-005 0 
1.33278e-005 0.993252 -0.115978 0 
-4.66174e-005 0.115978 0.993252 0 
-3.33786e-005 -0.0132449 3.71593 1 

1 -7.82776e-006 4.78452e-005 0 
1.33278e-005 0.993252 -0.115978 0 
-4.66174e-005 0.115978 0.993252 0 
-3.33786e-005 -0.0132447 3.71593 1 

0.166667
0.994486 0 0.10487 0 
0 1 0 0 
-0.10487 0 0.994486 0 
0 -0.808191 0 1 

0.994486 0 0.10487 0 
0 1 0 0 
-0.10487 0 0.994486 0 
0 -0.808191 0 1 

0.994486 0 0.10487 0 
0 1 0 0 
-0.10487 0 0.994486 0 
1.86265e-009 -0.808191 -1.49012e-008 1 

0.994486 0 0.10487 0 
0 1 0 0 
-0.10487 0 0.994486 0 
0 -0.808193 0 1 

0.994486 0 0.10487 0 
0 1 0 0 
-0.10487 0 0.994486 0 
1.56268e-009 -0.808193 -1.4819e-008 1 

0.211282 -0.946629 0.243422 0 
0.872456 0.294928 0.389664 0 
-0.440659 0.130046 0.888205 0 
-14.92 15.2865 -7.91186 1 

-0.00745556 -0.789234 0.614047 0 
0.872456 0.294928 0.389664 0 
-0.488635 0.538634 0.686374 0 
-13.3448 14.472 -10.8222 1 

-0.00745556 -0.789234 0.614047 0 
0.872456 0.294928 0.389664 0 
-0.488635 0.538634 0.686374 0 
-13.3448 14.472 -10.8222 1 

0.11766 0.934343 0.336392 0 
-0.979526 0.053472 0.194089 0 
0.163358 -0.352341 0.921504 0 
16.8581 20.0504 -3.1922 1 

0.0473811 0.998232 -0.0358928 0 
-0.979526 0.053472 0.194089 0 
0.195665 0.0259618 0.980327 0 
16.3593 20.763 -5.90579 1 

0.0473811 0.998232 -0.0358928 0 
-0.979526 0.053472 0.194089 0 
0.195665 0.0259618 0.980327 0 
16.3593 20.763 -5.90579 1 

0.999997 0.0024103 -0.000713743 0 
-0.00250582 0.978364 -0.206876 0 
0.000199676 0.206877 0.978367 0 
0.0115286 -0.559564 2.80183 1 

0.999997 0.0024103 -0.000713743 0 
-0.00110133 0.675323 0.737522 0 
0.00225966 -0.737519 0.675323 0 
0.00229907 1.51571 -3.12115 1 

0.999997 0.00242645 -0.000620715 0 
-0.00207271 0.940872 0.338756 0 
0.001406 -0.338754 0.940874 0 
0.00349653 1.23623 -2.45104 1 

0.999997 0.00242645 -0.000620715 0 
-0.00207271 0.940872 0.338756 0 
0.001406 -0.338754 0.940874 0 
0.00349653 1.23623 -2.45104 1 

1 0.000161634 -0.000103757 0 
-0.000190821 0.897564 -0.440884 0 
2.18749e-005 0.440884 0.897564 0 
0.000487089 0.443967 5.42465 1 

1 0.000161634 -0.000103757 0 
-0.000158335 0.999519 0.0309995 0 
0.000108724 -0.0309995 0.999519 0 
0.000267386 -0.121817 2.42264 1 

1 0.000188485 -7.05095e-005 0 
-0.000190159 0.999697 -0.0246184 0 
6.58552e-005 0.0246184 0.999697 0 
0.000302196 -0.105911 2.50549 1 

1 0.000188485 -7.05095e-005 0 
-0.000190159 0.999697 -0.0246184 0 
6.58552e-005 0.0246184 0.999697 0 
0.000302196 -0.105911 2.50549 1 

0.208333
0.996897 0 0.0787158 0 
0 1 0 0 
-0.0787158 0 0.996897 0 
0 -0.608935 0 1 

0.996897 0 0.0787158 0 
0 1 0 0 
-0.0787158 0 0.996897 0 
0 -0.608935 0 1 

0.996897 0 0.0787158 0 
0 1 0 0 
-0.0787158 0 0.996897 0 
9.31323e-010 -0.608934 -1.49012e-008 1 

0.996897 0 0.0787158 0 
0 1 0 0 
-0.0787158 0 0.996897 0 
1.86265e-009 -0.608938 0 1 

0.996897 0 0.0787158 0 
0 1 0 0 
-0.0787158 0 0.996897 0 
1.17296e-009 -0.608936 -1.48549e-008 1 

0.216843 -0.963941 0.154265 0 
0.882543 0.261117 0.391071 0 
-0.41725 0.051345 0.90734 0 
-15.1237 16.1531 -7.7696 1 

-0.00225104 -0.829298 0.558801 0 
0.882543 0.261117 0.391071 0 
-0.470227 0.494046 0.731303 0 
-13.5501 15.5357 -10.9085 1 

-0.00225104 -0.829298 0.558801 0 
0.882543 0.261117 0.391071 0 
-0.470227 0.494046 0.731303 0 
-13.5501 15.5357 -10.9085 1 

0.117846 0.951246 0.285033 0 
-0.979495 0.064116 0.190994 0 
0.163407 -0.301696 0.939296 0 
16.8461 20.0973 -3.19501 1 

0.0503873 0.995842 -0.0758937 0 
-0.979495 0.064116 0.190994 0 
0.195066 0.0647138 0.978653 0 
16.3677 20.6597 -5.83705 1 

0.0503873 0.995842 -0.0758937 0 
-0.979495 0.064116 0.190994 0 
0.195066 0.0647138 0.978653 0 
16.3677 20.6597 -5.83705 1 

0.999999 0.00152671 -0.000480048 0 
-0.0015983 0.937329 -0.348443 0 
-8.20085e-005 0.348443 0.93733 0 
0.00686884 0.146305 4.55379 1 

0.999999 0.00152671 -0.000480048 0 
-0.000804193 0.738691 0.674044 0 
0.00138368 -0.674043 0.738691 0 
0.00159979 1.57427 -1.88065 1 

0.999999 0.00161523 2.40039e-005 0 
-0.00152533 0.939244 0.343248 0 
0.000531877 -0.343247 0.939245 0 
0.00242567 1.37166 -1.33122 1 

0.999999 0.00161523 2.40039e-005 0 
-0.00152533 0.939244 0.343248 0 
0.000531877 -0.343247 0.939245 0 
0.00242579 1.37166 -1.33122 1 

1 0.00027579 -0.000153854 0 
-0.000312632 0.933346 -0.358978 0 
4.45843e-005 0.358978 0.933346 0 
0.00084877 0.198707 4.42587 1 

1 0.00027579 -0.000153854 0 
-0.000250021 0.989016 0.147806 0 
0.000192914 -0.147806 0.989016 0 
0.000428081 -0.0684462 1.21086 1 

1 0.000310375 -0.000104619 0 
-0.000308292 0.999813 0.0193521 0 
0.000110592 -0.0193521 0.999813 0 
0.000490904 -0.047207 1.40518 1 

1 0.000310375 -0.000104619 0 
-0.000308292 0.999813 0.0193521 0 
0.000110592 -0.0193521 0.999813 0 
0.000490665 -0.047207 1.40518 1 

0.25
0.998621 0 0.0525074 0 
0 1 0 0 
-0.0525074 0 0.998621 0 
0 -0.409679 0 1 

0.998621 0 0.0525074 0 
0 1 0 0 
-0.0525074 0 0.998621 0 
0 -0.409679 0 1 

0.998621 0 0.0525074 0 
0 1 0 0 
-0.0525074 0 0.998621 0 
9.31323e-010 -0.409679 -1.49012e-008 1 

0.998621 0 0.0525074 0 
0 1 0 0 
-0.0525074 0 0.998621 0 
0 -0.409681 0 1 

0.998621 0 0.0525074 0 
0 1 0 0 
-0.0525074 0 0.998621 0 
7.82421e-010 -0.409679 -1.48806e-008 1 

0.210831 -0.974218 0.0803149 0 
0.891602 0.225332 0.392774 0 
-0.400744 -0.0111999 0.916121 0 
-15.282 17.0456 -7.67618 1 

0.00732057 -0.874454 0.485053 0 
0.891602 0.225332 0.392774 0 
-0.452761 0.429599 0.781315 0 
-13.8227 16.6843 -10.7814 1 

0.00732057 -0.874454 0.485053 0 
0.891602 0.225332 0.392774 0 
-0.452761 0.429599 0.781315 0 
-13.8227 16.6843 -10.7814 1 

0.114276 0.967471 0.225701 0 
-0.979604 0.0719403 0.187618 0 
0.165278 -0.242538 0.955959 0 
16.8291 20.1992 -3.21331 1 

0.052546 0.992937 -0.106375 0 
-0.979604 0.0719403 0.187618 0 
0.193945 0.094347 0.976465 0 
16.3912 20.6015 -5.65414 1 

0.052546 0.992937 -0.106375 0 
-0.979604 0.0719403 0.187618 0 
0.193945 0.094347 0.976465 0 
16.3912 20.6015 -5.65414 1 

1 0.000816107 -0.000299729 0 
-0.000869263 0.932322 -0.361628 0 
-1.56872e-005 0.361628 0.932322 0 
0.00326455 0.408823 4.67632 1 

1 0.000816107 -0.000299729 0 
-0.000527832 0.84384 0.536595 0 
0.000690838 -0.536594 0.84384 0 
0.000986218 1.11915 -0.990567 1 

0.999999 0.00112452 0.000577126 0 
-0.00123812 0.963342 0.268274 0 
-0.000254295 -0.268274 0.963342 0 
0.00176954 1.01864 -0.55822 1 

0.999999 0.00112452 0.000577126 0 
-0.00123812 0.963342 0.268274 0 
-0.000254295 -0.268274 0.963342 0 
0.00176966 1.01864 -0.55822 1 

1 0.00029468 -0.000144839 0 
-0.000321293 0.96913 -0.246548 0 
6.77109e-005 0.246548 0.96913 0 
0.000884533 -0.0436039 3.04069 1 

1 0.00029468 -0.000144839 0 
-0.000254532 0.974353 0.225026 0 
0.000207431 -0.225026 0.974353 0 
0.000438571 0.00244856 0.0568644 1 

1 0.00033604 -7.90788e-005 0 
-0.000333994 0.999697 0.0246003 0 
8.73173e-005 -0.0246003 0.999697 0 
0.000521898 0.0229226 0.362502 1 

1 0.00033604 -7.90788e-005 0 
-0.000333994 0.999697 0.0246003 0 
8.73173e-005 -0.0246003 0.999697 0 
0.000522137 0.0229227 0.362502 1 

0.291667
0.999655 0 0.0262628 0 
0 1 0 0 
-0.0262628 0 0.999655 0 
0 -0.301447 0 1 

0.999655 0 0.0262628 0 
0 1 0 0 
-0.0262628 0 0.999655 0 
0 -0.301447 0 1 

0.999655 0 0.0262628 0 
0 1 0 0 
-0.0262628 0 0.999655 0 
4.65661e-010 -0.301447 -1.49012e-008 1 

0.999655 0 0.0262628 0 
0 1 0 0 
-0.0262628 0 0.999655 0 
0 -0.301449 0 1 

0.999655 0 0.0262628 0 
0 1 0 0 
-0.0262628 0 0.999655 0 
3.91346e-010 -0.301449 -1.4896e-008 1 

0.207305 -0.978251 0.00704395 0 
0.89791 0.193127 0.395549 0 
-0.388307 -0.0756743 0.918418 0 
-15.3969 17.7611 -7.60746 1 

0.00766075 -0.905331 0.424639 0 
0.89791 0.193127 0.395549 0 
-0.440112 0.378257 0.814385 0 
-13.9661 17.6093 -10.7815 1 

0.00766075 -0.905331 0.424639 0 
0.89791 0.193127 0.395549 0 
-0.440112 0.378257 0.814385 0 
-13.9661 17.6093 -10.7815 1 

0.111356 0.98101 0.158803 0 
-0.979475 0.0813256 0.184434 0 
0.168017 -0.176082 0.969931 0 
16.8112 20.1741 -3.25564 1 

0.0328569 0.967175 -0.251979 0 
-0.979475 0.0813256 0.184434 0 
0.198872 0.240747 0.949995 0 
16.2507 20.3368 -6.30377 1 

0.0328569 0.967175 -0.251979 0 
-0.979475 0.0813256 0.184434 0 
0.198872 0.240747 0.949995 0 
16.2507 20.3368 -6.30377 1 

1 0.000340996 -0.00012577 0 
-0.000356033 0.849521 -0.527555 0 
-7.30511e-005 0.527555 0.849521 0 
0.00123227 1.54934 6.74083 1 

1 0.000340996 -0.00012577 0 
-0.000239261 0.878117 0.478446 0 
0.000273588 -0.478446 0.878117 0 
0.000435352 1.53716 0.37256 1 

0.999999 0.000636955 0.00123531 0 
-0.00100153 0.946494 0.322719 0 
-0.000963658 -0.32272 0.946494 0 
0.00121224 1.48008 0.621742 1 

0.999999 0.000636955 0.00123531 0 
-0.00100153 0.946494 0.322719 0 
-0.000963658 -0.32272 0.946494 0 
0.00121224 1.48008 0.621742 1 

1 0.000212858 -8.71439e-005 0 
-0.000223121 0.989752 -0.142798 0 
5.5857e-005 0.142798 0.989752 0 
0.000678182 -0.185986 1.76703 1 

1 0.000212858 -8.71439e-005 0 
-0.000164826 0.927446 0.373956 0 
0.000160423 -0.373956 0.927446 0 
0.000291824 0.294792 -1.49126 1 

1 0.000223867 -7.41824e-005 0 
-0.000210774 0.989472 0.144725 0 
0.000105803 -0.144725 0.989472 0 
0.000344276 0.268998 -1.13221 1 

1 0.000223867 -7.41824e-005 0 
-0.000210774 0.989472 0.144725 0 
0.000105803 -0.144725 0.989472 0 
0.000344276 0.268998 -1.13221 1 

0.333333
1 0 0 0 
0 1 0 0 
0 0 1 0 
0 -0.193214 0 1 

1 0 0 0 
0 1 0 0 
0 0 1 0 
8.69644e-032 -0.193214 0 1 

1 0 0 0 
0 1 0 0 
0 0 1 0 
9.56609e-031 -0.193214 -1.49012e-008 1 

1 0 0 0 
0 1 0 0 
0 0 1 0 
3.04376e-031 -0.193216 -2.98023e-008 1 

1 0 0 0 
0 1 0 0 
0 0 1 0 
1.30447e-031 -0.193214 -1.49012e-008 1 

0.194891 -0.979398 -0.052892 0 
0.903494 0.158277 0.398305 0 
-0.381727 -0.125414 0.915727 0 
-15.4789 18.5257 -7.57453 1 

0.0102013 -0.936993 0.349198 0 
0.903494 0.158277 0.398305 0 
-0.428479 0.311436 0.848183 0 
-14.1542 18.5848 -10.6029 1 

0.0102013 -0.936993 0.349198 0 
0.903494 0.158277 0.398305 0 
-0.428479 0.311436 0.848183 0 
-14.1542 18.5848 -10.6029 1 

0.0958118 0.993947 0.0537561 0 
-0.979745 0.0846271 0.181491 0 
0.175843 -0.0700562 0.981922 0 
16.7706 20.2745 -3.40349 1 

0.0156662 0.935928 -0.351842 0 
-0.979745 0.0846271 0.181491 0 
0.199638 0.341872 0.918297 0 
16.1935 20.1076 -6.44108 1 

0.0156662 0.935928 -0.351842 0 
-0.979745 0.0846271 0.181491 0 
0.199638 0.341872 0.918297 0 
16.1935 20.1076 -6.44108 1 

1 4.64689e-016 -3.43475e-016 0 
-5.77055e-016 0.771883 -0.635764 0 
-3.03099e-017 0.635764 0.771883 0 
0 2.63016 8.07393 1 

1 -2.05086e-015 1.66897e-015 0 
1.14765e-015 0.905289 0.424796 0 
-2.3821e-015 -0.424796 0.905289 0 
0 1.96416 1.34296 1 

0.999998 0.000336943 0.0018512 0 
-0.00102014 0.923777 0.38293 0 
-0.00158107 -0.382931 0.923776 0 
0.00106239 1.94822 1.40745 1 

0.999998 0.000336943 0.0018512 0 
-0.00102014 0.923777 0.38293 0 
-0.00158107 -0.382931 0.923776 0 
0.00106239 1.94822 1.40745 1 

1 2.74412e-016 6.93889e-017 0 
-2.74952e-016 0.999969 0.00791838 0 
-6.72139e-017 -0.00791838 0.999969 0 
0 -0.192005 -0.100265 1 

1 -3.43582e-016 7.08464e-017 0 
2.72348e-016 0.887637 0.460544 0 
-2.21121e-016 -0.460544 0.887637 0 
0 0.59446 -2.94452 1 

1 -3.43582e-016 7.08464e-017 0 
2.88293e-016 0.919928 0.392088 0 
-1.99888e-016 -0.392088 0.919928 0 
0 0.566269 -2.83331 1 

1 -3.43582e-016 7.08464e-017 0 
2.88293e-016 0.919928 0.392088 0 
-1.99888e-016 -0.392088 0.919928 0 
0 0.566269 -2.83331 1 

0.375
0.999224 0 -0.0393906 0 
0 1 0 0 
0.0393906 0 0.999224 0 
0 -0.518379 0 1 

0.999224 0 -0.0393906 0 
0 1 0 0 
0.0393906 0 0.999224 0 
0 -0.518379 0 1 

0.999224 0 -0.0393906 0 
0 1 0 0 
0.0393906 0 0.999224 0 
-4.65661e-010 -0.518379 -1.49012e-008 1 

0.999224 0 -0.0393906 0 
0 1 0 0 
0.0393906 0 0.999224 0 
-9.31323e-010 -0.518381 0 1 

0.999224 0 -0.0393906 0 
0 1 0 0 
0.0393906 0 0.999224 0 
-5.86966e-010 -0.518379 -1.48896e-008 1 

0.207191 -0.967669 -0.143836 0 
0.904395 0.133397 0.405308 0 
-0.373017 -0.214061 0.902794 0 
-15.5416 18.6167 -7.58064 1 

-0.00952779 -0.943326 0.331732 0 
0.904395 0.133397 0.405308 0 
-0.42659 0.303878 0.851868 0 
-13.9861 18.8784 -11.1377 1 

-0.00952779 -0.943326 0.331732 0 
0.904395 0.133397 0.405308 0 
-0.42659 0.303878 0.851868 0 
-13.9861 18.8784 -11.1377 1 

0.0869559 0.996128 0.0129495 0 
-0.979971 0.0831935 0.18093 0 
0.179152 -0.028423 0.983411 0 
16.7461 19.9919 -3.39579 1 

0.0062466 0.92095 -0.38963 0 
-0.979971 0.0831935 0.18093 0 
0.199042 0.380696 0.903024 0 
16.1623 19.6964 -6.42173 1 

0.0062466 0.92095 -0.38963 0 
-0.979971 0.0831935 0.18093 0 
0.199042 0.380696 0.903024 0 
16.1623 19.6964 -6.42173 1 

1 -0.000255898 0.000124197 0 
0.00027715 0.778328 -0.627858 0 
6.40042e-005 0.627858 0.778328 0 
-0.000802636 2.22464 7.9055 1 

1 -0.000255898 0.000124197 0 
0.000216162 0.967478 0.252954 0 
-0.000184887 -0.252954 0.967478 0 
-0.000375152 1.17588 2.30218 1 

0.999999 9.06008e-005 0.00102521 0 
-0.000173397 0.99671 0.0810521 0 
-0.00101449 -0.0810522 0.996709 0 
-3.52859e-005 1.18164 2.56487 1 

0.999999 9.06008e-005 0.00102521 0 
-0.000173397 0.99671 0.0810521 0 
-0.00101449 -0.0810522 0.996709 0 
-3.51667e-005 1.18164 2.56487 1 

1 -0.000605426 0.00018099 0 
0.000593325 0.998156 0.0606952 0 
-0.0002174 -0.0606951 0.998156 0 
-0.00220776 -0.489775 -0.70509 1 

1 -0.000605426 0.00018099 0 
0.000361028 0.782469 0.622689 0 
-0.00051861 -0.622689 0.782469 0 
-0.000687838 0.968807 -4.22382 1 

1 -0.000572018 0.000314401 0 
0.000398372 0.916414 0.400231 0 
-0.000517059 -0.400231 0.916414 0 
-0.000743032 0.834087 -3.8538 1 

1 -0.000572018 0.000314401 0 
0.000398372 0.916414 0.400231 0 
-0.000517059 -0.400231 0.916414 0 
-0.000743032 0.834087 -3.8538 1 

0.416667
0.996897 0 -0.0787201 0 
0 1 0 0 
0.0787201 0 0.996897 0 
0 -0.843544 0 1 

0.996897 0 -0.0787201 0 
0 1 0 0 
0.0787201 0 0.996897 0 
0 -0.843544 0 1 

0.996897 0 -0.0787201 0 
0 1 0 0 
0.0787201 0 0.996897 0 
-9.31323e-010 -0.843544 -1.49012e-008 1 

0.996897 0 -0.0787201 0 
0 1 0 0 
0.0787201 0 0.996897 0 
-1.86265e-009 -0.843546 0 1 

0.996897 0 -0.0787201 0 
0 1 0 0 
0.0787201 0 0.996897 0 
-1.17302e-009 -0.843544 -1.48549e-008 1 

0.210502 -0.951489 -0.224405 0 
0.905741 0.103445 0.411013 0 
-0.367861 -0.289772 0.883578 0 
-15.595 18.7989 -7.59017 1 

-0.0285213 -0.952682 0.302626 0 
0.905741 0.103445 0.411013 0 
-0.42287 0.285824 0.859933 0 
-13.8759 19.2984 -11.5042 1 

-0.0285213 -0.952682 0.302626 0 
0.905741 0.103445 0.411013 0 
-0.42287 0.285824 0.859933 0 
-13.8759 19.2984 -11.5042 1 

0.0740004 0.996744 -0.0320184 0 
-0.980384 0.078592 0.180748 0 
0.182675 0.0180149 0.983008 0 
16.7185 19.768 -3.4067 1 

-0.00491636 0.907022 -0.421054 0 
-0.980384 0.078592 0.180748 0 
0.197034 0.413684 0.888844 0 
16.1445 19.3565 -6.34132 1 

-0.00491636 0.907022 -0.421054 0 
-0.980384 0.078592 0.180748 0 
0.197034 0.413684 0.888844 0 
16.1445 19.3565 -6.34132 1 

1 -0.000251141 0.00013987 0 
0.000281587 0.757962 -0.652299 0 
5.78091e-005 0.652299 0.757962 0 
-0.000803471 2.15485 8.14955 1 

1 -0.000251141 0.00013987 0 
0.000221404 0.983212 0.182469 0 
-0.000183339 -0.182469 0.983212 0 
-0.000382185 0.87002 2.83144 1 

1 -0.000223307 0.000181023 0 
0.000243357 0.992819 -0.119629 0 
-0.000153002 0.119629 0.992819 0 
-0.000406027 0.943275 3.2836 1 

1 -0.000223307 0.000181023 0 
0.000243357 0.992819 -0.119629 0 
-0.000153002 0.119629 0.992819 0 
-0.000406027 0.943275 3.2836 1 

0.999999 -0.00162996 0.000423171 0 
0.00154523 0.988044 0.154166 0 
-0.000669405 -0.154165 0.988045 0 
-0.00645602 -0.678941 -1.82452 1 

0.999999 -0.00162996 0.000423171 0 
0.000803191 0.682518 0.730868 0 
-0.00148011 -0.730867 0.682519 0 
-0.00162649 1.35038 -5.42122 1 

0.999999 -0.00160306 0.000696914 0 
0.00123703 0.930694 0.365797 0 
-0.00123502 -0.365796 0.930694 0 
-0.00220084 1.08705 -4.80569 1 

0.999999 -0.00160306 0.000696914 0 
0.00123703 0.930694 0.365797 0 
-0.00123502 -0.365796 0.930694 0 
-0.00220096 1.08705 -4.80569 1 

0.458333
0.993022 0 -0.117927 0 
0 1 0 0 
0.117927 0 0.993022 0 
0 -0.967728 0 1 

0.993022 0 -0.117927 0 
0 1 0 0 
0.117927 0 0.993022 0 
0 -0.967728 0 1 

0.993022 0 -0.117927 0 
0 1 0 0 
0.117927 0 0.993022 0 
-1.86265e-009 -0.967728 -1.49012e-008 1 

0.993022 0 -0.117927 0 
0 1 0 0 
0.117927 0 0.993022 0 
0 -0.96773 0 1 

0.993022 0 -0.117927 0 
0 1 0 0 
0.117927 0 0.993022 0 
-1.75725e-009 -0.967728 -1.47972e-008 1 

0.192803 -0.91887 -0.344246 0 
0.910507 0.0367498 0.411857 0 
-0.365792 -0.392846 0.843723 0 
-15.665 19.8377 -7.41111 1 

-0.0479433 -0.979942 0.19343 0 
0.910507 0.0367498 0.411857 0 
-0.410705 0.195865 0.890482 0 
-13.9245 20.7908 -11.3438 1 

-0.0479433 -0.979942 0.19343 0 
0.910507 0.0367498 0.411857 0 
-0.410705 0.195865 0.890482 0 
-13.9245 20.7908 -11.3438 1 

0.0515529 0.988916 -0.139239 0 
-0.980765 0.0764172 0.179611 0 
0.18826 0.127302 0.973834 0 
16.6699 19.6888 -3.565 1 

-0.0280592 0.855425 -0.517166 0 
-0.980765 0.0764172 0.179611 0 
0.193164 0.512258 0.836827 0 
16.0847 18.947 -6.44476 1 

-0.0280592 0.855425 -0.517166 0 
-0.980765 0.0764172 0.179611 0 
0.193164 0.512258 0.836827 0 
16.0847 18.947 -6.44475 1 

1 -1.34872e-005 9.14186e-006 0 
1.62721e-005 0.794151 -0.607721 0 
9.31323e-007 0.607721 0.794151 0 
-4.23193e-005 1.57657 7.51413 1 

1 -1.34872e-005 9.14186e-006 0 
1.34361e-005 0.999984 0.0056949 0 
-9.22593e-006 -0.00569496 0.999984 0 
-2.2769e-005 0.377448 3.59944 1 

1 3.00817e-005 3.92995e-005 0 
-1.44604e-005 0.937045 -0.349209 0 
-4.73367e-005 0.349209 0.937045 0 
7.7486e-006 0.573918 4.10915 1 

1 3.00817e-005 3.92995e-005 0 
-1.44604e-005 0.937045 -0.349209 0 
-4.73367e-005 0.349209 0.937045 0 
7.7486e-006 0.573919 4.10915 1 

0.999995 -0.00315257 0.000660576 0 
0.00285276 0.962062 0.272817 0 
-0.00149558 -0.272813 0.962066 0 
-0.0127081 -0.46439 -3.26153 1 

0.999995 -0.00315257 0.000660576 0 
0.00133063 0.591088 0.806606 0 
-0.00293334 -0.806601 0.591089 0 
-0.00283849 1.97173 -6.57581 1 

0.999995 -0.00315543 0.000798077 0 
0.00171487 0.719194 0.694807 0 
-0.00276639 -0.694802 0.719195 0 
-0.00336194 1.81355 -6.37211 1 

0.999995 -0.00315543 0.000798077 0 
0.00171487 0.719194 0.694807 0 
-0.00276639 -0.694802 0.719195 0 
-0.00336182 1.81355 -6.37211 1 

0.5
0.987606 0 -0.156952 0 
0 1 0 0 
0.156952 0 0.987606 0 
0 -1.09191 0 1 

0.987606 0 -0.156952 0 
0 1 0 0 
0.156952 0 0.987606 0 
0 -1.09191 0 1 

0.987606 0 -0.156952 0 
0 1 0 0 
0.156952 0 0.987606 0 
-1.86265e-009 -1.09191 -1.49012e-008 1 

0.987606 0 -0.156952 0 
0 1 0 0 
0.156952 0 0.987606 0 
-3.72529e-009 -1.09191 0 1 

0.987606 0 -0.156952 0 
0 1 0 0 
0.156952 0 0.987606 0 
-2.33876e-009 -1.09191 -1.47165e-008 1 

0.154739 -0.889762 -0.429394 0 
0.91188 -0.0386195 0.408635 0 
-0.380171 -0.454788 0.805381 0 
-15.6269 21.0682 -7.24186 1 

-0.0641934 -0.996731 0.0490499 0 
0.91188 -0.0386195 0.408635 0 
-0.405405 0.0709592 0.911379 0 
-14.0308 22.3067 -10.6864 1 

-0.0641934 -0.996731 0.0490499 0 
0.91188 -0.0386195 0.408635 0 
-0.405405 0.0709592 0.911379 0 
-14.0308 22.3067 -10.6864 1 

0.0123746 0.95956 -0.281234 0 
-0.981661 0.0651668 0.179152 0 
0.190234 0.273859 0.942768 0 
16.5905 19.7378 -3.83301 1 

-0.0487106 0.822821 -0.56621 0 
-0.981661 0.0651668 0.179152 0 
0.184308 0.564553 0.804556 0 
16.1353 18.9121 -6.02668 1 

-0.0487106 0.822821 -0.56621 0 
-0.981661 0.0651668 0.179152 0 
0.184308 0.564553 0.804556 0 
16.1353 18.9121 -6.02668 1 

1 0.000377761 -0.000309497 0 
-0.000482924 0.859248 -0.51156 0 
7.26879e-005 0.51156 0.859248 0 
0.00101292 0.637282 6.22305 1 

1 0.000377761 -0.000309497 0 
-0.000439706 0.972233 -0.234014 0 
0.000212505 0.234014 0.972233 0 
0.000715852 -0.0308628 4.44848 1 

1 0.000346108 -0.00039398 0 
-0.000491295 0.881084 -0.472959 0 
0.000183435 0.472959 0.881084 0 
0.000784159 0.174082 4.77768 1 

1 0.000346108 -0.00039398 0 
-0.000491295 0.881084 -0.472959 0 
0.000183435 0.472959 0.881084 0 
0.000784278 0.174082 4.77768 1 

0.999986 -0.0052665 0.000872284 0 
0.00442813 0.909607 0.415445 0 
-0.00298138 -0.415435 0.909618 0 
-0.0198426 0.0868883 -4.99994 1 

0.999986 -0.0052665 0.000872284 0 
0.00205576 0.530719 0.847545 0 
-0.00492654 -0.847531 0.530722 0 
-0.00450969 2.55602 -7.66966 1 

0.999986 -0.0052665 0.000872284 0 
0.00152999 0.439299 0.89834 0 
-0.0051143 -0.898325 0.439301 0 
-0.00378203 2.6773 -7.77173 1 

0.999986 -0.0052665 0.000872284 0 
0.00152999 0.439299 0.89834 0 
-0.0051143 -0.898325 0.439301 0 
-0.00378203 2.6773 -7.77173 1 

0.541667
0.991388 0 -0.130959 0 
0 1 0 0 
0.130959 0 0.991388 0 
0 -0.838026 0 1 

0.991388 0 -0.130959 0 
0 1 0 0 
0.130959 0 0.991388 0 
0 -0.838026 0 1 

0.991388 0 -0.130959 0 
0 1 0 0 
0.130959 0 0.991388 0 
-1.86265e-009 -0.838026 -1.49012e-008 1 

0.991388 0 -0.130959 0 
0 1 0 0 
0.130959 0 0.991388 0 
-3.72529e-009 -0.838028 0 1 

0.991388 0 -0.130959 0 
0 1 0 0 
0.130959 0 0.991388 0 
-1.95144e-009 -0.838028 -1.47728e-008 1 

0.147755 -0.912856 -0.380607 0 
0.91269 -0.0223999 0.408039 0 
-0.381007 -0.407666 0.829845 0 
-15.6052 21.0868 -7.28166 1 

-0.0306441 -0.999437 0.0136783 0 
0.91269 -0.0223999 0.408039 0 
-0.407503 0.024988 0.912862 0 
-14.3097 22.0953 -10.124 1 

-0.0306441 -0.999437 0.0136783 0 
0.91269 -0.0223999 0.408039 0 
-0.407503 0.024988 0.912862 0 
-14.3097 22.0953 -10.124 1 

0.0358986 0.983433 -0.177681 0 
-0.981723 0.0679549 0.177772 0 
0.186901 0.168052 0.967898 0 
16.6485 19.9778 -3.59703 1 

-0.0433485 0.829687 -0.556543 0 
-0.981723 0.0679549 0.177772 0 
0.185315 0.554077 0.811577 0 
16.0619 19.087 -6.49597 1 

-0.0433485 0.829687 -0.556543 0 
-0.981723 0.0679549 0.177772 0 
0.185315 0.554077 0.811577 0 
16.0619 19.087 -6.49597 1 

1 0.000106862 -7.06017e-005 0 
-0.000127599 0.878979 -0.47686 0 
1.10939e-005 0.47686 0.878979 0 
0.000320077 0.645333 5.82606 1 

1 0.000106862 -7.06017e-005 0 
-0.000106966 0.999999 -0.00141683 0 
7.04465e-005 0.00141683 0.999999 0 
0.000179648 -0.0404449 2.79834 1 

1 0.000121928 -0.000129561 0 
-0.000143847 0.982647 -0.185483 0 
0.000104693 0.185483 0.982647 0 
0.000244498 0.0387152 3.06726 1 

1 0.000121928 -0.000129561 0 
-0.000143847 0.982647 -0.185483 0 
0.000104693 0.185483 0.982647 0 
0.000244379 0.0387154 3.06726 1 

0.999993 -0.00379449 0.000663564 0 
0.00358932 0.980384 0.197063 0 
-0.0013983 -0.197059 0.980391 0 
-0.0180943 -0.5755 -2.28345 1 

0.999993 -0.00379449 0.000663564 0 
0.00125157 0.482964 0.875639 0 
-0.00364308 -0.875632 0.482965 0 
-0.0029304 2.68474 -6.49238 1 

0.999993 -0.00379449 0.000663564 0 
0.000974473 0.415848 0.909434 0 
-0.00372677 -0.909426 0.415848 0 
-0.00254238 2.77479 -6.56211 1 

0.999993 -0.00379449 0.000663564 0 
0.000974473 0.415848 0.909434 0 
-0.00372677 -0.909426 0.415848 0 
-0.00254238 2.77479 -6.56211 1 

0.583333
0.991388 0 -0.130959 0 
0 1 0 0 
0.130959 0 0.991388 0 
0 -0.58414 0 1 

0.991388 0 -0.130959 0 
0 1 0 0 
0.130959 0 0.991388 0 
0 -0.58414 0 1 

0.991388 0 -0.130959 0 
0 1 0 0 
0.130959 0 0.991388 0 
-1.86265e-009 -0.584139 -1.49012e-008 1 

0.991388 0 -0.130959 0 
0 1 0 0 
0.130959 0 0.991388 0 
-3.72529e-009 -0.584143 0 1 

0.991388 0 -0.130959 0 
0 1 0 0 
0.130959 0 0.991388 0 
-1.95144e-009 -0.584141 -1.47728e-008 1 

0.145502 -0.941163 -0.305028 0 
0.911735 0.00784503 0.410703 0 
-0.384146 -0.337863 0.859233 0 
-15.5821 20.8569 -7.51774 1 

-0.0182388 -0.998059 0.0595532 0 
0.911735 0.00784503 0.410703 0 
-0.410373 0.0617875 0.909822 0 
-14.3947 21.6179 -10.1683 1 

-0.0182388 -0.998059 0.0595532 0 
0.911735 0.00784503 0.410703 0 
-0.410373 0.0617875 0.909822 0 
-14.3947 21.6179 -10.1683 1 

0.0450716 0.995045 -0.0886212 0 
-0.982316 0.0602824 0.177262 0 
0.181726 0.0790645 0.980165 0 
16.6832 20.3931 -3.34964 1 

-0.0431974 0.84824 -0.527848 0 
-0.982316 0.0602824 0.177262 0 
0.182181 0.52617 0.830635 0 
16.0312 19.5925 -6.69033 1 

-0.0431974 0.84824 -0.527848 0 
-0.982316 0.0602824 0.177262 0 
0.182181 0.52617 0.830635 0 
16.0312 19.5925 -6.69033 1 

1 0.000115001 -6.31958e-005 0 
-0.000130486 0.922532 -0.38592 0 
1.39177e-005 0.38592 0.922532 0 
0.000356555 0.357034 4.67003 1 

1 0.000115001 -6.31958e-005 0 
-0.00010404 0.988335 0.152292 0 
7.99739e-005 -0.152292 0.988335 0 
0.000177979 0.031055 1.25453 1 

1 0.000160136 -8.49075e-005 0 
-0.000156706 0.999238 0.0390266 0 
9.10933e-005 -0.0390267 0.999238 0 
0.000259638 0.0475997 1.42624 1 

1 0.000160136 -8.49075e-005 0 
-0.000156706 0.999238 0.0390266 0 
9.10933e-005 -0.0390267 0.999238 0 
0.000259519 0.0475994 1.42624 1 

0.999993 -0.00359336 0.00068377 0 
0.0035843 0.999911 0.0128234 0 
-0.000729799 -0.0128208 0.999918 0 
-0.018098 -0.587457 0.0475583 1 

0.999993 -0.00359336 0.00068377 0 
0.00124776 0.510826 0.859683 0 
-0.00343844 -0.859676 0.510827 0 
-0.00286412 2.64828 -5.22724 1 

0.999993 -0.00359336 0.00068377 0 
0.000986036 0.44483 0.895615 0 
-0.00352243 -0.895608 0.44483 0 
-0.0024991 2.73605 -5.29984 1 

0.999993 -0.00359336 0.00068377 0 
0.000986036 0.44483 0.895615 0 
-0.00352243 -0.895608 0.44483 0 
-0.00249898 2.73605 -5.29984 1 

0.625
0.991388 0 -0.130959 0 
0 1 0 0 
0.130959 0 0.991388 0 
0 -0.463133 0 1 

0.991388 0 -0.130959 0 
0 1 0 0 
0.130959 0 0.991388 0 
0 -0.463133 0 1 

0.991388 0 -0.130959 0 
0 1 0 0 
0.130959 0 0.991388 0 
-1.86265e-009 -0.463133 -1.49012e-008 1 

0.991388 0 -0.130959 0 
0 1 0 0 
0.130959 0 0.991388 0 
-3.72529e-009 -0.463135 0 1 

0.991388 0 -0.130959 0 
0 1 0 0 
0.130959 0 0.991388 0 
-1.95144e-009 -0.463135 -1.47728e-008 1 

0.160784 -0.95786 -0.238018 0 
0.909383 0.0500353 0.41294 0 
-0.383629 -0.282844 0.879106 0 
-15.5761 20.2282 -7.72694 1 

-0.0352708 -0.979888 0.196406 0 
0.909383 0.0500353 0.41294 0 
-0.414462 0.193173 0.889329 0 
-14.1539 20.7967 -10.9279 1 

-0.0352708 -0.979888 0.196406 0 
0.909383 0.0500353 0.41294 0 
-0.414462 0.193173 0.889329 0 
-14.1539 20.7967 -10.9279 1 

0.0533148 0.997988 0.0343104 0 
-0.982929 0.0463893 0.178043 0 
0.176093 -0.0432171 0.983424 0 
16.7157 20.7671 -3.04002 1 

-0.0524509 0.856886 -0.51283 0 
-0.982929 0.0463893 0.178043 0 
0.176352 0.513414 0.839825 0 
15.9343 20.0782 -7.17437 1 

-0.0524509 0.856886 -0.51283 0 
-0.982929 0.0463893 0.178043 0 
0.176352 0.513414 0.839825 0 
15.9343 20.0782 -7.17437 1 

1 0.000119797 -5.90235e-005 0 
-0.00013167 0.958229 -0.286002 0 
2.22847e-005 0.286002 0.958229 0 
0.000370622 0.0362606 3.40112 1 

1 0.000119797 -5.90235e-005 0 
-0.000102855 0.972764 0.2318 0 
8.51734e-005 -0.2318 0.972763 0 
0.000177741 0.0311613 0.123321 1 

1 0.000158361 -9.26809e-005 0 
-0.000156121 0.99972 0.0236856 0 
9.6394e-005 -0.0236856 0.999719 0 
0.000260115 0.0513358 0.440817 1 

1 0.000158361 -9.26809e-005 0 
-0.000156121 0.99972 0.0236856 0 
9.6394e-005 -0.0236856 0.999719 0 
0.000260234 0.0513359 0.440817 1 

0.999994 -0.00346205 0.000718907 0 
0.0035317 0.987854 -0.155346 0 
-0.000172362 0.155347 0.98786 0 
-0.0174885 -0.330808 2.17834 1 

0.999994 -0.00346205 0.000718907 0 
0.00130961 0.551493 0.834178 0 
-0.00328444 -0.834172 0.551494 0 
-0.00291061 2.59534 -4.00773 1 

0.999994 -0.00346205 0.000718907 0 
0.00105928 0.487297 0.873235 0 
-0.0033735 -0.873229 0.487298 0 
-0.00256419 2.67953 -4.08445 1 

0.999994 -0.00346205 0.000718907 0 
0.00105928 0.487297 0.873235 0 
-0.0033735 -0.873229 0.487298 0 
-0.00256407 2.67953 -4.08445 1 

0.666667
0.993896 0 -0.110325 0 
0 1 0 0 
0.110325 0 0.993896 0 
0 -0.245625 0 1 

0.993896 0 -0.110325 0 
0 1 0 0 
0.110325 0 0.993896 0 
0 -0.245625 0 1 

0.993896 0 -0.110325 0 
0 1 0 0 
0.110325 0 0.993896 0 
-1.86265e-009 -0.245626 -1.49012e-008 1 

0.993896 0 -0.110325 0 
0 1 0 0 
0.110325 0 0.993896 0 
0 -0.245626 0 1 

0.993896 0 -0.110325 0 
0 1 0 0 
0.110325 0 0.993896 0 
-1.64397e-009 -0.245628 -1.48102e-008 1 

0.214146 -0.949964 -0.2274 0 
0.905335 0.105615 0.411357 0 
-0.366757 -0.293964 0.882652 0 
-15.6157 19.3494 -7.6701 1 

-0.0238404 -0.954419 0.297515 0 
0.905335 0.105615 0.411357 0 
-0.424029 0.279158 0.861551 0 
-13.9062 19.8709 -11.5664 1 

-0.0238404 -0.954419 0.297515 0 
0.905335 0.105615 0.411357 0 
-0.424029 0.279158 0.861551 0 
-13.9062 19.8709 -11.5664 1 

0.0668787 0.997208 -0.0332258 0 
-0.981929 0.0716897 0.175145 0 
0.177038 0.0209119 0.983982 0 
16.7299 20.5024 -3.21638 1 

-0.00915907 0.906387 -0.422348 0 
-0.981929 0.0716897 0.175145 0 
0.189027 0.41632 0.889352 0 
16.1757 20.0826 -6.15193 1 

-0.00915907 0.906387 -0.422348 0 
-0.981929 0.0716897 0.175145 0 
0.189027 0.41632 0.889352 0 
16.1757 20.0826 -6.15193 1 

1 -8.27161e-005 3.74317e-005 0 
8.71932e-005 0.989882 -0.141893 0 
-2.53245e-005 0.141893 0.989882 0 
-0.000223994 -0.131917 1.60844 1 

1 -8.27161e-005 3.74317e-005 0 
7.20534e-005 0.973871 0.227103 0 
-5.52476e-005 -0.227103 0.973871 0 
-0.000123143 0.0312457 -0.722967 1 

1 -6.1658e-005 -3.18166e-005 0 
6.21601e-005 0.999872 0.015984 0 
3.08183e-005 -0.015984 0.999872 0 
-8.36849e-005 0.0537415 -0.401216 1 

1 -6.1658e-005 -3.18166e-005 0 
6.21601e-005 0.999872 0.015984 0 
3.08183e-005 -0.015984 0.999872 0 
-8.35657e-005 0.0537413 -0.401216 1 

0.999996 -0.00262131 0.000533 0 
0.00267111 0.967877 -0.251409 0 
0.000143141 0.25141 0.967881 0 
-0.0127516 0.13115 3.36373 1 

0.999996 -0.00262131 0.000533 0 
0.00109378 0.582534 0.812805 0 
-0.0024411 -0.812802 0.582535 0 
-0.00234103 2.74712 -3.30335 1 

0.999996 -0.00262131 0.000533 0 
0.000907385 0.519855 0.854254 0 
-0.00251634 -0.85425 0.519856 0 
-0.00208533 2.82835 -3.38319 1 

0.999996 -0.00262131 0.000533 0 
0.000907385 0.519855 0.854254 0 
-0.00251634 -0.85425 0.519856 0 
-0.00208545 2.82835 -3.38319 1 

0.708333
0.998473 0 -0.0552469 0 
0 1 0 0 
0.0552469 0 0.998473 0 
0 -0.245625 0 1 

0.998473 0 -0.0552469 0 
0 1 0 0 
0.0552469 0 0.998473 0 
0 -0.245625 0 1 

0.998473 0 -0.0552469 0 
0 1 0 0 
0.0552469 0 0.998473 0 
-9.31323e-010 -0.245626 -1.49012e-008 1 

0.998473 0 -0.0552469 0 
0 1 0 0 
0.0552469 0 0.998473 0 
0 -0.245626 0 1 

0.998473 0 -0.0552469 0 
0 1 0 0 
0.0552469 0 0.998473 0 
-8.23243e-010 -0.245628 -1.48784e-008 1 

0.210022 -0.966871 -0.145088 0 
0.903697 0.135342 0.40622 0 
-0.373126 -0.216431 0.902184 0 
-15.5434 18.849 -7.63597 1 

-0.00638682 -0.944362 0.328846 0 
0.903697 0.135342 0.40622 0 
-0.428125 0.299772 0.852553 0 
-13.9914 19.1228 -11.1799 1 

-0.00638682 -0.944362 0.328846 0 
0.903697 0.135342 0.40622 0 
-0.428125 0.299772 0.852553 0 
-13.9914 19.1228 -11.1799 1 

0.0837174 0.996413 0.0123206 0 
-0.981129 0.0802581 0.175912 0 
0.174293 -0.026815 0.984329 0 
16.7577 20.323 -3.25739 1 

0.0052234 0.920455 -0.390814 0 
-0.981129 0.0802581 0.175912 0 
0.193286 0.38252 0.903504 0 
16.1898 20.0219 -6.28771 1 

0.0052234 0.920455 -0.390814 0 
-0.981129 0.0802581 0.175912 0 
0.193286 0.38252 0.903504 0 
16.1898 20.0219 -6.28771 1 

