1
BAKED_SKELETAL

19

CLIPNAME#idle
2

0.0416667
1 0 0 0 
0 1 0 0 
0 0 1 0 
0 0 0 1 

1 0 0 0 
0 1 0 0 
0 0 1 0 
0 0 0 1 

1 0 0 0 
0 1 0 0 
0 0 1 0 
0 0 0 1 

1 0 0 0 
0 1 0 0 
0 0 1 0 
0 0 0 1 

1 0 0 0 
0 1 0 0 
0 0 1 0 
0 0 0 1 

1 2.01944e-010 -7.24651e-019 0 
-2.01944e-010 1 -7.17675e-009 0 
-7.24651e-019 7.17675e-009 1 0 
0 0 1.49012e-007 1 

1 2.01944e-010 -7.24651e-019 0 
-2.01944e-010 1 -7.17675e-009 0 
-7.24651e-019 7.17675e-009 1 0 
0 0 1.78814e-007 1 

1 2.01944e-010 -7.24651e-019 0 
-2.01944e-010 1 -7.17675e-009 0 
-7.24651e-019 7.17675e-009 1 0 
0 0 1.19209e-007 1 

1 0 0 0 
0 1 0 0 
0 0 1 0 
0 0 0 1 

1 0 -1.66898e-015 0 
0 1 0 0 
1.66898e-015 0 1 0 
0 0 0 1 

1 0 -1.66898e-015 0 
0 1 0 0 
1.66898e-015 0 1 0 
0 0 0 1 

1 5.88365e-016 -4.02455e-016 0 
-7.12806e-016 0.830995 -0.556279 0 
7.14306e-018 0.556279 0.830995 0 
0 2.083 7.06137 1 

1 -1.20271e-015 7.59886e-016 0 
1.06859e-015 0.987614 0.156902 0 
-9.39182e-016 -0.156902 0.987614 0 
0 1.21191 2.52386 1 

1 -1.20271e-015 7.59886e-016 0 
1.06859e-015 0.987614 0.156902 0 
-9.39182e-016 -0.156902 0.987614 0 
0 1.21191 2.52386 1 

1 -1.20271e-015 7.59886e-016 0 
1.06859e-015 0.987614 0.156902 0 
-9.39182e-016 -0.156902 0.987614 0 
0 1.21191 2.52386 1 

1 -8.87582e-009 1.19693e-008 0 
3.97091e-009 0.932931 0.360055 0 
-1.43623e-008 -0.360055 0.932931 0 
0 0.886212 -4.55241 1 

1 -8.87582e-009 1.19693e-008 0 
-4.03812e-009 0.611774 0.791032 0 
-1.43436e-008 -0.791032 0.611774 0 
0 2.98997 -7.22471 1 

1 -8.87582e-009 1.19693e-008 0 
-4.03812e-009 0.611774 0.791032 0 
-1.43436e-008 -0.791032 0.611774 0 
0 2.98997 -7.22471 1 

1 -8.87582e-009 1.19693e-008 0 
-4.03812e-009 0.611774 0.791032 0 
-1.43436e-008 -0.791032 0.611774 0 
0 2.98997 -7.22471 1 

0.0833333
1 0 0 0 
0 1 0 0 
0 0 1 0 
0 0 0 1 

1 0 0 0 
0 1 0 0 
0 0 1 0 
0 0 0 1 

1 0 0 0 
0 1 0 0 
0 0 1 0 
0 0 0 1 

1 0 0 0 
0 1 0 0 
0 0 1 0 
0 0 0 1 

1 0 0 0 
0 1 0 0 
0 0 1 0 
0 0 0 1 

0.999729 -0.00365308 -0.0229795 0 
0.00368299 0.999992 0.00125957 0 
0.0229748 -0.00134386 0.999735 0 
-0.0617208 0.00910187 0.0351159 1 

0.999674 -0.00371364 0.0252622 0 
0.00368299 0.999992 0.00125957 0 
-0.0252667 -0.00116612 0.99968 0 
-0.102437 0.00970078 -0.321358 1 

0.999674 -0.00371364 0.0252622 0 
0.00368299 0.999992 0.00125957 0 
-0.0252667 -0.00116612 0.99968 0 
-0.102438 0.00970078 -0.321358 1 

0.999272 0.000947762 0.0381376 0 
-0.000960921 0.999999 0.000326731 0 
-0.0381372 -0.00036314 0.999272 0 
0.00874639 0.00243187 0.0940372 1 

0.998585 0.000976935 -0.0531726 0 
-0.000960921 0.999999 0.000326731 0 
0.0531729 -0.000275174 0.998585 0 
0.061707 0.00270271 -0.581133 1 

0.998585 0.000976935 -0.0531726 0 
-0.000960921 0.999999 0.000326731 0 
0.0531729 -0.000275174 0.998585 0 
0.0617075 0.00270271 -0.581133 1 

1 5.88365e-016 -4.02455e-016 0 
-7.12806e-016 0.830995 -0.556279 0 
7.14306e-018 0.556279 0.830995 0 
0 2.083 7.06137 1 

1 -1.20271e-015 7.59886e-016 0 
1.06859e-015 0.987614 0.156902 0 
-9.39182e-016 -0.156902 0.987614 0 
0 1.21191 2.52386 1 

1 -1.20271e-015 7.59886e-016 0 
1.06859e-015 0.987614 0.156902 0 
-9.39182e-016 -0.156902 0.987614 0 
0 1.21191 2.52386 1 

1 -1.20271e-015 7.59886e-016 0 
1.06859e-015 0.987614 0.156902 0 
-9.39182e-016 -0.156902 0.987614 0 
0 1.21191 2.52386 1 

1 -8.87582e-009 1.19693e-008 0 
3.97091e-009 0.932931 0.360055 0 
-1.43623e-008 -0.360055 0.932931 0 
0 0.886212 -4.55241 1 

1 -8.87582e-009 1.19693e-008 0 
-4.03812e-009 0.611774 0.791032 0 
-1.43436e-008 -0.791032 0.611774 0 
0 2.98997 -7.22471 1 

1 -8.87582e-009 1.19693e-008 0 
-4.03812e-009 0.611774 0.791032 0 
-1.43436e-008 -0.791032 0.611774 0 
0 2.98997 -7.22471 1 

1 -8.87582e-009 1.19693e-008 0 
-4.03812e-009 0.611774 0.791032 0 
-1.43436e-008 -0.791032 0.611774 0 
0 2.98997 -7.22471 1 

CLIPNAME#twitching
3

0.125
1 0 0 0 
0 1 0 0 
0 0 1 0 
0 0 0 1 

1 0 0 0 
0 1 0 0 
0 0 1 0 
0 0 0 1 

1 0 0 0 
0 1 0 0 
0 0 1 0 
0 0 0 1 

1 0 0 0 
0 1 0 0 
0 0 1 0 
0 0 0 1 

1 0 0 0 
0 1 0 0 
0 0 1 0 
0 0 0 1 

0.997442 -0.014025 -0.0700933 0 
0.0144056 0.999884 0.00492666 0 
0.070016 -0.00592379 0.997528 0 
-0.244954 0.036335 0.085576 1 

0.996972 -0.0147398 0.0763449 0 
0.0144056 0.999884 0.00492666 0 
-0.0764087 -0.00381195 0.997069 0 
-0.366312 0.0434151 -0.996752 1 

0.996972 -0.0147398 0.0763449 0 
0.0144056 0.999884 0.00492666 0 
-0.0764087 -0.00381195 0.997069 0 
-0.366312 0.043417 -0.996752 1 

0.995183 0.00367563 0.0979672 0 
-0.0038213 0.999992 0.00129929 0 
-0.0979617 -0.00166739 0.995189 0 
0.0410953 0.0094986 0.231962 1 

0.988923 0.00397178 -0.148376 0 
-0.0038213 0.999992 0.00129929 0 
0.14838 -0.000717908 0.98893 0 
0.151417 0.0122929 -1.59236 1 

0.988923 0.00397178 -0.148376 0 
-0.0038213 0.999992 0.00129929 0 
0.14838 -0.000717908 0.98893 0 
0.151418 0.012291 -1.59236 1 

1 5.88365e-016 -4.02455e-016 0 
-7.12806e-016 0.830995 -0.556279 0 
7.14306e-018 0.556279 0.830995 0 
0 2.083 7.06137 1 

1 -1.20271e-015 7.59886e-016 0 
1.06859e-015 0.987614 0.156902 0 
-9.39182e-016 -0.156902 0.987614 0 
0 1.21191 2.52386 1 

1 -1.20271e-015 7.59886e-016 0 
1.06859e-015 0.987614 0.156902 0 
-9.39182e-016 -0.156902 0.987614 0 
0 1.21191 2.52386 1 

1 -1.20271e-015 7.59886e-016 0 
1.06859e-015 0.987614 0.156902 0 
-9.39182e-016 -0.156902 0.987614 0 
0 1.21191 2.52386 1 

1 -8.87582e-009 1.19693e-008 0 
3.97091e-009 0.932931 0.360055 0 
-1.43623e-008 -0.360055 0.932931 0 
0 0.886212 -4.55241 1 

1 -8.87582e-009 1.19693e-008 0 
-4.03812e-009 0.611774 0.791032 0 
-1.43436e-008 -0.791032 0.611774 0 
0 2.98997 -7.22471 1 

1 -8.87582e-009 1.19693e-008 0 
-4.03812e-009 0.611774 0.791032 0 
-1.43436e-008 -0.791032 0.611774 0 
0 2.98997 -7.22471 1 

1 -8.87582e-009 1.19693e-008 0 
-4.03812e-009 0.611774 0.791032 0 
-1.43436e-008 -0.791032 0.611774 0 
0 2.98997 -7.22471 1 

0.166667
1 0 0 0 
0 1 0 0 
0 0 1 0 
0 0 0 1 

1 0 0 0 
0 1 0 0 
0 0 1 0 
0 0 0 1 

1 0 0 0 
0 1 0 0 
0 0 1 0 
0 0 0 1 

1 0 0 0 
0 1 0 0 
0 0 1 0 
0 0 0 1 

1 0 0 0 
0 1 0 0 
0 0 1 0 
0 0 0 1 

0.99194 -0.0302128 -0.123057 0 
0.0317898 0.999435 0.010872 0 
0.122659 -0.0146963 0.99234 0 
-0.546215 0.0836201 0.106141 1 

0.99062 -0.032952 0.132609 0 
0.0317898 0.999435 0.010872 0 
-0.132892 -0.00655442 0.991109 0 
-0.754325 0.1108 -1.78386 1 

0.99062 -0.032952 0.132609 0 
0.0317898 0.999435 0.010872 0 
-0.132892 -0.00655442 0.991109 0 
-0.754325 0.1108 -1.78386 1 

0.988307 0.00804134 0.152267 0 
-0.00858593 0.999959 0.00291932 0 
-0.152237 -0.00419253 0.988335 0 
0.104429 0.0211163 0.342083 1 

0.9675 0.00904499 -0.252709 0 
-0.00858593 0.999959 0.00291932 0 
0.252725 -0.000654694 0.967538 0 
0.20808 0.0307808 -2.66369 1 

0.9675 0.00904499 -0.252709 0 
-0.00858593 0.999959 0.00291932 0 
0.252725 -0.000654694 0.967538 0 
0.208079 0.0307808 -2.66369 1 

1 5.88365e-016 -4.02455e-016 0 
-7.12806e-016 0.830995 -0.556279 0 
7.14306e-018 0.556279 0.830995 0 
0 2.083 7.06137 1 

1 -1.20271e-015 7.59886e-016 0 
1.06859e-015 0.987614 0.156902 0 
-9.39182e-016 -0.156902 0.987614 0 
0 1.21191 2.52386 1 

1 -1.20271e-015 7.59886e-016 0 
1.06859e-015 0.987614 0.156902 0 
-9.39182e-016 -0.156902 0.987614 0 
0 1.21191 2.52386 1 

1 -1.20271e-015 7.59886e-016 0 
1.06859e-015 0.987614 0.156902 0 
-9.39182e-016 -0.156902 0.987614 0 
0 1.21191 2.52386 1 

1 -8.87582e-009 1.19693e-008 0 
3.97091e-009 0.932931 0.360055 0 
-1.43623e-008 -0.360055 0.932931 0 
0 0.886212 -4.55241 1 

1 -8.87582e-009 1.19693e-008 0 
-4.03812e-009 0.611774 0.791032 0 
-1.43436e-008 -0.791032 0.611774 0 
0 2.98997 -7.22471 1 

1 -8.87582e-009 1.19693e-008 0 
-4.03812e-009 0.611774 0.791032 0 
-1.43436e-008 -0.791032 0.611774 0 
0 2.98997 -7.22471 1 

1 -8.87582e-009 1.19693e-008 0 
-4.03812e-009 0.611774 0.791032 0 
-1.43436e-008 -0.791032 0.611774 0 
0 2.98997 -7.22471 1 

0.208333
1 0 0 0 
0 1 0 0 
0 0 1 0 
0 0 0 1 

1 0 0 0 
0 1 0 0 
0 0 1 0 
0 0 0 1 

1 0 0 0 
0 1 0 0 
0 0 1 0 
0 0 0 1 

1 0 0 0 
0 1 0 0 
0 0 1 0 
0 0 0 1 

1 0 0 0 
0 1 0 0 
0 0 1 0 
0 0 0 1 

0.982987 -0.0513562 -0.176349 0 
0.055564 0.998274 0.0190027 0 
0.175069 -0.0284781 0.984144 0 
-0.961839 0.155603 0.0842918 1 

0.980463 -0.0581497 0.187914 0 
0.055564 0.998274 0.0190027 0 
-0.188695 -0.00819017 0.982002 0 
-1.25329 0.223089 -2.60884 1 

0.980463 -0.0581497 0.187914 0 
0.055564 0.998274 0.0190027 0 
-0.188695 -0.00819017 0.982002 0 
-1.25329 0.223091 -2.60884 1 

0.98041 0.013985 0.196471 0 
-0.0153054 0.999869 0.00520402 0 
-0.196373 -0.00810915 0.980496 0 
0.205366 0.0377102 0.412405 1 

0.932971 0.0161529 -0.35959 0 
-0.0153054 0.999869 0.00520402 0 
0.359627 0.000648484 0.933096 0 
0.208218 0.0592957 -3.72672 1 

0.932971 0.0161529 -0.35959 0 
-0.0153054 0.999869 0.00520402 0 
0.359627 0.000648484 0.933096 0 
0.208219 0.0592976 -3.72672 1 

1 5.88365e-016 -4.02455e-016 0 
-7.12806e-016 0.830995 -0.556279 0 
7.14306e-018 0.556279 0.830995 0 
0 2.083 7.06137 1 

1 -1.20271e-015 7.59886e-016 0 
1.06859e-015 0.987614 0.156902 0 
-9.39182e-016 -0.156902 0.987614 0 
0 1.21191 2.52386 1 

1 -1.20271e-015 7.59886e-016 0 
1.06859e-015 0.987614 0.156902 0 
-9.39182e-016 -0.156902 0.987614 0 
0 1.21191 2.52386 1 

1 -1.20271e-015 7.59886e-016 0 
1.06859e-015 0.987614 0.156902 0 
-9.39182e-016 -0.156902 0.987614 0 
0 1.21191 2.52386 1 

1 -8.87582e-009 1.19693e-008 0 
3.97091e-009 0.932931 0.360055 0 
-1.43623e-008 -0.360055 0.932931 0 
0 0.886212 -4.55241 1 

1 -8.87582e-009 1.19693e-008 0 
-4.03812e-009 0.611774 0.791032 0 
-1.43436e-008 -0.791032 0.611774 0 
0 2.98997 -7.22471 1 

1 -8.87582e-009 1.19693e-008 0 
-4.03812e-009 0.611774 0.791032 0 
-1.43436e-008 -0.791032 0.611774 0 
0 2.98997 -7.22471 1 

1 -8.87582e-009 1.19693e-008 0 
-4.03812e-009 0.611774 0.791032 0 
-1.43436e-008 -0.791032 0.611774 0 
0 2.98997 -7.22471 1 

CLIPNAME#turning
3

0.25
1 0 0 0 
0 1 0 0 
0 0 1 0 
0 0 0 1 

1 0 0 0 
0 1 0 0 
0 0 1 0 
0 0 0 1 

1 0 0 0 
0 1 0 0 
0 0 1 0 
0 0 0 1 

1 0 0 0 
0 1 0 0 
0 0 1 0 
0 0 0 1 

1 0 0 0 
0 1 0 0 
0 0 1 0 
0 0 0 1 

0.970659 -0.0766473 -0.227916 0 
0.0855075 0.995908 0.0292433 0 
0.224742 -0.0478738 0.973242 0 
-1.4887 0.259455 0.016284 1 

0.966571 -0.090038 0.24007 0 
0.0855075 0.995908 0.0292433 0 
-0.24172 -0.00773794 0.970315 0 
-1.85615 0.392605 -3.44386 1 

0.966571 -0.090038 0.24007 0 
0.0855075 0.995908 0.0292433 0 
-0.24172 -0.00773794 0.970315 0 
-1.85615 0.392605 -3.44386 1 

0.973197 0.0215591 0.228962 0 
-0.0240713 0.999677 0.0081845 0 
-0.228712 -0.0134765 0.973401 0 
0.350537 0.0603008 0.43842 1 

0.88452 0.0251122 -0.465825 0 
-0.0240713 0.999677 0.0081845 0 
0.46588 0.00397365 0.884839 0 
0.136761 0.0976486 -4.75198 1 

0.88452 0.0251122 -0.465825 0 
-0.0240713 0.999677 0.0081845 0 
0.46588 0.00397365 0.884839 0 
0.136761 0.0976486 -4.75198 1 

1 5.88365e-016 -4.02455e-016 0 
-7.12806e-016 0.830995 -0.556279 0 
7.14306e-018 0.556279 0.830995 0 
0 2.083 7.06137 1 

1 -1.20271e-015 7.59886e-016 0 
1.06859e-015 0.987614 0.156902 0 
-9.39182e-016 -0.156902 0.987614 0 
0 1.21191 2.52386 1 

1 -1.20271e-015 7.59886e-016 0 
1.06859e-015 0.987614 0.156902 0 
-9.39182e-016 -0.156902 0.987614 0 
0 1.21191 2.52386 1 

1 -1.20271e-015 7.59886e-016 0 
1.06859e-015 0.987614 0.156902 0 
-9.39182e-016 -0.156902 0.987614 0 
0 1.21191 2.52386 1 

1 -8.87582e-009 1.19693e-008 0 
3.97091e-009 0.932931 0.360055 0 
-1.43623e-008 -0.360055 0.932931 0 
0 0.886212 -4.55241 1 

1 -8.87582e-009 1.19693e-008 0 
-4.03812e-009 0.611774 0.791032 0 
-1.43436e-008 -0.791032 0.611774 0 
0 2.98997 -7.22471 1 

1 -8.87582e-009 1.19693e-008 0 
-4.03812e-009 0.611774 0.791032 0 
-1.43436e-008 -0.791032 0.611774 0 
0 2.98997 -7.22471 1 

1 -8.87582e-009 1.19693e-008 0 
-4.03812e-009 0.611774 0.791032 0 
-1.43436e-008 -0.791032 0.611774 0 
0 2.98997 -7.22471 1 

0.291667
1 0 0 0 
0 1 0 0 
0 0 1 0 
0 0 0 1 

1 0 0 0 
0 1 0 0 
0 0 1 0 
0 0 0 1 

1 0 0 0 
0 1 0 0 
0 0 1 0 
0 0 0 1 

1 0 0 0 
0 1 0 0 
0 0 1 0 
0 0 0 1 

1 0 0 0 
0 1 0 0 
0 0 1 0 
0 0 0 1 

0.955172 -0.105334 -0.27668 0 
0.121392 0.991736 0.0415157 0 
0.27002 -0.0732413 0.960065 0 
-2.12358 0.404696 -0.0990119 1 

0.94901 -0.128218 0.287993 0 
0.121392 0.991736 0.0415157 0 
-0.290937 -0.00443865 0.956732 0 
-2.55627 0.632421 -4.27386 1 

0.94901 -0.128218 0.287993 0 
0.121392 0.991736 0.0415157 0 
-0.290937 -0.00443865 0.956732 0 
-2.55627 0.632423 -4.27386 1 

0.968102 0.0309563 0.248636 0 
-0.0350117 0.999316 0.0119044 0 
-0.248097 -0.0202298 0.968524 0 
0.546474 0.0906906 0.416679 1 

0.821725 0.0355652 -0.568773 0 
-0.0350117 0.999316 0.0119044 0 
0.568808 0.0101316 0.822408 0 
-0.0159369 0.144047 -5.71641 1 

0.821725 0.0355652 -0.568773 0 
-0.0350117 0.999316 0.0119044 0 
0.568808 0.0101316 0.822408 0 
-0.0159369 0.144047 -5.71641 1 

1 5.88365e-016 -4.02455e-016 0 
-7.12806e-016 0.830995 -0.556279 0 
7.14306e-018 0.556279 0.830995 0 
0 2.083 7.06137 1 

1 -1.20271e-015 7.59886e-016 0 
1.06859e-015 0.987614 0.156902 0 
-9.39182e-016 -0.156902 0.987614 0 
0 1.21191 2.52386 1 

1 -1.20271e-015 7.59886e-016 0 
1.06859e-015 0.987614 0.156902 0 
-9.39182e-016 -0.156902 0.987614 0 
0 1.21191 2.52386 1 

1 -1.20271e-015 7.59886e-016 0 
1.06859e-015 0.987614 0.156902 0 
-9.39182e-016 -0.156902 0.987614 0 
0 1.21191 2.52386 1 

1 -8.87582e-009 1.19693e-008 0 
3.97091e-009 0.932931 0.360055 0 
-1.43623e-008 -0.360055 0.932931 0 
0 0.886212 -4.55241 1 

1 -8.87582e-009 1.19693e-008 0 
-4.03812e-009 0.611774 0.791032 0 
-1.43436e-008 -0.791032 0.611774 0 
0 2.98997 -7.22471 1 

1 -8.87582e-009 1.19693e-008 0 
-4.03812e-009 0.611774 0.791032 0 
-1.43436e-008 -0.791032 0.611774 0 
0 2.98997 -7.22471 1 

1 -8.87582e-009 1.19693e-008 0 
-4.03812e-009 0.611774 0.791032 0 
-1.43436e-008 -0.791032 0.611774 0 
0 2.98997 -7.22471 1 

0.333333
1 0 0 0 
0 1 0 0 
0 0 1 0 
0 0 0 1 

1 0 0 0 
0 1 0 0 
0 0 1 0 
0 0 0 1 

1 0 0 0 
0 1 0 0 
0 0 1 0 
0 0 0 1 

1 0 0 0 
0 1 0 0 
0 0 1 0 
0 0 0 1 

1 0 0 0 
0 1 0 0 
0 0 1 0 
0 0 0 1 

0.936838 -0.136734 -0.321928 0 
0.162919 0.985065 0.0557178 0 
0.309501 -0.104647 0.945123 0 
-2.86206 0.602886 -0.261278 1 

0.927781 -0.172169 0.331029 0 
0.162919 0.985065 0.0557178 0 
-0.335678 0.00223701 0.941974 0 
-3.34515 0.955811 -5.08824 1 

0.927781 -0.172169 0.331029 0 
0.162919 0.985065 0.0557178 0 
-0.335678 0.00223701 0.941974 0 
-3.34515 0.955811 -5.08824 1 

0.966148 0.042531 0.25446 0 
-0.0482882 0.998698 0.0164185 0 
-0.25343 -0.0281501 0.966944 0 
0.799251 0.13158 0.343618 1 

0.744641 0.0469501 -0.665812 0 
-0.0482882 0.998698 0.0164185 0 
0.665716 0.0199249 0.745939 0 
-0.25334 0.194792 -6.59717 1 

0.744641 0.0469501 -0.665812 0 
-0.0482882 0.998698 0.0164185 0 
0.665716 0.0199249 0.745939 0 
-0.253341 0.194792 -6.59717 1 

1 5.88365e-016 -4.02455e-016 0 
-7.12806e-016 0.830995 -0.556279 0 
7.14306e-018 0.556279 0.830995 0 
0 2.083 7.06137 1 

1 -1.20271e-015 7.59886e-016 0 
1.06859e-015 0.987614 0.156902 0 
-9.39182e-016 -0.156902 0.987614 0 
0 1.21191 2.52386 1 

1 -1.20271e-015 7.59886e-016 0 
1.06859e-015 0.987614 0.156902 0 
-9.39182e-016 -0.156902 0.987614 0 
0 1.21191 2.52386 1 

1 -1.20271e-015 7.59886e-016 0 
1.06859e-015 0.987614 0.156902 0 
-9.39182e-016 -0.156902 0.987614 0 
0 1.21191 2.52386 1 

1 -8.87582e-009 1.19693e-008 0 
3.97091e-009 0.932931 0.360055 0 
-1.43623e-008 -0.360055 0.932931 0 
0 0.886212 -4.55241 1 

1 -8.87582e-009 1.19693e-008 0 
-4.03812e-009 0.611774 0.791032 0 
-1.43436e-008 -0.791032 0.611774 0 
0 2.98997 -7.22471 1 

1 -8.87582e-009 1.19693e-008 0 
-4.03812e-009 0.611774 0.791032 0 
-1.43436e-008 -0.791032 0.611774 0 
0 2.98997 -7.22471 1 

1 -8.87582e-009 1.19693e-008 0 
-4.03812e-009 0.611774 0.791032 0 
-1.43436e-008 -0.791032 0.611774 0 
0 2.98997 -7.22471 1 

CLIPNAME#nodding
11

1.04167
1 0 0 0 
0 1 0 0 
0 0 1 0 
0 0 0 1 

1 0 0 0 
0 1 0 0 
0 0 1 0 
0 0 0 1 

1 0 0 0 
0 1 0 0 
0 0 1 0 
0 0 0 1 

1 0 0 0 
0 1 0 0 
0 0 1 0 
0 0 0 1 

1 0 0 0 
0 1 0 0 
0 0 1 0 
0 0 0 1 

0.478684 -0.675207 -0.561211 0 
0.877963 0.37286 0.30026 0 
0.00651571 -0.636452 0.771289 0 
-15.5763 13.6026 -4.42189 1 

0.203589 -0.858463 0.470737 0 
0.877963 0.37286 0.30026 0 
-0.433281 0.35216 0.829609 0 
-13.9187 15.7993 -11.9966 1 

0.203589 -0.858463 0.470737 0 
0.877963 0.37286 0.30026 0 
-0.433281 0.35216 0.829609 0 
-13.9187 15.7993 -11.9966 1 

0.466722 0.556526 -0.68735 0 
-0.608624 0.765998 0.206939 0 
0.641675 0.321755 0.696223 0 
10.6058 6.1018 -5.91488 1 

-0.121469 0.167783 -0.978312 0 
-0.608624 0.765998 0.206939 0 
0.784106 0.620561 0.00907192 0 
6.34994 3.41913 -8.5017 1 

-0.121469 0.167783 -0.978312 0 
-0.608624 0.765998 0.206939 0 
0.784106 0.620561 0.00907192 0 
6.34994 3.41913 -8.5017 1 

1 5.88365e-016 -4.02455e-016 0 
-7.12806e-016 0.830995 -0.556279 0 
7.14306e-018 0.556279 0.830995 0 
0 2.083 7.06137 1 

1 -1.20271e-015 7.59886e-016 0 
1.06859e-015 0.987614 0.156902 0 
-9.39182e-016 -0.156902 0.987614 0 
0 1.21191 2.52386 1 

1 -1.20271e-015 7.59886e-016 0 
1.06859e-015 0.987614 0.156902 0 
-9.39182e-016 -0.156902 0.987614 0 
0 1.21191 2.52386 1 

1 -1.20271e-015 7.59886e-016 0 
1.06859e-015 0.987614 0.156902 0 
-9.39182e-016 -0.156902 0.987614 0 
0 1.21191 2.52386 1 

1 -8.87582e-009 1.19693e-008 0 
3.97091e-009 0.932931 0.360055 0 
-1.43623e-008 -0.360055 0.932931 0 
0 0.886212 -4.55241 1 

1 -8.87582e-009 1.19693e-008 0 
-4.03812e-009 0.611774 0.791032 0 
-1.43436e-008 -0.791032 0.611774 0 
0 2.98997 -7.22471 1 

1 -8.87582e-009 1.19693e-008 0 
-4.03812e-009 0.611774 0.791032 0 
-1.43436e-008 -0.791032 0.611774 0 
0 2.98997 -7.22471 1 

1 -8.87582e-009 1.19693e-008 0 
-4.03812e-009 0.611774 0.791032 0 
-1.43436e-008 -0.791032 0.611774 0 
0 2.98997 -7.22471 1 

1.08333
1 0 0 0 
0 1 0 0 
0 0 1 0 
0 0 0 1 

1 0 0 0 
0 1 0 0 
0 0 1 0 
0 0 0 1 

1 0 0 0 
0 1 0 0 
0 0 1 0 
0 0 0 1 

1 0 0 0 
0 1 0 0 
0 0 1 0 
0 0 0 1 

1 0 0 0 
0 1 0 0 
0 0 1 0 
0 0 0 1 

0.471041 -0.702424 -0.533593 0 
0.881917 0.362289 0.301612 0 
-0.0185446 -0.612656 0.790132 0 
-15.6421 13.8858 -4.51242 1 

0.12089 -0.792231 0.598126 0 
0.881917 0.362289 0.301612 0 
-0.455641 0.491036 0.742479 0 
-13.4277 15.4902 -12.9146 1 

0.12089 -0.792231 0.598126 0 
0.881917 0.362289 0.301612 0 
-0.455641 0.491036 0.742479 0 
-13.4277 15.4902 -12.9146 1 

0.513919 0.655871 -0.55292 0 
-0.66505 0.711741 0.226124 0 
0.541844 0.25151 0.801965 0 
11.8102 7.40758 -5.91235 1 

-0.150356 0.16898 -0.974084 0 
-0.66505 0.711741 0.226124 0 
0.731506 0.681814 0.00536537 0 
7.02208 4.08322 -9.53085 1 

-0.150356 0.16898 -0.974084 0 
-0.66505 0.711741 0.226124 0 
0.731506 0.681814 0.00536537 0 
7.02208 4.08322 -9.53085 1 

1 6.39388e-016 -3.46861e-016 0 
-7.26315e-016 0.851475 -0.524395 0 
-3.99478e-017 0.524395 0.851475 0 
0 1.82694 6.65552 1 

1 -1.4393e-015 8.92812e-016 0 
1.11723e-015 0.956728 0.290983 0 
-1.27299e-015 -0.290983 0.956728 0 
0 1.29791 1.48018 1 

1 -1.4393e-015 8.92812e-016 0 
1.11723e-015 0.956728 0.290983 0 
-1.27299e-015 -0.290983 0.956728 0 
0 1.29791 1.48018 1 

1 -1.4393e-015 8.92812e-016 0 
1.11723e-015 0.956728 0.290983 0 
-1.27299e-015 -0.290983 0.956728 0 
0 1.29791 1.48018 1 

1 -8.04658e-009 1.25418e-008 0 
5.21612e-009 0.977441 0.211208 0 
-1.39584e-008 -0.211208 0.977441 0 
-1.19209e-007 0.307323 -2.67217 1 

1 -8.04659e-009 1.25418e-008 0 
-5.71907e-009 0.569958 0.821674 0 
-1.376e-008 -0.821674 0.569958 0 
-1.19209e-007 2.98724 -6.46534 1 

1 -8.04659e-009 1.25418e-008 0 
-5.71907e-009 0.569958 0.821674 0 
-1.376e-008 -0.821674 0.569958 0 
0 2.98724 -6.46534 1 

1 -8.04659e-009 1.25418e-008 0 
-5.71907e-009 0.569958 0.821674 0 
-1.376e-008 -0.821674 0.569958 0 
0 2.98724 -6.46534 1 

1.125
1 0 0 0 
0 1 0 0 
0 0 1 0 
0 0 0 1 

1 0 0 0 
0 1 0 0 
0 0 1 0 
0 0 0 1 

1 0 0 0 
0 1 0 0 
0 0 1 0 
0 0 0 1 

1 0 0 0 
0 1 0 0 
0 0 1 0 
0 0 0 1 

1 0 0 0 
0 1 0 0 
0 0 1 0 
0 0 0 1 

0.479011 -0.792095 -0.37833 0 
0.873108 0.385383 0.2986 0 
-0.0907176 -0.473356 0.876187 0 
-15.5199 13.7248 -4.82418 1 

-0.0150222 -0.590923 0.806588 0 
0.873108 0.385383 0.2986 0 
-0.487294 0.708725 0.51015 0 
-12.2079 13.2462 -13.8908 1 

-0.0150222 -0.590923 0.806588 0 
0.873108 0.385383 0.2986 0 
-0.487294 0.708725 0.51015 0 
-12.2079 13.2462 -13.8908 1 

0.568243 0.793143 -0.219144 0 
-0.75115 0.608724 0.255399 0 
0.335966 0.0194814 0.941672 0 
13.5898 9.73053 -5.57382 1 

-0.153328 0.215429 -0.964407 0 
-0.75115 0.608724 0.255399 0 
0.642078 0.763574 0.0684849 0 
8.45236 5.9345 -11.6359 1 

-0.153328 0.215429 -0.964407 0 
-0.75115 0.608724 0.255399 0 
0.642078 0.763574 0.0684849 0 
8.45236 5.9345 -11.6359 1 

1 6.81777e-016 -1.40234e-016 0 
-6.83029e-016 0.922383 -0.386277 0 
-1.34005e-016 0.386277 0.922383 0 
0 0.943222 4.89929 1 

1 -1.85979e-015 8.81789e-016 0 
1.10321e-015 0.845996 0.53319 0 
-1.73761e-015 -0.53319 0.845996 0 
0 1.58061 -0.903998 1 

1 -1.85979e-015 8.81789e-016 0 
1.10321e-015 0.845996 0.53319 0 
-1.73761e-015 -0.53319 0.845996 0 
0 1.58061 -0.903998 1 

1 -1.85979e-015 8.81789e-016 0 
1.10321e-015 0.845996 0.53319 0 
-1.73761e-015 -0.53319 0.845996 0 
0 1.58061 -0.903998 1 

1 6.97194e-016 2.52289e-016 0 
-6.70811e-016 0.995696 -0.0926792 0 
-3.15818e-016 0.0926792 0.995696 0 
0 0.0449934 1.17402 1 

1 -2.43054e-015 3.91263e-016 0 
1.0836e-015 0.577273 0.816551 0 
-2.21053e-015 -0.816551 0.577273 0 
0 2.84422 -4.50716 1 

1 -2.43054e-015 3.91263e-016 0 
1.0836e-015 0.577273 0.816551 0 
-2.21053e-015 -0.816551 0.577273 0 
0 2.84422 -4.50716 1 

1 -2.43054e-015 3.91263e-016 0 
1.0836e-015 0.577273 0.816551 0 
-2.21053e-015 -0.816551 0.577273 0 
0 2.84422 -4.50716 1 

1.16667
1 0 0 0 
0 1 0 0 
0 0 1 0 
0 0 0 1 

1 0 0 0 
0 1 0 0 
0 0 1 0 
0 0 0 1 

1 0 0 0 
0 1 0 0 
0 0 1 0 
0 0 0 1 

1 0 0 0 
0 1 0 0 
0 0 1 0 
0 0 0 1 

1 0 0 0 
0 1 0 0 
0 0 1 0 
0 0 0 1 

0.468279 -0.879872 -0.0808682 0 
0.855063 0.428198 0.292428 0 
-0.222672 -0.206085 0.952862 0 
-15.1935 13.2265 -5.44674 1 

-0.139145 -0.353795 0.924915 0 
0.855063 0.428198 0.292428 0 
-0.499506 0.83155 0.242935 0 
-10.9416 10.2242 -13.483 1 

-0.139145 -0.353795 0.924915 0 
0.855063 0.428198 0.292428 0 
-0.499506 0.83155 0.242935 0 
-10.9416 10.2242 -13.483 1 

0.547991 0.82045 0.162996 0 
-0.823095 0.494158 0.279861 0 
0.149066 -0.287523 0.946102 0 
14.9006 11.973 -5.04252 1 

-0.0628606 0.410492 -0.909695 0 
-0.823095 0.494158 0.279861 0 
0.564414 0.766357 0.306811 0 
10.6508 9.61347 -13.3755 1 

-0.0628606 0.410492 -0.909695 0 
-0.823095 0.494158 0.279861 0 
0.564414 0.766357 0.306811 0 
10.6508 9.61347 -13.3755 1 

1 6.71767e-016 1.45359e-016 0 
-6.48498e-016 0.99225 -0.12426 0 
-2.27706e-016 0.12426 0.99225 0 
0 0.0853939 1.57426 1 

1 -1.86064e-015 4.25888e-016 0 
1.04353e-015 0.719751 0.694232 0 
-1.59825e-015 -0.694232 0.719751 0 
0 1.94635 -3.55742 1 

1 -1.86064e-015 4.25888e-016 0 
1.04353e-015 0.719751 0.694232 0 
-1.59825e-015 -0.694232 0.719751 0 
0 1.94635 -3.55742 1 

1 -1.86064e-015 4.25888e-016 0 
1.04353e-015 0.719751 0.694232 0 
-1.59825e-015 -0.694232 0.719751 0 
0 1.94635 -3.55742 1 

1 6.38588e-016 -1.97575e-017 0 
-5.9583e-016 0.920989 -0.389589 0 
-2.30591e-016 0.389589 0.920989 0 
0 0.960537 4.94138 1 

1 -2.70496e-015 1.20747e-015 0 
1.03981e-015 0.702219 0.711961 0 
-2.77374e-015 -0.711961 0.702219 0 
0 2.5291 -1.98981 1 

1 -2.70496e-015 1.20747e-015 0 
1.03981e-015 0.702219 0.711961 0 
-2.77374e-015 -0.711961 0.702219 0 
0 2.5291 -1.98981 1 

1 -2.70496e-015 1.20747e-015 0 
1.03981e-015 0.702219 0.711961 0 
-2.77374e-015 -0.711961 0.702219 0 
0 2.5291 -1.98981 1 

1.20833
1 0 0 0 
0 1 0 0 
0 0 1 0 
0 0 0 1 

1 0 0 0 
0 1 0 0 
0 0 1 0 
0 0 0 1 

1 0 0 0 
0 1 0 0 
0 0 1 0 
0 0 0 1 

1 0 0 0 
0 1 0 0 
0 0 1 0 
0 0 0 1 

1 0 0 0 
0 1 0 0 
0 0 1 0 
0 0 0 1 

0.422787 -0.879442 0.218708 0 
0.834178 0.471974 0.285286 0 
-0.354117 0.0618261 0.933155 0 
-14.7222 12.4815 -6.09209 1 

-0.196171 -0.229524 0.953329 0 
0.834178 0.471974 0.285286 0 
-0.515426 0.851211 0.0988762 0 
-10.2866 8.35262 -12.2309 1 

-0.196171 -0.229524 0.953329 0 
0.834178 0.471974 0.285286 0 
-0.515426 0.851211 0.0988762 0 
-10.2866 8.35262 -12.2309 1 

0.497848 0.766554 0.405638 0 
-0.865137 0.406215 0.294156 0 
0.06071 -0.497377 0.865408 0 
15.57 13.5024 -4.69872 1 

0.0443757 0.646208 -0.76187 0 
-0.865137 0.406215 0.294156 0 
0.499569 0.646068 0.577084 0 
12.4981 13.3399 -13.5092 1 

0.0443757 0.646208 -0.76187 0 
-0.865137 0.406215 0.294156 0 
0.499569 0.646068 0.577084 0 
12.4981 13.3399 -13.5092 1 

1 5.18233e-016 3.45857e-016 0 
-5.69101e-016 0.985701 0.168504 0 
-2.53587e-016 -0.168504 0.985701 0 
0 0.19835 -2.13226 1 

1 -1.28536e-015 1.10064e-017 0 
8.76892e-016 0.688427 0.725306 0 
-9.39855e-016 -0.725306 0.688427 0 
0 2.17214 -5.60446 1 

1 -1.28536e-015 1.10064e-017 0 
8.76892e-016 0.688427 0.725306 0 
-9.39855e-016 -0.725306 0.688427 0 
0 2.17214 -5.60446 1 

1 -1.28536e-015 1.10064e-017 0 
8.76892e-016 0.688427 0.725306 0 
-9.39855e-016 -0.725306 0.688427 0 
0 2.17214 -5.60446 1 

1 6.3753e-016 -2.25022e-016 0 
-6.51803e-016 0.820745 -0.571294 0 
-1.79532e-016 0.571294 0.820745 0 
0 2.21126 7.25255 1 

1 -2.32209e-015 1.62916e-015 0 
1.09881e-015 0.846604 0.532224 0 
-2.61513e-015 -0.532224 0.846604 0 
0 2.23276 0.26789 1 

1 -2.32209e-015 1.62916e-015 0 
1.09881e-015 0.846604 0.532224 0 
-2.61513e-015 -0.532224 0.846604 0 
0 2.23276 0.26789 1 

1 -2.32209e-015 1.62916e-015 0 
1.09881e-015 0.846604 0.532224 0 
-2.61513e-015 -0.532224 0.846604 0 
0 2.23276 0.26789 1 

1.25
1 0 0 0 
0 1 0 0 
0 0 1 0 
0 0 0 1 

1 0 0 0 
0 1 0 0 
0 0 1 0 
0 0 0 1 

1 0 0 0 
0 1 0 0 
0 0 1 0 
0 0 0 1 

1 0 0 0 
0 1 0 0 
0 0 1 0 
0 0 0 1 

1 0 0 0 
0 1 0 0 
0 0 1 0 
0 0 0 1 

0.390836 -0.852486 0.347153 0 
0.823596 0.492293 0.281667 0 
-0.411018 0.175828 0.89451 0 
-14.4567 12.0625 -6.36935 1 

-0.203656 -0.20681 0.95695 0 
0.823596 0.492293 0.281667 0 
-0.529352 0.845504 0.0700698 0 
-10.1653 7.86296 -11.5776 1 

-0.203656 -0.20681 0.95695 0 
0.823596 0.492293 0.281667 0 
-0.529352 0.845504 0.0700698 0 
-10.1653 7.86296 -11.5776 1 

0.474977 0.740348 0.475691 0 
-0.87888 0.371849 0.298829 0 
0.0443518 -0.560012 0.827297 0 
15.7744 14.0906 -4.61325 1 

0.0891761 0.74344 -0.662831 0 
-0.87888 0.371849 0.298829 0 
0.468634 0.5559 0.686554 0 
13.1932 14.8227 -13.1158 1 

0.0891761 0.74344 -0.662831 0 
-0.87888 0.371849 0.298829 0 
0.468634 0.5559 0.686554 0 
13.1933 14.8227 -13.1158 1 

1 3.49408e-016 3.39065e-016 0 
-4.39461e-016 0.947532 0.31966 0 
-2.09583e-016 -0.31966 0.947532 0 
0 0.697176 -4.0424 1 

1 -8.50267e-016 -8.48001e-017 0 
6.69034e-016 0.717368 0.696694 0 
-5.31543e-016 -0.696694 0.717368 0 
0 2.21631 -6.38873 1 

1 -8.50267e-016 -8.48001e-017 0 
6.69034e-016 0.717368 0.696694 0 
-5.31543e-016 -0.696694 0.717368 0 
0 2.21631 -6.38873 1 

1 -8.50267e-016 -8.48001e-017 0 
6.69034e-016 0.717368 0.696694 0 
-5.31543e-016 -0.696694 0.717368 0 
0 2.21631 -6.38873 1 

1 6.5068e-016 -3.23349e-016 0 
-7.09778e-016 0.779608 -0.626268 0 
-1.55415e-016 0.626268 0.779608 0 
0 2.72653 7.95289 1 

1 -2.05712e-015 1.64411e-015 0 
1.15172e-015 0.903094 0.429444 0 
-2.3682e-015 -0.429444 0.903094 0 
0 2.12247 1.25426 1 

1 -2.05712e-015 1.64411e-015 0 
1.15172e-015 0.903094 0.429444 0 
-2.3682e-015 -0.429444 0.903094 0 
0 2.12247 1.25426 1 

1 -2.05712e-015 1.64411e-015 0 
1.15172e-015 0.903094 0.429444 0 
-2.3682e-015 -0.429444 0.903094 0 
0 2.12247 1.25426 1 

1.29167
1 0 0 0 
0 1 0 0 
0 0 1 0 
0 0 0 1 

1 0 0 0 
0 1 0 0 
0 0 1 0 
0 0 0 1 

1 0 0 0 
0 1 0 0 
0 0 1 0 
0 0 0 1 

1 0 0 0 
0 1 0 0 
0 0 1 0 
0 0 0 1 

1 0 0 0 
0 1 0 0 
0 0 1 0 
0 0 0 1 

0.428815 -0.876542 0.218612 0 
0.831309 0.477593 0.284305 0 
-0.353613 0.0598201 0.933477 0 
-14.6823 12.3649 -6.0728 1 

-0.192276 -0.232821 0.953323 0 
0.831309 0.477593 0.284305 0 
-0.521493 0.847171 0.101717 0 
-10.2366 8.28006 -12.2102 1 

-0.192276 -0.232821 0.953323 0 
0.831309 0.477593 0.284305 0 
-0.521493 0.847171 0.101717 0 
-10.2366 8.28006 -12.2102 1 

0.499666 0.763614 0.408934 0 
-0.864308 0.408178 0.293874 0 
0.0574885 -0.500284 0.863951 0 
15.558 13.4557 -4.68484 1 

0.042671 0.641688 -0.765778 0 
-0.864308 0.408178 0.293874 0 
0.501149 0.649328 0.572034 0 
12.463 13.2855 -13.5509 1 

0.042671 0.641688 -0.765778 0 
-0.864308 0.408178 0.293874 0 
0.501149 0.649328 0.572034 0 
12.463 13.2855 -13.5509 1 

1 5.18233e-016 3.45857e-016 0 
-5.69101e-016 0.985701 0.168504 0 
-2.53587e-016 -0.168504 0.985701 0 
0 0.19835 -2.13226 1 

1 -1.28536e-015 1.10064e-017 0 
8.76892e-016 0.688427 0.725306 0 
-9.39855e-016 -0.725306 0.688427 0 
0 2.17214 -5.60446 1 

1 -1.28536e-015 1.10064e-017 0 
8.76892e-016 0.688427 0.725306 0 
-9.39855e-016 -0.725306 0.688427 0 
0 2.17214 -5.60446 1 

1 -1.28536e-015 1.10064e-017 0 
8.76892e-016 0.688427 0.725306 0 
-9.39855e-016 -0.725306 0.688427 0 
0 2.17214 -5.60446 1 

1 6.3753e-016 -2.25022e-016 0 
-6.51803e-016 0.820745 -0.571294 0 
-1.79532e-016 0.571294 0.820745 0 
0 2.21126 7.25255 1 

1 -2.32209e-015 1.62916e-015 0 
1.09881e-015 0.846604 0.532224 0 
-2.61513e-015 -0.532224 0.846604 0 
0 2.23276 0.26789 1 

1 -2.32209e-015 1.62916e-015 0 
1.09881e-015 0.846604 0.532224 0 
-2.61513e-015 -0.532224 0.846604 0 
0 2.23276 0.26789 1 

1 -2.32209e-015 1.62916e-015 0 
1.09881e-015 0.846604 0.532224 0 
-2.61513e-015 -0.532224 0.846604 0 
0 2.23276 0.26789 1 

1.33333
1 0 0 0 
0 1 0 0 
0 0 1 0 
0 0 0 1 

1 0 0 0 
0 1 0 0 
0 0 1 0 
0 0 0 1 

1 0 0 0 
0 1 0 0 
0 0 1 0 
0 0 0 1 

1 0 0 0 
0 1 0 0 
0 0 1 0 
0 0 0 1 

1 0 0 0 
0 1 0 0 
0 0 1 0 
0 0 0 1 

0.484578 -0.871105 -0.0797469 0 
0.84741 0.444865 0.289811 0 
-0.21698 -0.208014 0.953756 0 
-15.086 12.8817 -5.39884 1 

-0.12505 -0.363259 0.923258 0 
0.84741 0.444865 0.289811 0 
-0.516002 0.818619 0.252199 0 
-10.8368 10.0047 -13.4075 1 

-0.12505 -0.363259 0.923258 0 
0.84741 0.444865 0.289811 0 
-0.516002 0.818619 0.252199 0 
-10.8368 10.0047 -13.4075 1 

0.55568 0.814193 0.168252 0 
-0.819113 0.501485 0.278507 0 
0.142383 -0.292579 0.945582 0 
14.8418 11.8124 -5.00235 1 

-0.070876 0.393318 -0.916667 0 
-0.819113 0.501485 0.278507 0 
0.569237 0.770593 0.286628 0 
10.4832 9.37816 -13.4382 1 

-0.070876 0.393318 -0.916667 0 
-0.819113 0.501485 0.278507 0 
0.569237 0.770593 0.286628 0 
10.4832 9.37816 -13.4382 1 

1 6.71767e-016 1.45359e-016 0 
-6.48498e-016 0.99225 -0.12426 0 
-2.27706e-016 0.12426 0.99225 0 
0 0.0853939 1.57426 1 

1 -1.86064e-015 4.25888e-016 0 
1.04353e-015 0.719751 0.694232 0 
-1.59825e-015 -0.694232 0.719751 0 
0 1.94635 -3.55742 1 

1 -1.86064e-015 4.25888e-016 0 
1.04353e-015 0.719751 0.694232 0 
-1.59825e-015 -0.694232 0.719751 0 
0 1.94635 -3.55742 1 

1 -1.86064e-015 4.25888e-016 0 
1.04353e-015 0.719751 0.694232 0 
-1.59825e-015 -0.694232 0.719751 0 
0 1.94635 -3.55742 1 

1 6.38588e-016 -1.97575e-017 0 
-5.9583e-016 0.920989 -0.389589 0 
-2.30591e-016 0.389589 0.920989 0 
0 0.960537 4.94138 1 

1 -2.70496e-015 1.20747e-015 0 
1.03981e-015 0.702219 0.711961 0 
-2.77374e-015 -0.711961 0.702219 0 
0 2.5291 -1.98981 1 

1 -2.70496e-015 1.20747e-015 0 
1.03981e-015 0.702219 0.711961 0 
-2.77374e-015 -0.711961 0.702219 0 
0 2.5291 -1.98981 1 

1 -2.70496e-015 1.20747e-015 0 
1.03981e-015 0.702219 0.711961 0 
-2.77374e-015 -0.711961 0.702219 0 
0 2.5291 -1.98981 1 

1.375
1 0 0 0 
0 1 0 0 
0 0 1 0 
0 0 0 1 

1 0 0 0 
0 1 0 0 
0 0 1 0 
0 0 0 1 

1 0 0 0 
0 1 0 0 
0 0 1 0 
0 0 0 1 

1 0 0 0 
0 1 0 0 
0 0 1 0 
0 0 0 1 

1 0 0 0 
0 1 0 0 
0 0 1 0 
0 0 0 1 

0.498883 -0.7825 -0.372571 0 
0.863123 0.409738 0.295185 0 
-0.0783256 -0.468837 0.879805 0 
-15.3742 13.232 -4.77189 1 

0.0113612 -0.600138 0.799816 0 
0.863123 0.409738 0.295185 0 
-0.504867 0.686985 0.522648 0 
-12.1358 12.87 -13.7384 1 

0.0113612 -0.600138 0.799816 0 
0.863123 0.409738 0.295185 0 
-0.504867 0.686985 0.522648 0 
-12.1358 12.87 -13.7384 1 

0.582669 0.782852 -0.218268 0 
-0.741315 0.622029 0.252055 0 
0.333091 0.0149405 0.942776 0 
13.4353 9.44282 -5.50602 1 

-0.169434 0.189943 -0.967065 0 
-0.741315 0.622029 0.252055 0 
0.649418 0.759606 0.035415 0 
8.07877 5.53486 -11.616 1 

-0.169434 0.189943 -0.967065 0 
-0.741315 0.622029 0.252055 0 
0.649418 0.759606 0.035415 0 
8.07877 5.53486 -11.616 1 

1 6.81777e-016 -1.40234e-016 0 
-6.83029e-016 0.922383 -0.386277 0 
-1.34005e-016 0.386277 0.922383 0 
0 0.943222 4.89929 1 

1 -1.85979e-015 8.81789e-016 0 
1.10321e-015 0.845996 0.53319 0 
-1.73761e-015 -0.53319 0.845996 0 
0 1.58061 -0.903998 1 

1 -1.85979e-015 8.81789e-016 0 
1.10321e-015 0.845996 0.53319 0 
-1.73761e-015 -0.53319 0.845996 0 
0 1.58061 -0.903998 1 

1 -1.85979e-015 8.81789e-016 0 
1.10321e-015 0.845996 0.53319 0 
-1.73761e-015 -0.53319 0.845996 0 
0 1.58061 -0.903998 1 

1 6.97194e-016 2.52289e-016 0 
-6.70811e-016 0.995696 -0.0926792 0 
-3.15818e-016 0.0926792 0.995696 0 
0 0.0449934 1.17402 1 

1 -2.43054e-015 3.91263e-016 0 
1.0836e-015 0.577273 0.816551 0 
-2.21053e-015 -0.816551 0.577273 0 
0 2.84422 -4.50716 1 

1 -2.43054e-015 3.91263e-016 0 
1.0836e-015 0.577273 0.816551 0 
-2.21053e-015 -0.816551 0.577273 0 
0 2.84422 -4.50716 1 

1 -2.43054e-015 3.91263e-016 0 
1.0836e-015 0.577273 0.816551 0 
-2.21053e-015 -0.816551 0.577273 0 
0 2.84422 -4.50716 1 

1.41667
1 0 0 0 
0 1 0 0 
0 0 1 0 
0 0 0 1 

1 0 0 0 
0 1 0 0 
0 0 1 0 
0 0 0 1 

1 0 0 0 
0 1 0 0 
0 0 1 0 
0 0 0 1 

1 0 0 0 
0 1 0 0 
0 0 1 0 
0 0 0 1 

1 0 0 0 
0 1 0 0 
0 0 1 0 
0 0 0 1 

0.485959 -0.698521 -0.525274 0 
0.87395 0.383247 0.298888 0 
-0.00746959 -0.60431 0.796714 0 
-15.523 13.4747 -4.47897 1 

0.14703 -0.794641 0.589006 0 
0.87395 0.383247 0.298888 0 
-0.463243 0.470816 0.750825 0 
-13.4074 15.1014 -12.7508 1 

0.14703 -0.794641 0.589006 0 
0.87395 0.383247 0.298888 0 
-0.463243 0.470816 0.750825 0 
-13.4074 15.1014 -12.7508 1 

0.5275 0.644501 -0.5535 0 
-0.652503 0.724582 0.221858 0 
0.544044 0.24413 0.802756 0 
11.6016 7.12548 -5.83046 1 

-0.165981 0.149004 -0.974807 0 
-0.652503 0.724582 0.221858 0 
0.739385 0.672889 -0.0230412 0 
6.60131 3.73655 -9.46858 1 

-0.165981 0.149004 -0.974807 0 
-0.652503 0.724582 0.221858 0 
0.739385 0.672889 -0.0230412 0 
6.60131 3.73655 -9.46858 1 

1 6.39388e-016 -3.46861e-016 0 
-7.26315e-016 0.851475 -0.524395 0 
-3.99478e-017 0.524395 0.851475 0 
0 1.82694 6.65552 1 

1 -1.4393e-015 8.92812e-016 0 
1.11723e-015 0.956728 0.290983 0 
-1.27299e-015 -0.290983 0.956728 0 
0 1.29791 1.48018 1 

1 -1.4393e-015 8.92812e-016 0 
1.11723e-015 0.956728 0.290983 0 
-1.27299e-015 -0.290983 0.956728 0 
0 1.29791 1.48018 1 

1 -1.4393e-015 8.92812e-016 0 
1.11723e-015 0.956728 0.290983 0 
-1.27299e-015 -0.290983 0.956728 0 
0 1.29791 1.48018 1 

1 -8.04658e-009 1.25418e-008 0 
5.21612e-009 0.977441 0.211208 0 
-1.39584e-008 -0.211208 0.977441 0 
-1.19209e-007 0.307323 -2.67217 1 

1 -8.04659e-009 1.25418e-008 0 
-5.71907e-009 0.569958 0.821674 0 
-1.376e-008 -0.821674 0.569958 0 
-1.19209e-007 2.98724 -6.46534 1 

1 -8.04659e-009 1.25418e-008 0 
-5.71907e-009 0.569958 0.821674 0 
-1.376e-008 -0.821674 0.569958 0 
0 2.98724 -6.46534 1 

1 -8.04659e-009 1.25418e-008 0 
-5.71907e-009 0.569958 0.821674 0 
-1.376e-008 -0.821674 0.569958 0 
0 2.98724 -6.46534 1 

1.45833
1 0 0 0 
0 1 0 0 
0 0 1 0 
0 0 0 1 

1 0 0 0 
0 1 0 0 
0 0 1 0 
0 0 0 1 

1 0 0 0 
0 1 0 0 
0 0 1 0 
0 0 0 1 

1 0 0 0 
0 1 0 0 
0 0 1 0 
0 0 0 1 

1 0 0 0 
0 1 0 0 
0 0 1 0 
0 0 0 1 

0.478684 -0.675207 -0.561211 0 
0.877963 0.37286 0.30026 0 
0.00651571 -0.636452 0.771289 0 
-15.5763 13.6026 -4.42189 1 

0.203589 -0.858463 0.470737 0 
0.877963 0.37286 0.30026 0 
-0.433281 0.35216 0.829609 0 
-13.9187 15.7993 -11.9966 1 

0.203589 -0.858463 0.470737 0 
0.877963 0.37286 0.30026 0 
-0.433281 0.35216 0.829609 0 
-13.9187 15.7993 -11.9966 1 

0.466722 0.556526 -0.68735 0 
-0.608624 0.765998 0.206939 0 
0.641675 0.321755 0.696223 0 
10.6058 6.1018 -5.91488 1 

-0.121469 0.167783 -0.978312 0 
-0.608624 0.765998 0.206939 0 
0.784106 0.620561 0.00907192 0 
6.34994 3.41913 -8.5017 1 

-0.121469 0.167783 -0.978312 0 
-0.608624 0.765998 0.206939 0 
0.784106 0.620561 0.00907192 0 
6.34994 3.41913 -8.5017 1 

1 5.88365e-016 -4.02455e-016 0 
-7.12806e-016 0.830995 -0.556279 0 
7.14306e-018 0.556279 0.830995 0 
0 2.083 7.06137 1 

1 -1.20271e-015 7.59886e-016 0 
1.06859e-015 0.987614 0.156902 0 
-9.39182e-016 -0.156902 0.987614 0 
0 1.21191 2.52386 1 

1 -1.20271e-015 7.59886e-016 0 
1.06859e-015 0.987614 0.156902 0 
-9.39182e-016 -0.156902 0.987614 0 
0 1.21191 2.52386 1 

1 -1.20271e-015 7.59886e-016 0 
1.06859e-015 0.987614 0.156902 0 
-9.39182e-016 -0.156902 0.987614 0 
0 1.21191 2.52386 1 

1 -8.87582e-009 1.19693e-008 0 
3.97091e-009 0.932931 0.360055 0 
-1.43623e-008 -0.360055 0.932931 0 
0 0.886212 -4.55241 1 

1 -8.87582e-009 1.19693e-008 0 
-4.03812e-009 0.611774 0.791032 0 
-1.43436e-008 -0.791032 0.611774 0 
0 2.98997 -7.22471 1 

1 -8.87582e-009 1.19693e-008 0 
-4.03812e-009 0.611774 0.791032 0 
-1.43436e-008 -0.791032 0.611774 0 
0 2.98997 -7.22471 1 

1 -8.87582e-009 1.19693e-008 0 
-4.03812e-009 0.611774 0.791032 0 
-1.43436e-008 -0.791032 0.611774 0 
0 2.98997 -7.22471 1 

