1
BAKED_SKELETAL

19

CLIPNAME#idle
2

0.0416667
1 0 0 0 
0 1 0 0 
0 0 1 0 
0 0 0 1 

1 0 0 0 
0 1 0 0 
0 0 1 0 
0 0 0 1 

1 0 0 0 
0 1 0 0 
0 0 1 0 
0 0 0 1 

1 0 0 0 
0 1 0 0 
0 0 1 0 
0 0 0 1 

1 0 0 0 
0 1 0 0 
0 0 1 0 
0 0 0 1 

1 2.01944e-010 -7.24651e-019 0 
-2.01944e-010 1 -7.17675e-009 0 
-7.24651e-019 7.17675e-009 1 0 
0 0 1.49012e-007 1 

1 2.01944e-010 -7.24651e-019 0 
-2.01944e-010 1 -7.17675e-009 0 
-7.24651e-019 7.17675e-009 1 0 
0 0 1.78814e-007 1 

1 2.01944e-010 -7.24651e-019 0 
-2.01944e-010 1 -7.17675e-009 0 
-7.24651e-019 7.17675e-009 1 0 
0 0 1.19209e-007 1 

1 0 0 0 
0 1 0 0 
0 0 1 0 
0 0 0 1 

1 0 -1.66898e-015 0 
0 1 0 0 
1.66898e-015 0 1 0 
0 0 0 1 

1 0 -1.66898e-015 0 
0 1 0 0 
1.66898e-015 0 1 0 
0 0 0 1 

1 0 0 0 
0 1 0 0 
0 0 1 0 
0 0 0 1 

1 0 0 0 
0 1 0 0 
0 0 1 0 
0 0 0 1 

1 0 0 0 
0 1 0 0 
0 0 1 0 
0 0 0 1 

1 0 0 0 
0 1 0 0 
0 0 1 0 
0 0 0 1 

1 -5.23096e-010 1.4892e-008 0 
5.23096e-010 1 3.89497e-018 0 
-1.4892e-008 3.89497e-018 1 0 
0 0 2.23517e-008 1 

1 -5.23096e-010 1.4892e-008 0 
5.23096e-010 1 1.01542e-015 0 
-1.4892e-008 -1.00763e-015 1 0 
0 0 2.98023e-008 1 

1 -5.23096e-010 1.4892e-008 0 
5.23096e-010 1 1.01542e-015 0 
-1.4892e-008 -1.00763e-015 1 0 
0 0 2.98023e-008 1 

1 -5.23096e-010 1.4892e-008 0 
5.23096e-010 1 1.01542e-015 0 
-1.4892e-008 -1.00763e-015 1 0 
0 0 0 1 

0.0833333
1 0 0 0 
0 1 0 0 
0 0 1 0 
0 0 0 1 

1 0 0 0 
0 1 0 0 
0 0 1 0 
0 0 0 1 

1 0 0 0 
0 1 0 0 
0 0 1 0 
0 0 0 1 

1 0 0 0 
0 1 0 0 
0 0 1 0 
0 0 0 1 

1 0 0 0 
0 1 0 0 
0 0 1 0 
0 0 0 1 

0.959029 -0.0771563 -0.272599 0 
0.0983483 0.993031 0.0649313 0 
0.26569 -0.0890807 0.959934 0 
-1.69086 0.300833 -0.561117 1 

0.942859 -0.113854 0.313137 0 
0.0983483 0.993031 0.0649313 0 
-0.318348 -0.0304245 0.947486 0 
-2.06928 0.621975 -4.89936 1 

0.942859 -0.113854 0.313137 0 
0.0983483 0.993031 0.0649313 0 
-0.318348 -0.0304245 0.947486 0 
-2.06928 0.621975 -4.89936 1 

0.940402 -0.0390907 0.337809 0 
0.0578275 0.997286 -0.0455778 0 
-0.335111 0.0623962 0.94011 0 
-1.35658 -0.0368881 1.76745 1 

0.892975 -0.0720843 -0.444297 0 
0.0578275 0.997286 -0.0455778 0 
0.446377 0.0150072 0.894719 0 
-1.21032 -0.310814 -4.04075 1 

0.892975 -0.0720843 -0.444297 0 
0.0578275 0.997286 -0.0455778 0 
0.446377 0.0150072 0.894719 0 
-1.21032 -0.310814 -4.04075 1 

0.998845 0.048034 -0.00130901 0 
-0.0477167 0.988301 -0.14486 0 
-0.00566451 0.144755 0.989451 0 
0.606782 0.0511513 1.83765 1 

0.998845 0.048034 -0.00130901 0 
-0.0468826 0.980152 0.192625 0 
0.0105356 -0.192342 0.981272 0 
0.598788 0.159232 -0.295749 1 

0.998845 0.048034 -0.00130901 0 
-0.0469211 0.980854 0.189006 0 
0.0103626 -0.188726 0.981975 0 
0.598796 0.159235 -0.29016 1 

0.998845 0.048034 -0.00130901 0 
-0.0469211 0.980854 0.189006 0 
0.0103626 -0.188726 0.981975 0 
0.598796 0.159235 -0.29016 1 

0.998129 -0.0379073 0.047982 0 
0.0535247 0.921037 -0.385781 0 
-0.0295693 0.387627 0.921342 0 
-0.677734 0.899428 4.96995 1 

0.998129 -0.0379073 0.047982 0 
0.0183388 0.934117 0.356495 0 
-0.0583346 -0.354948 0.933064 0 
-0.450341 0.941221 0.272712 1 

0.998129 -0.0379073 0.047982 0 
0.0185885 0.935629 0.352495 0 
-0.0582555 -0.350944 0.934583 0 
-0.45069 0.940132 0.279102 1 

0.998129 -0.0379073 0.047982 0 
0.0185885 0.935629 0.352495 0 
-0.0582555 -0.350944 0.934583 0 
-0.450689 0.940132 0.279102 1 

CLIPNAME#twitching
3

0.125
1 0 0 0 
0 1 0 0 
0 0 1 0 
0 0 0 1 

1 0 0 0 
0 1 0 0 
0 0 1 0 
0 0 0 1 

1 0 0 0 
0 1 0 0 
0 0 1 0 
0 0 0 1 

1 0 0 0 
0 1 0 0 
0 0 1 0 
0 0 0 1 

1 0 0 0 
0 1 0 0 
0 0 1 0 
0 0 0 1 

0.848669 -0.252794 -0.464604 0 
0.375048 0.906993 0.19158 0 
0.372962 -0.336837 0.864546 0 
-6.70022 2.32192 -2.54163 1 

0.728233 -0.416146 0.544517 0 
0.375048 0.906993 0.19158 0 
-0.573598 0.0647049 0.816577 0 
-6.61733 3.87113 -10.0383 1 

0.728233 -0.416146 0.544517 0 
0.375048 0.906993 0.19158 0 
-0.573598 0.0647049 0.816577 0 
-6.61733 3.87113 -10.0383 1 

0.840289 -0.0716176 0.537387 0 
0.239711 0.938158 -0.249797 0 
-0.486264 0.338719 0.805492 0 
-5.20168 1.08967 6.2501 1 

0.480992 -0.338264 -0.808841 0 
0.239711 0.938158 -0.249797 0 
0.843318 -0.0737375 0.532332 0 
-7.01159 -1.14287 -3.87143 1 

0.480992 -0.338264 -0.808841 0 
0.239711 0.938158 -0.249797 0 
0.843318 -0.0737375 0.532332 0 
-7.01159 -1.14287 -3.87143 1 

0.98618 0.165566 -0.00608202 0 
-0.160036 0.942455 -0.293543 0 
-0.0428688 0.29046 0.955927 0 
2.05453 0.415751 3.73199 1 

0.98618 0.165566 -0.00608202 0 
-0.14962 0.905763 0.396493 0 
0.0711547 -0.390103 0.918018 0 
1.96952 0.761977 -0.626489 1 

0.98618 0.165566 -0.00608202 0 
-0.150624 0.91126 0.383299 0 
0.0690036 -0.377085 0.923604 0 
1.97039 0.757574 -0.605239 1 

0.98618 0.165566 -0.00608202 0 
-0.150624 0.91126 0.383299 0 
0.0690036 -0.377085 0.923604 0 
1.97039 0.757574 -0.605239 1 

0.965865 -0.160585 0.203268 0 
0.258925 0.622518 -0.738531 0 
-0.00794163 0.765953 0.642848 0 
-3.33256 4.44423 9.71399 1 

0.965865 -0.160585 0.203268 0 
0.0543981 0.892913 0.44693 0 
-0.253271 -0.420617 0.871169 0 
-1.99768 2.93284 2.17705 1 

0.965865 -0.160585 0.203268 0 
0.0586058 0.89979 0.432369 0 
-0.252331 -0.405698 0.878487 0 
-2.00366 2.92693 2.20083 1 

0.965865 -0.160585 0.203268 0 
0.0586058 0.89979 0.432369 0 
-0.252331 -0.405698 0.878487 0 
-2.00366 2.92693 2.20083 1 

0.166667
1 0 0 0 
0 1 0 0 
0 0 1 0 
0 0 0 1 

1 0 0 0 
0 1 0 0 
0 0 1 0 
0 0 0 1 

1 0 0 0 
0 1 0 0 
0 0 1 0 
0 0 0 1 

1 0 0 0 
0 1 0 0 
0 0 1 0 
0 0 0 1 

1 0 0 0 
0 1 0 0 
0 0 1 0 
0 0 0 1 

0.678488 -0.560534 -0.474822 0 
0.70996 0.666374 0.227821 0 
0.188707 -0.491678 0.850083 0 
-12.7861 7.70039 -3.21937 1 

0.447421 -0.676621 0.584807 0 
0.70996 0.666374 0.227821 0 
-0.543848 0.313258 0.778523 0 
-11.7034 9.24428 -11.1093 1 

0.447421 -0.676621 0.584807 0 
0.70996 0.666374 0.227821 0 
-0.543848 0.313258 0.778523 0 
-11.7034 9.24428 -11.1093 1 

0.879987 -0.271029 0.390085 0 
0.463814 0.667446 -0.582574 0 
-0.102466 0.693584 0.713051 0 
-9.38855 5.92144 12.3355 1 

-0.299628 -0.500654 -0.812139 0 
0.463814 0.667446 -0.582574 0 
0.833726 -0.551237 0.0322252 0 
-17.5102 3.43341 3.01898 1 

-0.299628 -0.500654 -0.812139 0 
0.463814 0.667446 -0.582574 0 
0.833726 -0.551237 0.0322252 0 
-17.5102 3.43341 3.01898 1 

0.950316 0.310892 -0.0156509 0 
-0.290246 0.866794 -0.405493 0 
-0.112498 0.389889 0.913964 0 
3.77182 1.1151 5.17025 1 

0.950316 0.310892 -0.0156509 0 
-0.250037 0.792314 0.556525 0 
0.185419 -0.524961 0.830684 0 
3.46751 1.73965 -0.901041 1 

0.950316 0.310892 -0.0156509 0 
-0.255716 0.808351 0.530263 0 
0.177506 -0.499915 0.847689 0 
3.47367 1.72305 -0.857038 1 

0.950316 0.310892 -0.0156509 0 
-0.255716 0.808351 0.530263 0 
0.177506 -0.499915 0.847689 0 
3.47367 1.72305 -0.857038 1 

0.853968 -0.264036 0.448357 0 
0.507259 0.230563 -0.830379 0 
0.115876 0.93655 0.330828 0 
-6.66904 9.2243 11.3015 1 

0.853968 -0.264036 0.448357 0 
0.245088 0.964223 0.10102 0 
-0.458989 0.0236184 0.888128 0 
-4.91426 4.73662 5.31648 1 

0.853968 -0.264036 0.448357 0 
0.261605 0.962728 0.0686799 0 
-0.44978 0.0586418 0.891212 0 
-4.93617 4.749 5.36549 1 

0.853968 -0.264036 0.448357 0 
0.261605 0.962728 0.0686799 0 
-0.44978 0.0586418 0.891212 0 
-4.93617 4.749 5.36549 1 

0.208333
1 0 0 0 
0 1 0 0 
0 0 1 0 
0 0 0 1 

1 0 0 0 
0 1 0 0 
0 0 1 0 
0 0 0 1 

1 0 0 0 
0 1 0 0 
0 0 1 0 
0 0 0 1 

1 0 0 0 
0 1 0 0 
0 0 1 0 
0 0 0 1 

1 0 0 0 
0 1 0 0 
0 0 1 0 
0 0 0 1 

0.416103 -0.856797 -0.30456 0 
0.909313 0.393133 0.136369 0 
0.00289243 -0.333684 0.942681 0 
-16.0201 13.7951 -1.86224 1 

0.301778 -0.84868 0.434364 0 
0.909313 0.393133 0.136369 0 
-0.286496 0.353819 0.890355 0 
-15.4221 14.3212 -7.36628 1 

0.301778 -0.84868 0.434364 0 
0.909313 0.393133 0.136369 0 
-0.286496 0.353819 0.890355 0 
-15.4221 14.3212 -7.36628 1 

0.631689 -0.765371 0.123191 0 
0.562408 0.343086 -0.752322 0 
0.533541 0.544517 0.647175 0 
-11.8323 10.9155 14.93 1 

-0.725713 -0.231245 -0.647971 0 
0.562408 0.343086 -0.752322 0 
0.396281 -0.910394 -0.118928 0 
-21.95 13.9376 8.74463 1 

-0.725713 -0.231245 -0.647971 0 
0.562408 0.343086 -0.752322 0 
0.396281 -0.910394 -0.118928 0 
-21.95 13.9376 8.74463 1 

0.897227 0.440537 -0.0301695 0 
-0.400164 0.78231 -0.477347 0 
-0.186687 0.440361 0.878197 0 
5.26208 1.95802 6.10861 1 

0.897227 0.440537 -0.0301695 0 
-0.310681 0.678352 0.66582 0 
0.313784 -0.588018 0.745503 0 
4.61213 2.78807 -1.10025 1 

0.897227 0.440537 -0.0301695 0 
-0.327148 0.70907 0.624655 0 
0.296576 -0.550588 0.780318 0 
4.63164 2.75322 -1.02891 1 

0.897227 0.440537 -0.0301695 0 
-0.327148 0.70907 0.624655 0 
0.296576 -0.550588 0.780318 0 
4.63163 2.75322 -1.02891 1 

0.708391 -0.0700844 0.702332 0 
0.695604 0.238006 -0.677855 0 
-0.119652 0.968732 0.217352 0 
-9.26298 9.43734 9.78851 1 

0.708391 -0.0700844 0.702332 0 
0.544094 0.688069 -0.480127 0 
-0.449603 0.722253 0.525555 0 
-8.24926 6.6318 8.48609 1 

0.708391 -0.0700844 0.702332 0 
0.57118 0.641493 -0.512094 0 
-0.414651 0.763921 0.494459 0 
-8.27942 6.71317 8.52464 1 

0.708391 -0.0700844 0.702332 0 
0.57118 0.641493 -0.512094 0 
-0.414651 0.763921 0.494459 0 
-8.27942 6.71317 8.52464 1 

CLIPNAME#turning
3

0.25
1 0 0 0 
0 1 0 0 
0 0 1 0 
0 0 0 1 

1 0 0 0 
0 1 0 0 
0 0 1 0 
0 0 0 1 

1 0 0 0 
0 1 0 0 
0 0 1 0 
0 0 0 1 

1 0 0 0 
0 1 0 0 
0 0 1 0 
0 0 0 1 

1 0 0 0 
0 1 0 0 
0 0 1 0 
0 0 0 1 

0.442806 -0.819845 -0.363011 0 
0.896274 0.415937 0.153911 0 
0.0248069 -0.39351 0.918986 0 
-15.8296 13.2374 -2.058 1 

0.272948 -0.790851 0.547773 0 
0.896274 0.415937 0.153911 0 
-0.349559 0.448945 0.822348 0 
-14.8938 13.7413 -8.86957 1 

0.272948 -0.790851 0.547773 0 
0.896274 0.415937 0.153911 0 
-0.349559 0.448945 0.822348 0 
-14.8938 13.7413 -8.86957 1 

0.655696 -0.749572 0.0905805 0 
0.552551 0.394635 -0.734132 0 
0.514539 0.531418 0.672938 0 
-11.5807 9.94849 14.4946 1 

-0.72572 -0.205376 -0.656621 0 
0.552551 0.394635 -0.734132 0 
0.409899 -0.895591 -0.172914 0 
-21.8551 13.0628 8.43552 1 

-0.72572 -0.205376 -0.656621 0 
0.552551 0.394635 -0.734132 0 
0.409899 -0.895591 -0.172914 0 
-21.8551 13.0628 8.43552 1 

0.906473 0.419921 -0.0444204 0 
-0.388605 0.788432 -0.476824 0 
-0.165206 0.44949 0.877876 0 
5.0977 1.91482 6.1264 1 

0.906473 0.419921 -0.0444204 0 
-0.282515 0.681291 0.675298 0 
0.313835 -0.59959 0.736206 0 
4.34628 2.76847 -1.13761 1 

0.906473 0.419921 -0.0444204 0 
-0.307171 0.727926 0.613001 0 
0.289747 -0.542024 0.788832 0 
4.37598 2.71578 -1.02967 1 

0.906473 0.419921 -0.0444204 0 
-0.307171 0.727926 0.613001 0 
0.289747 -0.542024 0.788832 0 
4.37598 2.71578 -1.02967 1 

0.725528 -0.115914 0.678361 0 
0.687851 0.153227 -0.709495 0 
-0.0217025 0.981369 0.190902 0 
-9.1474 10.4362 10.1535 1 

0.725528 -0.115914 0.678361 0 
0.470412 0.80301 -0.365906 0 
-0.502317 0.584584 0.637133 0 
-7.69139 6.39252 7.90527 1 

0.725528 -0.115914 0.678361 0 
0.515868 0.744039 -0.4246 0 
-0.45551 0.658004 0.599617 0 
-7.74544 6.50155 7.98172 1 

0.725528 -0.115914 0.678361 0 
0.515868 0.744039 -0.4246 0 
-0.45551 0.658004 0.599617 0 
-7.74544 6.50155 7.98172 1 

0.291667
1 0 0 0 
0 1 0 0 
0 0 1 0 
0 0 0 1 

1 0 0 0 
0 1 0 0 
0 0 1 0 
0 0 0 1 

1 0 0 0 
0 1 0 0 
0 0 1 0 
0 0 0 1 

1 0 0 0 
0 1 0 0 
0 0 1 0 
0 0 0 1 

1 0 0 0 
0 1 0 0 
0 0 1 0 
0 0 0 1 

0.473446 -0.782751 -0.403918 0 
0.879582 0.444473 0.169646 0 
0.0467399 -0.435597 0.898928 0 
-15.5789 12.5754 -2.26298 1 

0.239233 -0.721451 0.649827 0 
0.879582 0.444473 0.169646 0 
-0.411222 0.530991 0.740908 0 
-14.2388 12.9465 -10.1831 1 

0.239233 -0.721451 0.649827 0 
0.879582 0.444473 0.169646 0 
-0.411222 0.530991 0.740908 0 
-14.2388 12.9465 -10.1831 1 

0.68164 -0.729712 0.053733 0 
0.539019 0.451133 -0.711293 0 
0.494798 0.513808 0.700839 0 
-11.2524 8.8947 13.9577 1 

-0.725659 -0.180024 -0.664086 0 
0.539019 0.451133 -0.711293 0 
0.42764 -0.874111 -0.230332 0 
-21.6943 12.0744 8.06149 1 

-0.725659 -0.180024 -0.664086 0 
0.539019 0.451133 -0.711293 0 
0.42764 -0.874111 -0.230332 0 
-21.6943 12.0744 8.06149 1 

0.915459 0.397743 -0.0611091 0 
-0.377056 0.794782 -0.475552 0 
-0.140579 0.45839 0.877562 0 
4.93357 1.87142 6.13886 1 

0.915459 0.397743 -0.0611091 0 
-0.251195 0.683464 0.685403 0 
0.31438 -0.612109 0.725595 0 
4.06113 2.75509 -1.17929 1 

0.915459 0.397743 -0.0611091 0 
-0.285266 0.748545 0.598585 0 
0.283826 -0.530548 0.798725 0 
4.10296 2.68192 -1.02892 1 

0.915459 0.397743 -0.0611091 0 
-0.285266 0.748545 0.598585 0 
0.283826 -0.530548 0.798725 0 
4.10296 2.68192 -1.02892 1 

0.740953 -0.153608 0.653753 0 
0.669842 0.0995227 -0.735804 0 
0.0479617 0.983107 0.176634 0 
-8.9018 11.0557 10.4487 1 

0.740953 -0.153608 0.653753 0 
0.401424 0.881736 -0.247792 0 
-0.538375 0.446035 0.714987 0 
-7.10559 6.19786 7.27147 1 

0.740953 -0.153608 0.653753 0 
0.468873 0.815264 -0.339857 0 
-0.480777 0.558345 0.676095 0 
-7.18924 6.32932 7.39717 1 

0.740953 -0.153608 0.653753 0 
0.468873 0.815264 -0.339857 0 
-0.480777 0.558345 0.676095 0 
-7.18924 6.32932 7.39717 1 

0.333333
1 0 0 0 
0 1 0 0 
0 0 1 0 
0 0 0 1 

1 0 0 0 
0 1 0 0 
0 0 1 0 
0 0 0 1 

1 0 0 0 
0 1 0 0 
0 0 1 0 
0 0 0 1 

1 0 0 0 
0 1 0 0 
0 0 1 0 
0 0 0 1 

1 0 0 0 
0 1 0 0 
0 0 1 0 
0 0 0 1 

0.508016 -0.747079 -0.428711 0 
0.858506 0.479565 0.181618 0 
0.069912 -0.460316 0.884998 0 
-15.2534 11.7971 -2.43483 1 

0.200855 -0.640333 0.741371 0 
0.858506 0.479565 0.181618 0 
-0.471832 0.599992 0.646053 0 
-13.4458 11.9124 -11.2835 1 

0.200855 -0.640333 0.741371 0 
0.858506 0.479565 0.181618 0 
-0.471832 0.599992 0.646053 0 
-13.4458 11.9124 -11.2835 1 

0.709326 -0.704764 0.0128669 0 
0.520499 0.511384 -0.683789 0 
0.47533 0.491726 0.729566 0 
-10.8222 7.78013 13.3193 1 

-0.725755 -0.15694 -0.669813 0 
0.520499 0.511384 -0.683789 0 
0.449846 -0.8449 -0.289452 0 
-21.4428 10.9787 7.62697 1 

-0.725755 -0.15694 -0.669813 0 
0.520499 0.511384 -0.683789 0 
0.449846 -0.8449 -0.289452 0 
-21.4428 10.9787 7.62697 1 

0.923834 0.374356 -0.0799284 0 
-0.365672 0.801312 -0.473479 0 
-0.113202 0.466644 0.877171 0 
4.77228 1.82788 6.14483 1 

0.923834 0.374356 -0.0799284 0 
-0.217194 0.684561 0.695847 0 
0.31521 -0.625487 0.713728 0 
3.76124 2.74955 -1.22435 1 

0.923834 0.374356 -0.0799284 0 
-0.261781 0.770199 0.581605 0 
0.279288 -0.516383 0.809535 0 
3.81715 2.65377 -1.0266 1 

0.923834 0.374356 -0.0799284 0 
-0.261781 0.770199 0.581605 0 
0.279288 -0.516383 0.809535 0 
3.81715 2.65377 -1.0266 1 

0.755361 -0.181991 0.629531 0 
0.648517 0.0696418 -0.758008 0 
0.0941092 0.980831 0.170629 0 
-8.61343 11.3888 10.6917 1 

0.755361 -0.181991 0.629531 0 
0.330544 0.935312 -0.126223 0 
-0.565837 0.303432 0.766654 0 
-6.49141 6.02664 6.59535 1 

0.755361 -0.181991 0.629531 0 
0.423464 0.868702 -0.256972 0 
-0.500109 0.46069 0.73325 0 
-6.61059 6.17134 6.78019 1 

0.755361 -0.181991 0.629531 0 
0.423464 0.868702 -0.256972 0 
-0.500109 0.46069 0.73325 0 
-6.61059 6.17134 6.78019 1 

CLIPNAME#nodding
11

1.04167
1 0 0 0 
0 1 0 0 
0 0 1 0 
0 0 0 1 

1 0 0 0 
0 1 0 0 
0 0 1 0 
0 0 0 1 

1 0 0 0 
0 1 0 0 
0 0 1 0 
0 0 0 1 

1 0 0 0 
0 1 0 0 
0 0 1 0 
0 0 0 1 

1 0 0 0 
0 1 0 0 
0 0 1 0 
0 0 0 1 

0.88229 -0.133687 0.451323 0 
0.360575 0.808288 -0.465463 0 
-0.302573 0.573409 0.761349 0 
-6.76085 4.25713 7.71701 1 

-0.313336 0.575 0.755774 0 
0.360575 0.808288 -0.465463 0 
-0.878525 0.126667 -0.460597 0 
1.58186 -1.35975 4.42592 1 

-0.313336 0.575 0.755774 0 
0.360575 0.808288 -0.465463 0 
-0.878525 0.126667 -0.460597 0 
1.58186 -1.35975 4.42592 1 

0.775466 0.308305 -0.550999 0 
-0.558937 0.741103 -0.371963 0 
0.293669 0.596419 0.747023 0 
10.3767 5.99126 5.75149 1 

-0.369501 -0.624179 -0.688382 0 
-0.558937 0.741103 -0.371963 0 
0.742333 0.247322 -0.622714 0 
2.20114 -1.12118 3.86568 1 

-0.369501 -0.624179 -0.688382 0 
-0.558937 0.741103 -0.371963 0 
0.742333 0.247322 -0.622714 0 
2.20114 -1.12118 3.86568 1 

0.917948 0.10355 -0.382946 0 
-0.257274 0.890192 -0.37599 0 
0.301962 0.443662 0.843791 0 
3.36714 1.16788 5.43198 1 

0.917948 0.10355 -0.382946 0 
0.262894 0.564128 0.782718 0 
0.297081 -0.819169 0.490617 0 
0.0776255 3.44219 -1.83822 1 

0.917948 0.10355 -0.382946 0 
-0.00151691 0.96624 0.25764 0 
0.396697 -0.235919 0.887115 0 
0.499888 3.01306 -0.942065 1 

0.917948 0.10355 -0.382946 0 
-0.00151691 0.96624 0.25764 0 
0.396697 -0.235919 0.887115 0 
0.499888 3.01306 -0.942065 1 

0.917399 -0.0500748 0.394806 0 
0.209843 0.903802 -0.372972 0 
-0.33815 0.425011 0.839655 0 
-2.75478 1.09435 5.37154 1 

0.917399 -0.0500748 0.394806 0 
-0.305377 0.54757 0.779046 0 
-0.255195 -0.83526 0.487048 0 
0.490341 3.55905 -1.85643 1 

0.917399 -0.0500748 0.394806 0 
-0.0114536 0.988319 0.151967 0 
-0.397804 -0.143936 0.906109 0 
0.0117058 3.10378 -0.80198 1 

0.917399 -0.0500748 0.394806 0 
-0.0114536 0.988319 0.151967 0 
-0.397804 -0.143936 0.906109 0 
0.0117056 3.10378 -0.801979 1 

1.08333
1 0 0 0 
0 1 0 0 
0 0 1 0 
0 0 0 1 

1 0 0 0 
0 1 0 0 
0 0 1 0 
0 0 0 1 

1 0 0 0 
0 1 0 0 
0 0 1 0 
0 0 0 1 

1 0 0 0 
0 1 0 0 
0 0 1 0 
0 0 0 1 

1 0 0 0 
0 1 0 0 
0 0 1 0 
0 0 0 1 

0.897775 -0.0933538 0.430447 0 
0.332858 0.783821 -0.524243 0 
-0.288453 0.61393 0.734768 0 
-6.26124 4.63963 8.89451 1 

-0.292215 0.614316 0.732957 0 
0.332858 0.783821 -0.524243 0 
-0.896558 0.0907787 -0.433525 0 
2.01243 -1.03487 5.6635 1 

-0.292215 0.614316 0.732957 0 
0.332858 0.783821 -0.524243 0 
-0.896558 0.0907787 -0.433525 0 
2.01243 -1.03487 5.6635 1 

0.815898 0.248939 -0.521861 0 
-0.509328 0.736642 -0.444908 0 
0.27367 0.628798 0.727817 0 
9.51101 5.92861 7.24762 1 

-0.358643 -0.65165 -0.668377 0 
-0.509328 0.736642 -0.444908 0 
0.782279 0.18086 -0.596095 0 
1.15507 -1.01098 5.32345 1 

-0.358643 -0.65165 -0.668377 0 
-0.509328 0.736642 -0.444908 0 
0.782279 0.18086 -0.596095 0 
1.15507 -1.01098 5.32345 1 

0.933302 0.0984539 -0.345331 0 
-0.225957 0.90844 -0.351682 0 
0.279088 0.406256 0.870095 0 
2.94667 0.949363 5.05714 1 

0.933302 0.0984539 -0.345331 0 
0.223045 0.594731 0.772364 0 
0.281422 -0.797873 0.533104 0 
0.106115 3.13567 -1.99651 1 

0.933302 0.0984539 -0.345331 0 
0.0174072 0.948145 0.317361 0 
0.35867 -0.302205 0.883192 0 
0.434451 2.7536 -1.21807 1 

0.933302 0.0984539 -0.345331 0 
0.0174072 0.948145 0.317361 0 
0.35867 -0.302205 0.883192 0 
0.434451 2.7536 -1.21807 1 

0.933569 -0.0456637 0.355476 0 
0.178067 0.919865 -0.349487 0 
-0.311031 0.389569 0.866889 0 
-2.3293 0.901647 5.00837 1 

0.933569 -0.0456637 0.355476 0 
-0.264669 0.58094 0.769714 0 
-0.241658 -0.812665 0.530262 0 
0.459598 3.24714 -2.01469 1 

0.933569 -0.0456637 0.355476 0 
-0.0415543 0.971369 0.233912 0 
-0.355979 -0.233145 0.904943 0 
0.0945106 2.83431 -1.10891 1 

0.933569 -0.0456637 0.355476 0 
-0.0415543 0.971369 0.233912 0 
-0.355979 -0.233145 0.904943 0 
0.0945106 2.83431 -1.10891 1 

1.125
1 0 0 0 
0 1 0 0 
0 0 1 0 
0 0 0 1 

1 0 0 0 
0 1 0 0 
0 0 1 0 
0 0 0 1 

1 0 0 0 
0 1 0 0 
0 0 1 0 
0 0 0 1 

1 0 0 0 
0 1 0 0 
0 0 1 0 
0 0 0 1 

1 0 0 0 
0 1 0 0 
0 0 1 0 
0 0 0 1 

0.921828 0.027048 0.386655 0 
0.248285 0.724822 -0.642641 0 
-0.297639 0.688405 0.661446 0 
-4.69624 5.4933 11.2634 1 

-0.232061 0.688602 0.687004 0 
0.248285 0.724822 -0.642641 0 
-0.94048 0.0214409 -0.339172 0 
3.28108 0.0369244 8.19128 1 

-0.232061 0.688602 0.687004 0 
0.248285 0.724822 -0.642641 0 
-0.94048 0.0214409 -0.339172 0 
3.28108 0.0369244 8.19128 1 

0.889322 0.0854766 -0.449222 0 
-0.370748 0.709832 -0.598903 0 
0.26768 0.699165 0.662959 0 
6.99926 6.03563 10.4303 1 

-0.310487 -0.702488 -0.640397 0 
-0.370748 0.709832 -0.598903 0 
0.875296 0.0514746 -0.480839 0 
-1.48047 -0.198681 8.29061 1 

-0.310487 -0.702488 -0.640397 0 
-0.370748 0.709832 -0.598903 0 
0.875296 0.0514746 -0.480839 0 
-1.48047 -0.198679 8.29061 1 

0.96406 0.0829663 -0.252398 0 
-0.154375 0.948095 -0.277999 0 
0.216233 0.306972 0.926829 0 
1.99409 0.483886 3.95937 1 

0.96406 0.0829663 -0.252398 0 
0.13331 0.670692 0.729657 0 
0.229818 -0.737081 0.635528 0 
0.172056 2.41369 -2.36572 1 

0.96406 0.0829663 -0.252398 0 
0.041809 0.890781 0.452505 0 
0.262374 -0.446794 0.855298 0 
0.317627 2.17043 -1.88967 1 

0.96406 0.0829663 -0.252398 0 
0.041809 0.890781 0.452505 0 
0.262374 -0.446794 0.855298 0 
0.317627 2.17043 -1.88967 1 

0.965808 -0.0315125 0.257338 0 
0.105056 0.955012 -0.277335 0 
-0.237021 0.294887 0.925669 0 
-1.36074 0.488955 3.93155 1 

0.965808 -0.0315125 0.257338 0 
-0.17259 0.662537 0.728874 0 
-0.193464 -0.748366 0.634444 0 
0.388208 2.51397 -2.3844 1 

0.965808 -0.0315125 0.257338 0 
-0.0832507 0.902325 0.422941 0 
-0.24553 -0.429904 0.868849 0 
0.240197 2.24957 -1.86128 1 

0.965808 -0.0315125 0.257338 0 
-0.0832507 0.902325 0.422941 0 
-0.24553 -0.429904 0.868849 0 
0.240197 2.24957 -1.86128 1 

1.16667
1 0 0 0 
0 1 0 0 
0 0 1 0 
0 0 0 1 

1 0 0 0 
0 1 0 0 
0 0 1 0 
0 0 0 1 

1 0 0 0 
0 1 0 0 
0 0 1 0 
0 0 0 1 

1 0 0 0 
0 1 0 0 
0 0 1 0 
0 0 0 1 

1 0 0 0 
0 1 0 0 
0 0 1 0 
0 0 0 1 

0.909447 0.18079 0.374462 0 
0.18594 0.628674 -0.755113 0 
-0.371932 0.756362 0.538129 0 
-3.48986 6.97453 13.4175 1 

-0.121832 0.777336 0.617176 0 
0.18594 0.628674 -0.755113 0 
-0.974979 0.0227614 -0.22113 0 
3.61549 1.94165 10.977 1 

-0.121832 0.777336 0.617176 0 
0.18594 0.628674 -0.755113 0 
-0.974979 0.0227614 -0.22113 0 
3.61549 1.94165 10.977 1 

0.910144 -0.106397 -0.400397 0 
-0.25233 0.62416 -0.739429 0 
0.328584 0.774018 0.541228 0 
4.7564 7.21726 13.2753 1 

-0.18418 -0.781165 -0.596539 0 
-0.25233 0.62416 -0.739429 0 
0.949951 0.0143365 -0.312069 0 
-2.93512 1.74822 11.2836 1 

-0.18418 -0.781165 -0.596539 0 
-0.25233 0.62416 -0.739429 0 
0.949951 0.0143365 -0.312069 0 
-2.93512 1.74821 11.2836 1 

0.988571 0.0590151 -0.138724 0 
-0.0804107 0.984781 -0.154082 0 
0.127519 0.163475 0.978271 0 
1.02469 0.0750284 2.19056 1 

0.988571 0.0590151 -0.138724 0 
0.0433074 0.770236 0.636287 0 
0.144401 -0.635023 0.758877 0 
0.239274 1.56605 -2.77213 1 

0.988571 0.0590151 -0.138724 0 
0.0339312 0.809481 0.586165 0 
0.146887 -0.584173 0.798227 0 
0.253944 1.5224 -2.68616 1 

0.988571 0.0590151 -0.138724 0 
0.0339312 0.809481 0.586165 0 
0.146887 -0.584173 0.798227 0 
0.253944 1.5224 -2.68616 1 

0.990672 -0.00872634 0.135987 0 
0.0298704 0.987583 -0.154234 0 
-0.132952 0.156857 0.978631 0 
-0.379542 0.127173 2.17299 1 

0.990672 -0.00872634 0.135987 0 
-0.080608 0.767088 0.636458 0 
-0.109868 -0.641483 0.759229 0 
0.31542 1.6558 -2.79175 1 

0.990672 -0.00872634 0.135987 0 
-0.0775155 0.784663 0.615057 0 
-0.112071 -0.619861 0.776667 0 
0.31018 1.63593 -2.75485 1 

0.990672 -0.00872634 0.135987 0 
-0.0775155 0.784663 0.615057 0 
-0.112071 -0.619861 0.776667 0 
0.31018 1.63593 -2.75485 1 

1.20833
1 0 0 0 
0 1 0 0 
0 0 1 0 
0 0 0 1 

1 0 0 0 
0 1 0 0 
0 0 1 0 
0 0 0 1 

1 0 0 0 
0 1 0 0 
0 0 1 0 
0 0 0 1 

1 0 0 0 
0 1 0 0 
0 0 1 0 
0 0 0 1 

1 0 0 0 
0 1 0 0 
0 0 1 0 
0 0 0 1 

0.857962 0.329435 0.394174 0 
0.168736 0.544012 -0.821936 0 
-0.48521 0.771702 0.411154 0 
-3.0672 8.2278 14.6074 1 

0.0103563 0.832869 0.553374 0 
0.168736 0.544012 -0.821936 0 
-0.985607 0.101886 -0.134901 0 
2.76863 3.93724 12.9657 1 

0.0103563 0.832869 0.553374 0 
0.168736 0.544012 -0.821936 0 
-0.985607 0.101886 -0.134901 0 
2.76863 3.93724 12.9657 1 

0.872965 -0.279196 -0.399978 0 
-0.202742 0.538125 -0.818118 0 
0.443654 0.79528 0.413159 0 
3.71515 8.44489 14.7847 1 

-0.0231449 -0.837869 -0.545381 0 
-0.202742 0.538125 -0.818118 0 
0.978959 0.0916362 -0.182326 0 
-2.56637 3.86935 13.3318 1 

-0.0231449 -0.837869 -0.545381 0 
-0.202742 0.538125 -0.818118 0 
0.978959 0.0916362 -0.182326 0 
-2.56637 3.86935 13.3318 1 

0.998379 0.0353046 -0.0446341 0 
-0.0353968 0.999372 -0.00127558 0 
0.044561 0.00285342 0.999003 0 
0.446421 -0.052722 0.0925838 1 

0.998379 0.0353046 -0.0446341 0 
-0.00843911 0.867483 0.497395 0 
0.0562797 -0.496212 0.866375 0 
0.273935 0.865242 -3.03952 1 

0.998379 0.0353046 -0.0446341 0 
0.00232612 0.758336 0.651859 0 
0.0568613 -0.650907 0.757025 0 
0.258088 0.98277 -3.30103 1 

0.998379 0.0353046 -0.0446341 0 
0.00232612 0.758336 0.651859 0 
0.0568613 -0.650907 0.757025 0 
0.258088 0.98277 -3.30103 1 

0.999285 0.0142203 0.0350263 0 
-0.0141808 0.999899 -0.00137762 0 
-0.0350423 0.000879934 0.999385 0 
0.182017 0.0239668 0.0735986 1 

0.999285 0.0142203 0.0350263 0 
-0.0297752 0.866954 0.497497 0 
-0.0232916 -0.498185 0.866758 0 
0.278689 0.948602 -3.0598 1 

0.999285 0.0142203 0.0350263 0 
-0.0351256 0.691764 0.721268 0 
-0.0139733 -0.721983 0.691769 0 
0.289351 1.14435 -3.44345 1 

0.999285 0.0142203 0.0350263 0 
-0.0351256 0.691764 0.721268 0 
-0.0139733 -0.721983 0.691769 0 
0.289351 1.14435 -3.44345 1 

1.25
1 0 0 0 
0 1 0 0 
0 0 1 0 
0 0 0 1 

1 0 0 0 
0 1 0 0 
0 0 1 0 
0 0 0 1 

1 0 0 0 
0 1 0 0 
0 0 1 0 
0 0 0 1 

1 0 0 0 
0 1 0 0 
0 0 1 0 
0 0 0 1 

1 0 0 0 
0 1 0 0 
0 0 1 0 
0 0 0 1 

0.820209 0.401194 0.4078 0 
0.169263 0.510742 -0.842907 0 
-0.54645 0.760386 0.351008 0 
-3.0025 8.67926 14.954 1 

0.0821243 0.844965 0.52848 0 
0.169263 0.510742 -0.842907 0 
-0.982143 0.158675 -0.101077 0 
2.0793 4.88758 13.677 1 

0.0821243 0.844965 0.52848 0 
0.169263 0.510742 -0.842907 0 
-0.982143 0.158675 -0.101077 0 
2.0793 4.88758 13.677 1 

0.838135 -0.361452 -0.408512 0 
-0.193266 0.503557 -0.842068 0 
0.510076 0.784718 0.352192 0 
3.45248 8.90026 15.2166 1 

0.0642736 -0.849908 -0.522997 0 
-0.193266 0.503557 -0.842068 0 
0.979039 0.1552 -0.131893 0 
-1.96786 4.89071 14.063 1 

0.0642736 -0.849908 -0.522997 0 
-0.193266 0.503557 -0.842068 0 
0.979039 0.1552 -0.131893 0 
-1.96786 4.89071 14.063 1 

0.999678 0.0246134 -0.00621231 0 
-0.0239189 0.995261 0.094256 0 
0.00850283 -0.0940771 0.995529 0 
0.302558 0.0275717 -1.18246 1 

0.999678 0.0246134 -0.00621231 0 
-0.0201022 0.917004 0.398371 0 
0.015502 -0.398118 0.917203 0 
0.277242 0.573575 -3.09301 1 

0.999678 0.0246134 -0.00621231 0 
-0.0147004 0.760815 0.648802 0 
0.0206956 -0.648501 0.760932 0 
0.270712 0.733344 -3.5109 1 

0.999678 0.0246134 -0.00621231 0 
-0.0147004 0.760815 0.648802 0 
0.0206956 -0.648501 0.760932 0 
0.270711 0.733344 -3.5109 1 

0.999678 0.0246134 -0.00621231 0 
-0.0239189 0.995261 0.094256 0 
0.00850283 -0.0940771 0.995529 0 
0.301491 0.109079 -1.20303 1 

0.999678 0.0246134 -0.00621231 0 
-0.0201022 0.917004 0.398371 0 
0.015502 -0.398118 0.917203 0 
0.276175 0.655082 -3.11358 1 

0.999678 0.0246134 -0.00621231 0 
-0.0121123 0.677549 0.735378 0 
0.0223093 -0.735066 0.677629 0 
0.266262 0.913632 -3.68443 1 

0.999678 0.0246134 -0.00621231 0 
-0.0121123 0.677549 0.735378 0 
0.0223093 -0.735066 0.677629 0 
0.266262 0.913631 -3.68443 1 

1.29167
1 0 0 0 
0 1 0 0 
0 0 1 0 
0 0 0 1 

1 0 0 0 
0 1 0 0 
0 0 1 0 
0 0 0 1 

1 0 0 0 
0 1 0 0 
0 0 1 0 
0 0 0 1 

1 0 0 0 
0 1 0 0 
0 0 1 0 
0 0 0 1 

1 0 0 0 
0 1 0 0 
0 0 1 0 
0 0 0 1 

0.85812 0.329948 0.393401 0 
0.166997 0.545181 -0.821516 0 
-0.485532 0.770657 0.412731 0 
-3.0342 8.20353 14.6019 1 

0.0101569 0.832222 0.55435 0 
0.166997 0.545181 -0.821516 0 
-0.985905 0.100919 -0.133441 0 
2.80429 3.92161 12.9472 1 

0.0101569 0.832222 0.55435 0 
0.166997 0.545181 -0.821516 0 
-0.985905 0.100919 -0.133441 0 
2.80429 3.92161 12.9472 1 

0.873166 -0.279735 -0.399161 0 
-0.20103 0.53935 -0.817734 0 
0.444036 0.794261 0.414707 0 
3.68235 8.41934 14.7797 1 

-0.0234025 -0.837182 -0.546424 0 
-0.20103 0.53935 -0.817734 0 
0.979306 0.0907105 -0.180921 0 
-2.60258 3.85292 13.3129 1 

-0.0234025 -0.837182 -0.546424 0 
-0.20103 0.53935 -0.817734 0 
0.979306 0.0907105 -0.180921 0 
-2.60258 3.85292 13.3129 1 

0.998379 0.0353046 -0.0446341 0 
-0.0353968 0.999372 -0.00127558 0 
0.044561 0.00285342 0.999003 0 
0.446421 -0.052722 0.0925838 1 

0.998379 0.0353046 -0.0446341 0 
-0.00843911 0.867483 0.497395 0 
0.0562797 -0.496212 0.866375 0 
0.273935 0.865242 -3.03952 1 

0.998379 0.0353046 -0.0446341 0 
0.00232612 0.758336 0.651859 0 
0.0568613 -0.650907 0.757025 0 
0.258088 0.98277 -3.30103 1 

0.998379 0.0353046 -0.0446341 0 
0.00232612 0.758336 0.651859 0 
0.0568613 -0.650907 0.757025 0 
0.258088 0.98277 -3.30103 1 

0.999285 0.0142203 0.0350263 0 
-0.0141808 0.999899 -0.00137762 0 
-0.0350423 0.000879934 0.999385 0 
0.182017 0.0239668 0.0735986 1 

0.999285 0.0142203 0.0350263 0 
-0.0297752 0.866954 0.497497 0 
-0.0232916 -0.498185 0.866758 0 
0.278689 0.948602 -3.0598 1 

0.999285 0.0142203 0.0350263 0 
-0.0351256 0.691764 0.721268 0 
-0.0139733 -0.721983 0.691769 0 
0.289351 1.14435 -3.44345 1 

0.999285 0.0142203 0.0350263 0 
-0.0351256 0.691764 0.721268 0 
-0.0139733 -0.721983 0.691769 0 
0.289351 1.14435 -3.44345 1 

1.33333
1 0 0 0 
0 1 0 0 
0 0 1 0 
0 0 0 1 

1 0 0 0 
0 1 0 0 
0 0 1 0 
0 0 0 1 

1 0 0 0 
0 1 0 0 
0 0 1 0 
0 0 0 1 

1 0 0 0 
0 1 0 0 
0 0 1 0 
0 0 0 1 

1 0 0 0 
0 1 0 0 
0 0 1 0 
0 0 0 1 

0.91042 0.184167 0.37043 0 
0.177986 0.633944 -0.752619 0 
-0.373439 0.751131 0.544376 0 
-3.33957 6.86221 13.3822 1 

-0.123033 0.773166 0.622155 0 
0.177986 0.633944 -0.752619 0 
-0.976311 0.0181375 -0.215609 0 
3.782 1.8856 10.8745 1 

-0.123033 0.773166 0.622155 0 
0.177986 0.633944 -0.752619 0 
-0.976311 0.0181375 -0.215609 0 
3.782 1.8856 10.8745 1 

0.911586 -0.110038 -0.39611 0 
-0.244317 0.629907 -0.737242 0 
0.330637 0.768836 0.54733 0 
4.60428 7.0944 13.2453 1 

-0.185985 -0.776607 -0.601906 0 
-0.244317 0.629907 -0.737242 0 
0.951693 0.00993947 -0.306892 0 
-3.11143 1.68645 11.1816 1 

-0.185985 -0.776607 -0.601906 0 
-0.244317 0.629907 -0.737242 0 
0.951693 0.00993947 -0.306892 0 
-3.11143 1.68645 11.1816 1 

0.988571 0.0590151 -0.138724 0 
-0.0804107 0.984781 -0.154082 0 
0.127519 0.163475 0.978271 0 
1.02469 0.0750284 2.19056 1 

0.988571 0.0590151 -0.138724 0 
0.0433074 0.770236 0.636287 0 
0.144401 -0.635023 0.758877 0 
0.239274 1.56605 -2.77213 1 

0.988571 0.0590151 -0.138724 0 
0.0339312 0.809481 0.586165 0 
0.146887 -0.584173 0.798227 0 
0.253944 1.5224 -2.68616 1 

0.988571 0.0590151 -0.138724 0 
0.0339312 0.809481 0.586165 0 
0.146887 -0.584173 0.798227 0 
0.253944 1.5224 -2.68616 1 

0.990672 -0.00872634 0.135987 0 
0.0298704 0.987583 -0.154234 0 
-0.132952 0.156857 0.978631 0 
-0.379542 0.127173 2.17299 1 

0.990672 -0.00872634 0.135987 0 
-0.080608 0.767088 0.636458 0 
-0.109868 -0.641483 0.759229 0 
0.31542 1.6558 -2.79175 1 

0.990672 -0.00872634 0.135987 0 
-0.0775155 0.784663 0.615057 0 
-0.112071 -0.619861 0.776667 0 
0.31018 1.63593 -2.75485 1 

0.990672 -0.00872634 0.135987 0 
-0.0775155 0.784663 0.615057 0 
-0.112071 -0.619861 0.776667 0 
0.31018 1.63593 -2.75485 1 

1.375
1 0 0 0 
0 1 0 0 
0 0 1 0 
0 0 0 1 

1 0 0 0 
0 1 0 0 
0 0 1 0 
0 0 0 1 

1 0 0 0 
0 1 0 0 
0 0 1 0 
0 0 0 1 

1 0 0 0 
0 1 0 0 
0 0 1 0 
0 0 0 1 

1 0 0 0 
0 1 0 0 
0 0 1 0 
0 0 0 1 

0.924829 0.0361759 0.378659 0 
0.231893 0.735473 -0.636636 0 
-0.301524 0.676587 0.671798 0 
-4.38941 5.25988 11.1722 1 

-0.235726 0.677456 0.696769 0 
0.231893 0.735473 -0.636636 0 
-0.943747 0.0115044 -0.330467 0 
3.63769 -0.0450993 7.96744 1 

-0.235726 0.677456 0.696769 0 
0.231893 0.735473 -0.636636 0 
-0.943747 0.0115044 -0.330467 0 
3.63769 -0.0451012 7.96743 1 

0.894213 0.0758174 -0.441174 0 
-0.35436 0.722085 -0.594157 0 
0.273518 0.687637 0.672565 0 
6.69361 5.76862 10.361 1 

-0.316555 -0.690504 -0.650382 0 
-0.35436 0.722085 -0.594157 0 
0.879899 0.0423858 -0.473267 0 
-1.86788 -0.304214 8.08671 1 

-0.316555 -0.690504 -0.650382 0 
-0.35436 0.722085 -0.594157 0 
0.879899 0.0423858 -0.473267 0 
-1.86788 -0.304216 8.08671 1 

0.96406 0.0829663 -0.252398 0 
-0.154375 0.948095 -0.277999 0 
0.216233 0.306972 0.926829 0 
1.99409 0.483886 3.95937 1 

0.96406 0.0829663 -0.252398 0 
0.13331 0.670692 0.729657 0 
0.229818 -0.737081 0.635528 0 
0.172056 2.41369 -2.36572 1 

0.96406 0.0829663 -0.252398 0 
0.041809 0.890781 0.452505 0 
0.262374 -0.446794 0.855298 0 
0.317627 2.17043 -1.88967 1 

0.96406 0.0829663 -0.252398 0 
0.041809 0.890781 0.452505 0 
0.262374 -0.446794 0.855298 0 
0.317627 2.17043 -1.88967 1 

0.965808 -0.0315125 0.257338 0 
0.105056 0.955012 -0.277335 0 
-0.237021 0.294887 0.925669 0 
-1.36074 0.488955 3.93155 1 

0.965808 -0.0315125 0.257338 0 
-0.17259 0.662537 0.728874 0 
-0.193464 -0.748366 0.634444 0 
0.388208 2.51397 -2.3844 1 

0.965808 -0.0315125 0.257338 0 
-0.0832507 0.902325 0.422941 0 
-0.24553 -0.429904 0.868849 0 
0.240197 2.24957 -1.86128 1 

0.965808 -0.0315125 0.257338 0 
-0.0832507 0.902325 0.422941 0 
-0.24553 -0.429904 0.868849 0 
0.240197 2.24957 -1.86128 1 

1.41667
1 0 0 0 
0 1 0 0 
0 0 1 0 
0 0 0 1 

1 0 0 0 
0 1 0 0 
0 0 1 0 
0 0 0 1 

1 0 0 0 
0 1 0 0 
0 0 1 0 
0 0 0 1 

1 0 0 0 
0 1 0 0 
0 0 1 0 
0 0 0 1 

1 0 0 0 
0 1 0 0 
0 0 1 0 
0 0 0 1 

0.902146 -0.082718 0.423426 0 
0.315976 0.794932 -0.517921 0 
-0.293754 0.601033 0.743282 0 
-5.94903 4.39302 8.79397 1 

-0.297534 0.601375 0.7415 0 
0.315976 0.794932 -0.517921 0 
-0.900907 0.0801971 -0.426539 0 
2.39704 -1.10531 5.44666 1 

-0.297534 0.601375 0.7415 0 
0.315976 0.794932 -0.517921 0 
-0.900907 0.0801971 -0.426539 0 
2.39704 -1.10531 5.44667 1 

0.822878 0.238593 -0.515699 0 
-0.493523 0.749906 -0.440541 0 
0.281616 0.61702 0.734832 0 
9.2227 5.64002 7.18014 1 

-0.367283 -0.638842 -0.676006 0 
-0.493523 0.749906 -0.440541 0 
0.788377 0.171821 -0.590711 0 
0.750162 -1.12673 5.15302 1 

-0.367283 -0.638842 -0.676006 0 
-0.493523 0.749906 -0.440541 0 
0.788377 0.171821 -0.590711 0 
0.750163 -1.12673 5.15302 1 

0.933302 0.0984539 -0.345331 0 
-0.225957 0.90844 -0.351682 0 
0.279088 0.406256 0.870095 0 
2.94667 0.949363 5.05714 1 

0.933302 0.0984539 -0.345331 0 
0.223045 0.594731 0.772364 0 
0.281422 -0.797873 0.533104 0 
0.106115 3.13567 -1.99651 1 

0.933302 0.0984539 -0.345331 0 
0.0174072 0.948145 0.317361 0 
0.35867 -0.302205 0.883192 0 
0.434451 2.7536 -1.21807 1 

0.933302 0.0984539 -0.345331 0 
0.0174072 0.948145 0.317361 0 
0.35867 -0.302205 0.883192 0 
0.434451 2.7536 -1.21807 1 

0.933569 -0.0456637 0.355476 0 
0.178067 0.919865 -0.349487 0 
-0.311031 0.389569 0.866889 0 
-2.3293 0.901647 5.00837 1 

0.933569 -0.0456637 0.355476 0 
-0.264669 0.58094 0.769714 0 
-0.241658 -0.812665 0.530262 0 
0.459598 3.24714 -2.01469 1 

0.933569 -0.0456637 0.355476 0 
-0.0415543 0.971369 0.233912 0 
-0.355979 -0.233145 0.904943 0 
0.0945106 2.83431 -1.10891 1 

0.933569 -0.0456637 0.355476 0 
-0.0415543 0.971369 0.233912 0 
-0.355979 -0.233145 0.904943 0 
0.0945106 2.83431 -1.10891 1 

1.45833
1 0 0 0 
0 1 0 0 
0 0 1 0 
0 0 0 1 

1 0 0 0 
0 1 0 0 
0 0 1 0 
0 0 0 1 

1 0 0 0 
0 1 0 0 
0 0 1 0 
0 0 0 1 

1 0 0 0 
0 1 0 0 
0 0 1 0 
0 0 0 1 

1 0 0 0 
0 1 0 0 
0 0 1 0 
0 0 0 1 

0.88229 -0.133687 0.451323 0 
0.360575 0.808288 -0.465463 0 
-0.302573 0.573409 0.761349 0 
-6.76085 4.25713 7.71701 1 

-0.313336 0.575 0.755774 0 
0.360575 0.808288 -0.465463 0 
-0.878525 0.126667 -0.460597 0 
1.58186 -1.35975 4.42592 1 

-0.313336 0.575 0.755774 0 
0.360575 0.808288 -0.465463 0 
-0.878525 0.126667 -0.460597 0 
1.58186 -1.35975 4.42592 1 

0.775466 0.308305 -0.550999 0 
-0.558937 0.741103 -0.371963 0 
0.293669 0.596419 0.747023 0 
10.3767 5.99126 5.75149 1 

-0.369501 -0.624179 -0.688382 0 
-0.558937 0.741103 -0.371963 0 
0.742333 0.247322 -0.622714 0 
2.20114 -1.12118 3.86568 1 

-0.369501 -0.624179 -0.688382 0 
-0.558937 0.741103 -0.371963 0 
0.742333 0.247322 -0.622714 0 
2.20114 -1.12118 3.86568 1 

0.917948 0.10355 -0.382946 0 
-0.257274 0.890192 -0.37599 0 
0.301962 0.443662 0.843791 0 
3.36714 1.16788 5.43198 1 

0.917948 0.10355 -0.382946 0 
0.262894 0.564128 0.782718 0 
0.297081 -0.819169 0.490617 0 
0.0776255 3.44219 -1.83822 1 

0.917948 0.10355 -0.382946 0 
-0.00151691 0.96624 0.25764 0 
0.396697 -0.235919 0.887115 0 
0.499888 3.01306 -0.942065 1 

0.917948 0.10355 -0.382946 0 
-0.00151691 0.96624 0.25764 0 
0.396697 -0.235919 0.887115 0 
0.499888 3.01306 -0.942065 1 

0.917399 -0.0500748 0.394806 0 
0.209843 0.903802 -0.372972 0 
-0.33815 0.425011 0.839655 0 
-2.75478 1.09435 5.37154 1 

0.917399 -0.0500748 0.394806 0 
-0.305377 0.54757 0.779046 0 
-0.255195 -0.83526 0.487048 0 
0.490341 3.55905 -1.85643 1 

0.917399 -0.0500748 0.394806 0 
-0.0114536 0.988319 0.151967 0 
-0.397804 -0.143936 0.906109 0 
0.0117058 3.10378 -0.80198 1 

0.917399 -0.0500748 0.394806 0 
-0.0114536 0.988319 0.151967 0 
-0.397804 -0.143936 0.906109 0 
0.0117056 3.10378 -0.801979 1 

CLIPNAME#walking
11

1.66667
1 0 0 0 
0 1 0 0 
0 0 1 0 
0 0 0 1 

1 0 0 0 
0 1 0 0 
0 0 1 0 
0 0 0 1 

1 0 0 0 
0 1 0 0 
0 0 1 0 
0 0 0 1 

0.998215 0.0597226 0 0 
-0.0597226 0.998215 0 0 
0 0 1 0 
1.27236 0.0380287 0 1 

0.998215 0.0597226 0 0 
-0.0597226 0.998215 0 0 
0 0 1 0 
1.27236 0.0380287 0 1 

0.402735 -0.887009 0.225874 0 
0.84377 0.455418 0.283982 0 
-0.354762 0.0762162 0.931845 0 
-14.8554 12.8257 -6.086 1 

-0.148594 -0.31021 0.938983 0 
0.84377 0.455418 0.283982 0 
-0.515724 0.834484 0.194074 0 
-10.9192 9.21052 -11.9836 1 

-0.148594 -0.31021 0.938983 0 
0.84377 0.455418 0.283982 0 
-0.515724 0.834484 0.194074 0 
-10.9192 9.21052 -11.9836 1 

0.350138 0.872434 0.340972 0 
-0.915399 0.241517 0.322046 0 
0.198613 -0.424886 0.88319 0 
16.1905 17.0107 -5.40968 1 

0.184733 0.962845 -0.196986 0 
-0.915399 0.241517 0.322046 0 
0.357656 0.120829 0.926004 0 
15.0694 18.0257 -9.35769 1 

0.184733 0.962845 -0.196986 0 
-0.915399 0.241517 0.322046 0 
0.357656 0.120829 0.926004 0 
15.0694 18.0257 -9.35769 1 

1 5.9501e-016 1.249e-016 0 
-5.87093e-016 0.998434 -0.0559333 0 
-1.57985e-016 0.0559333 0.998434 0 
0 0.0140867 0.70843 1 

1 -1.18051e-015 1.98994e-016 0 
8.89598e-016 0.843983 0.53637 0 
-8.01139e-016 -0.53637 0.843983 0 
0 1.0904 -3.01229 1 

1 -1.18051e-015 1.98994e-016 0 
8.89598e-016 0.843983 0.53637 0 
-8.01139e-016 -0.53637 0.843983 0 
0 1.0904 -3.01229 1 

1 -1.18051e-015 1.98994e-016 0 
8.89598e-016 0.843983 0.53637 0 
-8.01139e-016 -0.53637 0.843983 0 
0 1.0904 -3.01229 1 

1 4.78784e-016 -1.45717e-016 0 
-4.99482e-016 0.936536 -0.350572 0 
-3.13794e-017 0.350572 0.936536 0 
0 0.767673 4.44572 1 

1 -6.90399e-016 2.28512e-016 0 
6.77368e-016 0.998605 0.0528078 0 
-2.64652e-016 -0.0528078 0.998605 0 
0 0.442704 1.88373 1 

1 -6.90399e-016 2.28512e-016 0 
6.4679e-016 0.987987 0.154539 0 
-3.32461e-016 -0.154539 0.987987 0 
0 0.429003 1.7293 1 

1 -6.90399e-016 2.28512e-016 0 
6.4679e-016 0.987987 0.154539 0 
-3.32461e-016 -0.154539 0.987987 0 
0 0.429003 1.7293 1 

1.70833
1 0 0 0 
0 1 0 0 
0 0 1 0 
0 0 0 1 

1 0 0 0 
0 1 0 0 
0 0 1 0 
0 0 0 1 

1 0 0 0 
0 1 0 0 
0 0 1 0 
0 0 0 1 

0.998824 0.0484798 0 0 
-0.0484798 0.998824 0 0 
0 0 1 0 
1.03284 0.0250511 0 1 

0.998824 0.0484798 0 0 
-0.0484798 0.998824 0 0 
0 0 1 0 
1.03284 0.0250511 0 1 

0.402673 -0.902761 0.151251 0 
0.855498 0.42994 0.288573 0 
-0.325541 0.0131944 0.945436 0 
-15.0705 13.3342 -5.9762 1 

-0.141731 -0.341589 0.929101 0 
0.855498 0.42994 0.288573 0 
-0.498031 0.835744 0.231293 0 
-11.1953 9.88926 -12.332 1 

-0.141731 -0.341589 0.929101 0 
0.855498 0.42994 0.288573 0 
-0.498031 0.835744 0.231293 0 
-11.1953 9.88926 -12.332 1 

0.368737 0.863309 0.344573 0 
-0.911177 0.262398 0.317653 0 
0.183817 -0.431098 0.883383 0 
16.1541 16.5779 -5.31443 1 

0.15211 0.930748 -0.332523 0 
-0.911177 0.262398 0.317653 0 
0.382908 0.254669 0.887989 0 
14.6799 17.5121 -10.3149 1 

0.15211 0.930748 -0.332523 0 
-0.911177 0.262398 0.317653 0 
0.382908 0.254669 0.887989 0 
14.6799 17.5121 -10.3149 1 

1 6.81098e-016 6.79354e-017 0 
-6.5924e-016 0.985076 -0.172122 0 
-1.84153e-016 0.172122 0.985076 0 
0 0.171328 2.18107 1 

1 -1.59691e-015 4.32585e-016 0 
1.02951e-015 0.805295 0.592874 0 
-1.29512e-015 -0.592874 0.805295 0 
0 1.43683 -2.62778 1 

1 -1.59691e-015 4.32585e-016 0 
1.01607e-015 0.799123 0.601168 0 
-1.3057e-015 -0.601168 0.799123 0 
0 1.4436 -2.6419 1 

1 -1.59691e-015 4.32585e-016 0 
1.01607e-015 0.799123 0.601168 0 
-1.3057e-015 -0.601168 0.799123 0 
0 1.4436 -2.6419 1 

1 5.427e-016 -1.41562e-016 0 
-5.5852e-016 0.940559 -0.339631 0 
-5.11709e-017 0.339631 0.940559 0 
0 0.717854 4.30676 1 

1 -8.06999e-016 2.73165e-016 0 
7.66193e-016 0.992045 0.125882 0 
-3.72578e-016 -0.125882 0.992045 0 
0 0.470243 1.35352 1 

1 -8.06999e-016 2.73165e-016 0 
7.32489e-016 0.978109 0.208095 0 
-4.35117e-016 -0.208095 0.978109 0 
0 0.46714 1.22717 1 

1 -8.06999e-016 2.73165e-016 0 
7.32489e-016 0.978109 0.208095 0 
