1
BAKED_SKELETAL

19

CLIPNAME#idle
11

0.416667
1 0 0 0 
0 1 0 0 
0 0 1 0 
0 12.3768 0 1 

1 0 0 0 
0 1 0 0 
0 0 1 0 
0 12.3768 0 1 

1 0 0 0 
0 1 0 0 
0 0 1 0 
0 12.3768 -1.49012e-008 1 

1 0 0 0 
0 1 0 0 
0 0 1 0 
0 12.3768 -2.98023e-008 1 

1 0 0 0 
0 1 0 0 
0 0 1 0 
0 12.3768 -1.49012e-008 1 

1 2.01944e-010 -7.24651e-019 0 
-2.01944e-010 1 -7.17675e-009 0 
-7.24651e-019 7.17675e-009 1 0 
0 12.3768 1.49012e-007 1 

1 2.01944e-010 -7.24651e-019 0 
-2.01944e-010 1 -7.17675e-009 0 
-7.24651e-019 7.17675e-009 1 0 
0 12.3768 1.78814e-007 1 

1 2.01944e-010 -7.24651e-019 0 
-2.01944e-010 1 -7.17675e-009 0 
-7.24651e-019 7.17675e-009 1 0 
0 12.3768 1.19209e-007 1 

1 0 0 0 
0 1 0 0 
0 0 1 0 
0 12.3768 1.49012e-008 1 

1 0 -1.66898e-015 0 
0 1 0 0 
1.66898e-015 0 1 0 
0 12.3768 0 1 

1 0 -1.66898e-015 0 
0 1 0 0 
1.66898e-015 0 1 0 
9.53674e-007 12.3768 0 1 

1 0 0 0 
0 1 0 0 
0 0 1 0 
0 12.3768 0 1 

1 0 0 0 
0 1 0 0 
0 0 1 0 
0 12.3768 0 1 

1 0 0 0 
0 1 0 0 
0 0 1 0 
0 12.3768 0 1 

1 0 0 0 
0 1 0 0 
0 0 1 0 
0 12.3768 0 1 

1 -5.23096e-010 1.4892e-008 0 
5.23096e-010 1 3.89497e-018 0 
-1.4892e-008 3.89497e-018 1 0 
0 12.3768 2.23517e-008 1 

1 -5.23096e-010 1.4892e-008 0 
5.23096e-010 1 1.01542e-015 0 
-1.4892e-008 -1.00763e-015 1 0 
0 12.3768 2.98023e-008 1 

1 -5.23096e-010 1.4892e-008 0 
5.23096e-010 1 1.01542e-015 0 
-1.4892e-008 -1.00763e-015 1 0 
0 12.3768 2.98023e-008 1 

1 -5.23096e-010 1.4892e-008 0 
5.23096e-010 1 1.01542e-015 0 
-1.4892e-008 -1.00763e-015 1 0 
0 12.3768 0 1 

0.458333
1 0 0 0 
0 1 0 0 
0 0 1 0 
0 12.3768 0 1 

1 0 0 0 
0 1 0 0 
0 0 1 0 
0 12.3768 0 1 

1 0 0 0 
0 1 0 0 
0 0 1 0 
0 12.3768 -1.49012e-008 1 

1 0 0 0 
0 1 0 0 
0 0 1 0 
0 12.3768 -2.98023e-008 1 

1 0 0 0 
0 1 0 0 
0 0 1 0 
0 12.3768 -1.49012e-008 1 

1 2.01944e-010 -7.24651e-019 0 
-2.01944e-010 1 -7.17675e-009 0 
-7.24651e-019 7.17675e-009 1 0 
0 12.3768 1.49012e-007 1 

1 2.01944e-010 -7.24651e-019 0 
-2.01944e-010 1 -7.17675e-009 0 
-7.24651e-019 7.17675e-009 1 0 
0 12.3768 1.78814e-007 1 

1 2.01944e-010 -7.24651e-019 0 
-2.01944e-010 1 -7.17675e-009 0 
-7.24651e-019 7.17675e-009 1 0 
0 12.3768 1.19209e-007 1 

1 0 0 0 
0 1 0 0 
0 0 1 0 
0 12.3768 1.49012e-008 1 

1 0 -1.66898e-015 0 
0 1 0 0 
1.66898e-015 0 1 0 
0 12.3768 0 1 

1 0 -1.66898e-015 0 
0 1 0 0 
1.66898e-015 0 1 0 
9.53674e-007 12.3768 0 1 

1 0 0 0 
0 1 0 0 
0 0 1 0 
0 12.3768 0 1 

1 0 0 0 
0 1 0 0 
0 0 1 0 
0 12.3768 0 1 

1 0 0 0 
0 1 0 0 
0 0 1 0 
0 12.3768 0 1 

1 0 0 0 
0 1 0 0 
0 0 1 0 
0 12.3768 0 1 

1 -5.23096e-010 1.4892e-008 0 
5.23096e-010 1 3.89497e-018 0 
-1.4892e-008 3.89497e-018 1 0 
0 12.3768 2.23517e-008 1 

1 -5.23096e-010 1.4892e-008 0 
5.23096e-010 1 1.01542e-015 0 
-1.4892e-008 -1.00763e-015 1 0 
0 12.3768 2.98023e-008 1 

1 -5.23096e-010 1.4892e-008 0 
5.23096e-010 1 1.01542e-015 0 
-1.4892e-008 -1.00763e-015 1 0 
0 12.3768 2.98023e-008 1 

1 -5.23096e-010 1.4892e-008 0 
5.23096e-010 1 1.01542e-015 0 
-1.4892e-008 -1.00763e-015 1 0 
0 12.3768 0 1 

0.5
1 0 0 0 
0 1 0 0 
0 0 1 0 
0 12.3768 0 1 

1 0 0 0 
0 1 0 0 
0 0 1 0 
0 12.3768 0 1 

1 0 0 0 
0 1 0 0 
0 0 1 0 
0 12.3768 -1.49012e-008 1 

1 0 0 0 
0 1 0 0 
0 0 1 0 
0 12.3768 -2.98023e-008 1 

1 0 0 0 
0 1 0 0 
0 0 1 0 
0 12.3768 -1.49012e-008 1 

1 2.01944e-010 -7.24651e-019 0 
-2.01944e-010 1 -7.17675e-009 0 
-7.24651e-019 7.17675e-009 1 0 
0 12.3768 1.49012e-007 1 

1 2.01944e-010 -7.24651e-019 0 
-2.01944e-010 1 -7.17675e-009 0 
-7.24651e-019 7.17675e-009 1 0 
0 12.3768 1.78814e-007 1 

1 2.01944e-010 -7.24651e-019 0 
-2.01944e-010 1 -7.17675e-009 0 
-7.24651e-019 7.17675e-009 1 0 
0 12.3768 1.19209e-007 1 

1 0 0 0 
0 1 0 0 
0 0 1 0 
0 12.3768 1.49012e-008 1 

1 0 -1.66898e-015 0 
0 1 0 0 
1.66898e-015 0 1 0 
0 12.3768 0 1 

1 0 -1.66898e-015 0 
0 1 0 0 
1.66898e-015 0 1 0 
9.53674e-007 12.3768 0 1 

1 0 0 0 
0 1 0 0 
0 0 1 0 
0 12.3768 0 1 

1 0 0 0 
0 1 0 0 
0 0 1 0 
0 12.3768 0 1 

1 0 0 0 
0 1 0 0 
0 0 1 0 
0 12.3768 0 1 

1 0 0 0 
0 1 0 0 
0 0 1 0 
0 12.3768 0 1 

1 -5.23096e-010 1.4892e-008 0 
5.23096e-010 1 3.89497e-018 0 
-1.4892e-008 3.89497e-018 1 0 
0 12.3768 2.23517e-008 1 

1 -5.23096e-010 1.4892e-008 0 
5.23096e-010 1 1.01542e-015 0 
-1.4892e-008 -1.00763e-015 1 0 
0 12.3768 2.98023e-008 1 

1 -5.23096e-010 1.4892e-008 0 
5.23096e-010 1 1.01542e-015 0 
-1.4892e-008 -1.00763e-015 1 0 
0 12.3768 2.98023e-008 1 

1 -5.23096e-010 1.4892e-008 0 
5.23096e-010 1 1.01542e-015 0 
-1.4892e-008 -1.00763e-015 1 0 
0 12.3768 0 1 

0.541667
1 0 0 0 
0 1 0 0 
0 0 1 0 
0 12.3768 0 1 

1 0 0 0 
0 1 0 0 
0 0 1 0 
0 12.3768 0 1 

1 0 0 0 
0 1 0 0 
0 0 1 0 
0 12.3768 -1.49012e-008 1 

1 0 0 0 
0 1 0 0 
0 0 1 0 
0 12.3768 -2.98023e-008 1 

1 0 0 0 
0 1 0 0 
0 0 1 0 
0 12.3768 -1.49012e-008 1 

1 2.01944e-010 -7.24651e-019 0 
-2.01944e-010 1 -7.17675e-009 0 
-7.24651e-019 7.17675e-009 1 0 
0 12.3768 1.49012e-007 1 

1 2.01944e-010 -7.24651e-019 0 
-2.01944e-010 1 -7.17675e-009 0 
-7.24651e-019 7.17675e-009 1 0 
0 12.3768 1.78814e-007 1 

1 2.01944e-010 -7.24651e-019 0 
-2.01944e-010 1 -7.17675e-009 0 
-7.24651e-019 7.17675e-009 1 0 
0 12.3768 1.19209e-007 1 

1 0 0 0 
0 1 0 0 
0 0 1 0 
0 12.3768 1.49012e-008 1 

1 0 -1.66898e-015 0 
0 1 0 0 
1.66898e-015 0 1 0 
0 12.3768 0 1 

1 0 -1.66898e-015 0 
0 1 0 0 
1.66898e-015 0 1 0 
9.53674e-007 12.3768 0 1 

1 0 0 0 
0 1 0 0 
0 0 1 0 
0 12.3768 0 1 

1 0 0 0 
0 1 0 0 
0 0 1 0 
0 12.3768 0 1 

1 0 0 0 
0 1 0 0 
0 0 1 0 
0 12.3768 0 1 

1 0 0 0 
0 1 0 0 
0 0 1 0 
0 12.3768 0 1 

1 -5.23096e-010 1.4892e-008 0 
5.23096e-010 1 3.89497e-018 0 
-1.4892e-008 3.89497e-018 1 0 
0 12.3768 2.23517e-008 1 

1 -5.23096e-010 1.4892e-008 0 
5.23096e-010 1 1.01542e-015 0 
-1.4892e-008 -1.00763e-015 1 0 
0 12.3768 2.98023e-008 1 

1 -5.23096e-010 1.4892e-008 0 
5.23096e-010 1 1.01542e-015 0 
-1.4892e-008 -1.00763e-015 1 0 
0 12.3768 2.98023e-008 1 

1 -5.23096e-010 1.4892e-008 0 
5.23096e-010 1 1.01542e-015 0 
-1.4892e-008 -1.00763e-015 1 0 
0 12.3768 0 1 

0.583333
1 0 0 0 
0 1 0 0 
0 0 1 0 
0 12.3768 0 1 

1 0 0 0 
0 1 0 0 
0 0 1 0 
0 12.3768 0 1 

1 0 0 0 
0 1 0 0 
0 0 1 0 
0 12.3768 -1.49012e-008 1 

1 0 0 0 
0 1 0 0 
0 0 1 0 
0 12.3768 -2.98023e-008 1 

1 0 0 0 
0 1 0 0 
0 0 1 0 
0 12.3768 -1.49012e-008 1 

1 2.01944e-010 -7.24651e-019 0 
-2.01944e-010 1 -7.17675e-009 0 
-7.24651e-019 7.17675e-009 1 0 
0 12.3768 1.49012e-007 1 

1 2.01944e-010 -7.24651e-019 0 
-2.01944e-010 1 -7.17675e-009 0 
-7.24651e-019 7.17675e-009 1 0 
0 12.3768 1.78814e-007 1 

1 2.01944e-010 -7.24651e-019 0 
-2.01944e-010 1 -7.17675e-009 0 
-7.24651e-019 7.17675e-009 1 0 
0 12.3768 1.19209e-007 1 

1 0 0 0 
0 1 0 0 
0 0 1 0 
0 12.3768 1.49012e-008 1 

1 0 -1.66898e-015 0 
0 1 0 0 
1.66898e-015 0 1 0 
0 12.3768 0 1 

1 0 -1.66898e-015 0 
0 1 0 0 
1.66898e-015 0 1 0 
9.53674e-007 12.3768 0 1 

1 0 0 0 
0 1 0 0 
0 0 1 0 
0 12.3768 0 1 

1 0 0 0 
0 1 0 0 
0 0 1 0 
0 12.3768 0 1 

1 0 0 0 
0 1 0 0 
0 0 1 0 
0 12.3768 0 1 

1 0 0 0 
0 1 0 0 
0 0 1 0 
0 12.3768 0 1 

1 -5.23096e-010 1.4892e-008 0 
5.23096e-010 1 3.89497e-018 0 
-1.4892e-008 3.89497e-018 1 0 
0 12.3768 2.23517e-008 1 

1 -5.23096e-010 1.4892e-008 0 
5.23096e-010 1 1.01542e-015 0 
-1.4892e-008 -1.00763e-015 1 0 
0 12.3768 2.98023e-008 1 

1 -5.23096e-010 1.4892e-008 0 
5.23096e-010 1 1.01542e-015 0 
-1.4892e-008 -1.00763e-015 1 0 
0 12.3768 2.98023e-008 1 

1 -5.23096e-010 1.4892e-008 0 
5.23096e-010 1 1.01542e-015 0 
-1.4892e-008 -1.00763e-015 1 0 
0 12.3768 0 1 

0.625
1 0 0 0 
0 1 0 0 
0 0 1 0 
0 12.3768 0 1 

1 0 0 0 
0 1 0 0 
0 0 1 0 
0 12.3768 0 1 

1 0 0 0 
0 1 0 0 
0 0 1 0 
0 12.3768 -1.49012e-008 1 

1 0 0 0 
0 1 0 0 
0 0 1 0 
0 12.3768 -2.98023e-008 1 

1 0 0 0 
0 1 0 0 
0 0 1 0 
0 12.3768 -1.49012e-008 1 

1 2.01944e-010 -7.24651e-019 0 
-2.01944e-010 1 -7.17675e-009 0 
-7.24651e-019 7.17675e-009 1 0 
0 12.3768 1.49012e-007 1 

1 2.01944e-010 -7.24651e-019 0 
-2.01944e-010 1 -7.17675e-009 0 
-7.24651e-019 7.17675e-009 1 0 
0 12.3768 1.78814e-007 1 

1 2.01944e-010 -7.24651e-019 0 
-2.01944e-010 1 -7.17675e-009 0 
-7.24651e-019 7.17675e-009 1 0 
0 12.3768 1.19209e-007 1 

1 0 0 0 
0 1 0 0 
0 0 1 0 
0 12.3768 1.49012e-008 1 

1 0 -1.66898e-015 0 
0 1 0 0 
1.66898e-015 0 1 0 
0 12.3768 0 1 

1 0 -1.66898e-015 0 
0 1 0 0 
1.66898e-015 0 1 0 
9.53674e-007 12.3768 0 1 

1 0 0 0 
0 1 0 0 
0 0 1 0 
0 12.3768 0 1 

1 0 0 0 
0 1 0 0 
0 0 1 0 
0 12.3768 0 1 

1 0 0 0 
0 1 0 0 
0 0 1 0 
0 12.3768 0 1 

1 0 0 0 
0 1 0 0 
0 0 1 0 
0 12.3768 0 1 

1 -5.23096e-010 1.4892e-008 0 
5.23096e-010 1 3.89497e-018 0 
-1.4892e-008 3.89497e-018 1 0 
0 12.3768 2.23517e-008 1 

1 -5.23096e-010 1.4892e-008 0 
5.23096e-010 1 1.01542e-015 0 
-1.4892e-008 -1.00763e-015 1 0 
0 12.3768 2.98023e-008 1 

1 -5.23096e-010 1.4892e-008 0 
5.23096e-010 1 1.01542e-015 0 
-1.4892e-008 -1.00763e-015 1 0 
0 12.3768 2.98023e-008 1 

1 -5.23096e-010 1.4892e-008 0 
5.23096e-010 1 1.01542e-015 0 
-1.4892e-008 -1.00763e-015 1 0 
0 12.3768 0 1 

0.666667
1 0 0 0 
0 1 0 0 
0 0 1 0 
0 12.3768 0 1 

1 0 0 0 
0 1 0 0 
0 0 1 0 
0 12.3768 0 1 

1 0 0 0 
0 1 0 0 
0 0 1 0 
0 12.3768 -1.49012e-008 1 

1 0 0 0 
0 1 0 0 
0 0 1 0 
0 12.3768 -2.98023e-008 1 

1 0 0 0 
0 1 0 0 
0 0 1 0 
0 12.3768 -1.49012e-008 1 

1 2.01944e-010 -7.24651e-019 0 
-2.01944e-010 1 -7.17675e-009 0 
-7.24651e-019 7.17675e-009 1 0 
0 12.3768 1.49012e-007 1 

1 2.01944e-010 -7.24651e-019 0 
-2.01944e-010 1 -7.17675e-009 0 
-7.24651e-019 7.17675e-009 1 0 
0 12.3768 1.78814e-007 1 

1 2.01944e-010 -7.24651e-019 0 
-2.01944e-010 1 -7.17675e-009 0 
-7.24651e-019 7.17675e-009 1 0 
0 12.3768 1.19209e-007 1 

1 0 0 0 
0 1 0 0 
0 0 1 0 
0 12.3768 1.49012e-008 1 

1 0 -1.66898e-015 0 
0 1 0 0 
1.66898e-015 0 1 0 
0 12.3768 0 1 

1 0 -1.66898e-015 0 
0 1 0 0 
1.66898e-015 0 1 0 
9.53674e-007 12.3768 0 1 

1 0 0 0 
0 1 0 0 
0 0 1 0 
0 12.3768 0 1 

1 0 0 0 
0 1 0 0 
0 0 1 0 
0 12.3768 0 1 

1 0 0 0 
0 1 0 0 
0 0 1 0 
0 12.3768 0 1 

1 0 0 0 
0 1 0 0 
0 0 1 0 
0 12.3768 0 1 

1 -5.23096e-010 1.4892e-008 0 
5.23096e-010 1 3.89497e-018 0 
-1.4892e-008 3.89497e-018 1 0 
0 12.3768 2.23517e-008 1 

1 -5.23096e-010 1.4892e-008 0 
5.23096e-010 1 1.01542e-015 0 
-1.4892e-008 -1.00763e-015 1 0 
0 12.3768 2.98023e-008 1 

1 -5.23096e-010 1.4892e-008 0 
5.23096e-010 1 1.01542e-015 0 
-1.4892e-008 -1.00763e-015 1 0 
0 12.3768 2.98023e-008 1 

1 -5.23096e-010 1.4892e-008 0 
5.23096e-010 1 1.01542e-015 0 
-1.4892e-008 -1.00763e-015 1 0 
0 12.3768 0 1 

0.708333
1 0 0 0 
0 1 0 0 
0 0 1 0 
0 12.3768 0 1 

1 0 0 0 
0 1 0 0 
0 0 1 0 
0 12.3768 0 1 

1 0 0 0 
0 1 0 0 
0 0 1 0 
0 12.3768 -1.49012e-008 1 

1 0 0 0 
0 1 0 0 
0 0 1 0 
0 12.3768 -2.98023e-008 1 

1 0 0 0 
0 1 0 0 
0 0 1 0 
0 12.3768 -1.49012e-008 1 

1 2.01944e-010 -7.24651e-019 0 
-2.01944e-010 1 -7.17675e-009 0 
-7.24651e-019 7.17675e-009 1 0 
0 12.3768 1.49012e-007 1 

1 2.01944e-010 -7.24651e-019 0 
-2.01944e-010 1 -7.17675e-009 0 
-7.24651e-019 7.17675e-009 1 0 
0 12.3768 1.78814e-007 1 

1 2.01944e-010 -7.24651e-019 0 
-2.01944e-010 1 -7.17675e-009 0 
-7.24651e-019 7.17675e-009 1 0 
0 12.3768 1.19209e-007 1 

1 0 0 0 
0 1 0 0 
0 0 1 0 
0 12.3768 1.49012e-008 1 

1 0 -1.66898e-015 0 
0 1 0 0 
1.66898e-015 0 1 0 
0 12.3768 0 1 

1 0 -1.66898e-015 0 
0 1 0 0 
1.66898e-015 0 1 0 
9.53674e-007 12.3768 0 1 

1 0 0 0 
0 1 0 0 
0 0 1 0 
0 12.3768 0 1 

1 0 0 0 
0 1 0 0 
0 0 1 0 
0 12.3768 0 1 

1 0 0 0 
0 1 0 0 
0 0 1 0 
0 12.3768 0 1 

1 0 0 0 
0 1 0 0 
0 0 1 0 
0 12.3768 0 1 

1 -5.23096e-010 1.4892e-008 0 
5.23096e-010 1 3.89497e-018 0 
-1.4892e-008 3.89497e-018 1 0 
0 12.3768 2.23517e-008 1 

1 -5.23096e-010 1.4892e-008 0 
5.23096e-010 1 1.01542e-015 0 
-1.4892e-008 -1.00763e-015 1 0 
0 12.3768 2.98023e-008 1 

1 -5.23096e-010 1.4892e-008 0 
5.23096e-010 1 1.01542e-015 0 
-1.4892e-008 -1.00763e-015 1 0 
0 12.3768 2.98023e-008 1 

1 -5.23096e-010 1.4892e-008 0 
5.23096e-010 1 1.01542e-015 0 
-1.4892e-008 -1.00763e-015 1 0 
0 12.3768 0 1 

0.75
1 0 0 0 
0 1 0 0 
0 0 1 0 
0 12.3768 0 1 

1 0 0 0 
0 1 0 0 
0 0 1 0 
0 12.3768 0 1 

1 0 0 0 
0 1 0 0 
0 0 1 0 
0 12.3768 -1.49012e-008 1 

1 0 0 0 
0 1 0 0 
0 0 1 0 
0 12.3768 -2.98023e-008 1 

1 0 0 0 
0 1 0 0 
0 0 1 0 
0 12.3768 -1.49012e-008 1 

1 2.01944e-010 -7.24651e-019 0 
-2.01944e-010 1 -7.17675e-009 0 
-7.24651e-019 7.17675e-009 1 0 
0 12.3768 1.49012e-007 1 

1 2.01944e-010 -7.24651e-019 0 
-2.01944e-010 1 -7.17675e-009 0 
-7.24651e-019 7.17675e-009 1 0 
0 12.3768 1.78814e-007 1 

1 2.01944e-010 -7.24651e-019 0 
-2.01944e-010 1 -7.17675e-009 0 
-7.24651e-019 7.17675e-009 1 0 
0 12.3768 1.19209e-007 1 

1 0 0 0 
0 1 0 0 
0 0 1 0 
0 12.3768 1.49012e-008 1 

1 0 -1.66898e-015 0 
0 1 0 0 
1.66898e-015 0 1 0 
0 12.3768 0 1 

1 0 -1.66898e-015 0 
0 1 0 0 
1.66898e-015 0 1 0 
9.53674e-007 12.3768 0 1 

1 0 0 0 
0 1 0 0 
0 0 1 0 
0 12.3768 0 1 

1 0 0 0 
0 1 0 0 
0 0 1 0 
0 12.3768 0 1 

1 0 0 0 
0 1 0 0 
0 0 1 0 
0 12.3768 0 1 

1 0 0 0 
0 1 0 0 
0 0 1 0 
0 12.3768 0 1 

1 -5.23096e-010 1.4892e-008 0 
5.23096e-010 1 3.89497e-018 0 
-1.4892e-008 3.89497e-018 1 0 
0 12.3768 2.23517e-008 1 

1 -5.23096e-010 1.4892e-008 0 
5.23096e-010 1 1.01542e-015 0 
-1.4892e-008 -1.00763e-015 1 0 
0 12.3768 2.98023e-008 1 

1 -5.23096e-010 1.4892e-008 0 
5.23096e-010 1 1.01542e-015 0 
-1.4892e-008 -1.00763e-015 1 0 
0 12.3768 2.98023e-008 1 

1 -5.23096e-010 1.4892e-008 0 
5.23096e-010 1 1.01542e-015 0 
-1.4892e-008 -1.00763e-015 1 0 
0 12.3768 0 1 

0.791667
1 0 0 0 
0 1 0 0 
0 0 1 0 
0 12.3768 0 1 

1 0 0 0 
0 1 0 0 
0 0 1 0 
0 12.3768 0 1 

1 0 0 0 
0 1 0 0 
0 0 1 0 
0 12.3768 -1.49012e-008 1 

1 0 0 0 
0 1 0 0 
0 0 1 0 
0 12.3768 -2.98023e-008 1 

1 0 0 0 
0 1 0 0 
0 0 1 0 
0 12.3768 -1.49012e-008 1 

1 2.01944e-010 -7.24651e-019 0 
-2.01944e-010 1 -7.17675e-009 0 
-7.24651e-019 7.17675e-009 1 0 
0 12.3768 1.49012e-007 1 

1 2.01944e-010 -7.24651e-019 0 
-2.01944e-010 1 -7.17675e-009 0 
-7.24651e-019 7.17675e-009 1 0 
0 12.3768 1.78814e-007 1 

1 2.01944e-010 -7.24651e-019 0 
-2.01944e-010 1 -7.17675e-009 0 
-7.24651e-019 7.17675e-009 1 0 
0 12.3768 1.19209e-007 1 

1 0 0 0 
0 1 0 0 
0 0 1 0 
0 12.3768 1.49012e-008 1 

1 0 -1.66898e-015 0 
0 1 0 0 
1.66898e-015 0 1 0 
0 12.3768 0 1 

1 0 -1.66898e-015 0 
0 1 0 0 
1.66898e-015 0 1 0 
9.53674e-007 12.3768 0 1 

1 0 0 0 
0 1 0 0 
0 0 1 0 
0 12.3768 0 1 

1 0 0 0 
0 1 0 0 
0 0 1 0 
0 12.3768 0 1 

1 0 0 0 
0 1 0 0 
0 0 1 0 
0 12.3768 0 1 

1 0 0 0 
0 1 0 0 
0 0 1 0 
0 12.3768 0 1 

1 -5.23096e-010 1.4892e-008 0 
5.23096e-010 1 3.89497e-018 0 
-1.4892e-008 3.89497e-018 1 0 
0 12.3768 2.23517e-008 1 

1 -5.23096e-010 1.4892e-008 0 
5.23096e-010 1 1.01542e-015 0 
-1.4892e-008 -1.00763e-015 1 0 
0 12.3768 2.98023e-008 1 

1 -5.23096e-010 1.4892e-008 0 
5.23096e-010 1 1.01542e-015 0 
-1.4892e-008 -1.00763e-015 1 0 
0 12.3768 2.98023e-008 1 

1 -5.23096e-010 1.4892e-008 0 
5.23096e-010 1 1.01542e-015 0 
-1.4892e-008 -1.00763e-015 1 0 
0 12.3768 0 1 

0.833333
1 0 0 0 
0 1 0 0 
0 0 1 0 
0 12.3768 0 1 

1 0 0 0 
0 1 0 0 
0 0 1 0 
0 12.3768 0 1 

1 0 0 0 
0 1 0 0 
0 0 1 0 
0 12.3768 -1.49012e-008 1 

1 0 0 0 
0 1 0 0 
0 0 1 0 
0 12.3768 -2.98023e-008 1 

1 0 0 0 
0 1 0 0 
0 0 1 0 
0 12.3768 -1.49012e-008 1 

1 2.01944e-010 -7.24651e-019 0 
-2.01944e-010 1 -7.17675e-009 0 
-7.24651e-019 7.17675e-009 1 0 
0 12.3768 1.49012e-007 1 

1 2.01944e-010 -7.24651e-019 0 
-2.01944e-010 1 -7.17675e-009 0 
-7.24651e-019 7.17675e-009 1 0 
0 12.3768 1.78814e-007 1 

1 2.01944e-010 -7.24651e-019 0 
-2.01944e-010 1 -7.17675e-009 0 
-7.24651e-019 7.17675e-009 1 0 
0 12.3768 1.19209e-007 1 

1 0 0 0 
0 1 0 0 
0 0 1 0 
0 12.3768 1.49012e-008 1 

1 0 -1.66898e-015 0 
0 1 0 0 
1.66898e-015 0 1 0 
0 12.3768 0 1 

1 0 -1.66898e-015 0 
0 1 0 0 
1.66898e-015 0 1 0 
9.53674e-007 12.3768 0 1 

1 0 0 0 
0 1 0 0 
0 0 1 0 
0 12.3768 0 1 

1 0 0 0 
0 1 0 0 
0 0 1 0 
0 12.3768 0 1 

1 0 0 0 
0 1 0 0 
0 0 1 0 
0 12.3768 0 1 

1 0 0 0 
0 1 0 0 
0 0 1 0 
0 12.3768 0 1 

1 -5.23096e-010 1.4892e-008 0 
5.23096e-010 1 3.89497e-018 0 
-1.4892e-008 3.89497e-018 1 0 
0 12.3768 2.23517e-008 1 

1 -5.23096e-010 1.4892e-008 0 
5.23096e-010 1 1.01542e-015 0 
-1.4892e-008 -1.00763e-015 1 0 
0 12.3768 2.98023e-008 1 

1 -5.23096e-010 1.4892e-008 0 
5.23096e-010 1 1.01542e-015 0 
-1.4892e-008 -1.00763e-015 1 0 
0 12.3768 2.98023e-008 1 

1 -5.23096e-010 1.4892e-008 0 
5.23096e-010 1 1.01542e-015 0 
-1.4892e-008 -1.00763e-015 1 0 
0 12.3768 0 1 

CLIPNAME#walking
21

1.25
1 0 0 0 
0 1 0 0 
0 0 1 0 
0 12.3768 0 1 

1 0 0 0 
0 1 0 0 
0 0 1 0 
0 12.3768 0 1 

1 0 0 0 
0 1 0 0 
0 0 1 0 
0 12.3768 -1.49012e-008 1 

1 0 0 0 
0 1 0 0 
0 0 1 0 
0 12.3768 -2.98023e-008 1 

1 0 0 0 
0 1 0 0 
0 0 1 0 
0 12.3768 -1.49012e-008 1 

1 2.01944e-010 -7.24651e-019 0 
-2.01944e-010 1 -7.17675e-009 0 
-7.24651e-019 7.17675e-009 1 0 
0 12.3768 1.49012e-007 1 

1 2.01944e-010 -7.24651e-019 0 
-2.01944e-010 1 -7.17675e-009 0 
-7.24651e-019 7.17675e-009 1 0 
0 12.3768 1.78814e-007 1 

1 2.01944e-010 -7.24651e-019 0 
-2.01944e-010 1 -7.17675e-009 0 
-7.24651e-019 7.17675e-009 1 0 
0 12.3768 1.19209e-007 1 

1 0 0 0 
0 1 0 0 
0 0 1 0 
0 12.3768 1.49012e-008 1 

1 0 -1.66898e-015 0 
0 1 0 0 
1.66898e-015 0 1 0 
0 12.3768 0 1 

1 0 -1.66898e-015 0 
0 1 0 0 
1.66898e-015 0 1 0 
9.53674e-007 12.3768 0 1 

1 0 0 0 
0 1 0 0 
0 0 1 0 
0 12.3768 0 1 

1 0 0 0 
0 1 0 0 
0 0 1 0 
0 12.3768 0 1 

1 0 0 0 
0 1 0 0 
0 0 1 0 
0 12.3768 0 1 

1 0 0 0 
0 1 0 0 
0 0 1 0 
0 12.3768 0 1 

1 -5.23096e-010 1.4892e-008 0 
5.23096e-010 1 3.89497e-018 0 
-1.4892e-008 3.89497e-018 1 0 
0 12.3768 2.23517e-008 1 

1 -5.23096e-010 1.4892e-008 0 
5.23096e-010 1 1.01542e-015 0 
-1.4892e-008 -1.00763e-015 1 0 
0 12.3768 2.98023e-008 1 

1 -5.23096e-010 1.4892e-008 0 
5.23096e-010 1 1.01542e-015 0 
-1.4892e-008 -1.00763e-015 1 0 
0 12.3768 2.98023e-008 1 

1 -5.23096e-010 1.4892e-008 0 
5.23096e-010 1 1.01542e-015 0 
-1.4892e-008 -1.00763e-015 1 0 
0 12.3768 0 1 

1.29167
1 0 0 0 
0 1 0 0 
0 0 1 0 
0 12.3768 0 1 

1 0 0 0 
0 1 0 0 
0 0 1 0 
0 12.3768 0 1 

1 0 0 0 
0 1 0 0 
0 0 1 0 
0 12.3768 -1.49012e-008 1 

1 0 0 0 
0 1 0 0 
0 0 1 0 
0 12.3768 -2.98023e-008 1 

1 0 0 0 
0 1 0 0 
0 0 1 0 
0 12.3768 -1.49012e-008 1 

1 2.01944e-010 -7.24651e-019 0 
-2.01944e-010 1 -7.17675e-009 0 
-7.24651e-019 7.17675e-009 1 0 
0 12.3768 1.49012e-007 1 

1 2.01944e-010 -7.24651e-019 0 
-2.01944e-010 1 -7.17675e-009 0 
-7.24651e-019 7.17675e-009 1 0 
0 12.3768 1.78814e-007 1 

1 2.01944e-010 -7.24651e-019 0 
-2.01944e-010 1 -7.17675e-009 0 
-7.24651e-019 7.17675e-009 1 0 
0 12.3768 1.19209e-007 1 

1 0 0 0 
0 1 0 0 
0 0 1 0 
0 12.3768 1.49012e-008 1 

1 0 -1.66898e-015 0 
0 1 0 0 
1.66898e-015 0 1 0 
0 12.3768 0 1 

1 0 -1.66898e-015 0 
0 1 0 0 
1.66898e-015 0 1 0 
9.53674e-007 12.3768 0 1 

1 0 0 0 
0 1 0 0 
0 0 1 0 
0 12.3768 0 1 

1 0 0 0 
0 1 0 0 
0 0 1 0 
0 12.3768 0 1 

1 0 0 0 
0 1 0 0 
0 0 1 0 
0 12.3768 0 1 

1 0 0 0 
0 1 0 0 
0 0 1 0 
0 12.3768 0 1 

1 -5.23096e-010 1.4892e-008 0 
5.23096e-010 1 3.89497e-018 0 
-1.4892e-008 3.89497e-018 1 0 
0 12.3768 2.23517e-008 1 

1 -5.23096e-010 1.4892e-008 0 
5.23096e-010 1 1.01542e-015 0 
-1.4892e-008 -1.00763e-015 1 0 
0 12.3768 2.98023e-008 1 

1 -5.23096e-010 1.4892e-008 0 
5.23096e-010 1 1.01542e-015 0 
-1.4892e-008 -1.00763e-015 1 0 
0 12.3768 2.98023e-008 1 

1 -5.23096e-010 1.4892e-008 0 
5.23096e-010 1 1.01542e-015 0 
-1.4892e-008 -1.00763e-015 1 0 
0 12.3768 0 1 

1.33333
1 0 0 0 
0 1 0 0 
0 0 1 0 
0 12.3768 0 1 

1 0 0 0 
0 1 0 0 
0 0 1 0 
0 12.3768 0 1 

1 0 0 0 
0 1 0 0 
0 0 1 0 
0 12.3768 -1.49012e-008 1 

1 0 0 0 
0 1 0 0 
0 0 1 0 
0 12.3768 -2.98023e-008 1 

1 0 0 0 
0 1 0 0 
0 0 1 0 
0 12.3768 -1.49012e-008 1 

1 2.01944e-010 -7.24651e-019 0 
-2.01944e-010 1 -7.17675e-009 0 
-7.24651e-019 7.17675e-009 1 0 
0 12.3768 1.49012e-007 1 

1 2.01944e-010 -7.24651e-019 0 
-2.01944e-010 1 -7.17675e-009 0 
-7.24651e-019 7.17675e-009 1 0 
0 12.3768 1.78814e-007 1 

1 2.01944e-010 -7.24651e-019 0 
-2.01944e-010 1 -7.17675e-009 0 
-7.24651e-019 7.17675e-009 1 0 
0 12.3768 1.19209e-007 1 

1 0 0 0 
0 1 0 0 
0 0 1 0 
0 12.3768 1.49012e-008 1 

1 0 -1.66898e-015 0 
0 1 0 0 
1.66898e-015 0 1 0 
0 12.3768 0 1 

1 0 -1.66898e-015 0 
0 1 0 0 
1.66898e-015 0 1 0 
9.53674e-007 12.3768 0 1 

1 0 0 0 
0 1 0 0 
0 0 1 0 
0 12.3768 0 1 

1 0 0 0 
0 1 0 0 
0 0 1 0 
0 12.3768 0 1 

1 0 0 0 
0 1 0 0 
0 0 1 0 
0 12.3768 0 1 

1 0 0 0 
0 1 0 0 
0 0 1 0 
0 12.3768 0 1 

1 -5.23096e-010 1.4892e-008 0 
5.23096e-010 1 3.89497e-018 0 
-1.4892e-008 3.89497e-018 1 0 
0 12.3768 2.23517e-008 1 

1 -5.23096e-010 1.4892e-008 0 
5.23096e-010 1 1.01542e-015 0 
-1.4892e-008 -1.00763e-015 1 0 
0 12.3768 2.98023e-008 1 

1 -5.23096e-010 1.4892e-008 0 
5.23096e-010 1 1.01542e-015 0 
-1.4892e-008 -1.00763e-015 1 0 
0 12.3768 2.98023e-008 1 

1 -5.23096e-010 1.4892e-008 0 
5.23096e-010 1 1.01542e-015 0 
-1.4892e-008 -1.00763e-015 1 0 
0 12.3768 0 1 

1.375
1 0 0 0 
0 1 0 0 
0 0 1 0 
0 12.3768 0 1 

1 0 0 0 
0 1 0 0 
0 0 1 0 
0 12.3768 0 1 

1 0 0 0 
0 1 0 0 
0 0 1 0 
0 12.3768 -1.49012e-008 1 

1 0 0 0 
0 1 0 0 
0 0 1 0 
0 12.3768 -2.98023e-008 1 

1 0 0 0 
0 1 0 0 
0 0 1 0 
0 12.3768 -1.49012e-008 1 

1 2.01944e-010 -7.24651e-019 0 
-2.01944e-010 1 -7.17675e-009 0 
-7.24651e-019 7.17675e-009 1 0 
0 12.3768 1.49012e-007 1 

1 2.01944e-010 -7.24651e-019 0 
-2.01944e-010 1 -7.17675e-009 0 
-7.24651e-019 7.17675e-009 1 0 
0 12.3768 1.78814e-007 1 

1 2.01944e-010 -7.24651e-019 0 
-2.01944e-010 1 -7.17675e-009 0 
-7.24651e-019 7.17675e-009 1 0 
0 12.3768 1.19209e-007 1 

1 0 0 0 
0 1 0 0 
0 0 1 0 
0 12.3768 1.49012e-008 1 

1 0 -1.66898e-015 0 
0 1 0 0 
1.66898e-015 0 1 0 
0 12.3768 0 1 

1 0 -1.66898e-015 0 
0 1 0 0 
1.66898e-015 0 1 0 
9.53674e-007 12.3768 0 1 

1 0 0 0 
0 1 0 0 
0 0 1 0 
0 12.3768 0 1 

1 0 0 0 
0 1 0 0 
0 0 1 0 
0 12.3768 0 1 

1 0 0 0 
0 1 0 0 
0 0 1 0 
0 12.3768 0 1 

1 0 0 0 
0 1 0 0 
0 0 1 0 
0 12.3768 0 1 

1 -5.23096e-010 1.4892e-008 0 
5.23096e-010 1 3.89497e-018 0 
-1.4892e-008 3.89497e-018 1 0 
0 12.3768 2.23517e-008 1 

1 -5.23096e-010 1.4892e-008 0 
5.23096e-010 1 1.01542e-015 0 
-1.4892e-008 -1.00763e-015 1 0 
0 12.3768 2.98023e-008 1 

1 -5.23096e-010 1.4892e-008 0 
5.23096e-010 1 1.01542e-015 0 
-1.4892e-008 -1.00763e-015 1 0 
0 12.3768 2.98023e-008 1 

1 -5.23096e-010 1.4892e-008 0 
5.23096e-010 1 1.01542e-015 0 
-1.4892e-008 -1.00763e-015 1 0 
0 12.3768 0 1 

1.41667
1 0 0 0 
0 1 0 0 
0 0 1 0 
0 12.3768 0 1 

1 0 0 0 
0 1 0 0 
0 0 1 0 
0 12.3768 0 1 

1 0 0 0 
0 1 0 0 
0 0 1 0 
0 12.3768 -1.49012e-008 1 

1 0 0 0 
0 1 0 0 
0 0 1 0 
0 12.3768 -2.98023e-008 1 

1 0 0 0 
0 1 0 0 
0 0 1 0 
0 12.3768 -1.49012e-008 1 

1 2.01944e-010 -7.24651e-019 0 
-2.01944e-010 1 -7.17675e-009 0 
-7.24651e-019 7.17675e-009 1 0 
0 12.3768 1.49012e-007 1 

1 2.01944e-010 -7.24651e-019 0 
-2.01944e-010 1 -7.17675e-009 0 
-7.24651e-019 7.17675e-009 1 0 
0 12.3768 1.78814e-007 1 

1 2.01944e-010 -7.24651e-019 0 
-2.01944e-010 1 -7.17675e-009 0 
-7.24651e-019 7.17675e-009 1 0 
0 12.3768 1.19209e-007 1 

1 0 0 0 
0 1 0 0 
0 0 1 0 
0 12.3768 1.49012e-008 1 

1 0 -1.66898e-015 0 
0 1 0 0 
1.66898e-015 0 1 0 
0 12.3768 0 1 

1 0 -1.66898e-015 0 
0 1 0 0 
1.66898e-015 0 1 0 
9.53674e-007 12.3768 0 1 

1 0 0 0 
0 1 0 0 
0 0 1 0 
0 12.3768 0 1 

1 0 0 0 
0 1 0 0 
0 0 1 0 
0 12.3768 0 1 

1 0 0 0 
0 1 0 0 
0 0 1 0 
0 12.3768 0 1 

1 0 0 0 
0 1 0 0 
0 0 1 0 
0 12.3768 0 1 

1 -5.23096e-010 1.4892e-008 0 
5.23096e-010 1 3.89497e-018 0 
-1.4892e-008 3.89497e-018 1 0 
0 12.3768 2.23517e-008 1 

1 -5.23096e-010 1.4892e-008 0 
5.23096e-010 1 1.01542e-015 0 
-1.4892e-008 -1.00763e-015 1 0 
0 12.3768 2.98023e-008 1 

1 -5.23096e-010 1.4892e-008 0 
5.23096e-010 1 1.01542e-015 0 
-1.4892e-008 -1.00763e-015 1 0 
0 12.3768 2.98023e-008 1 

1 -5.23096e-010 1.4892e-008 0 
5.23096e-010 1 1.01542e-015 0 
-1.4892e-008 -1.00763e-015 1 0 
0 12.3768 0 1 

1.45833
1 0 0 0 
0 1 0 0 
0 0 1 0 
0 12.3768 0 1 

1 0 0 0 
0 1 0 0 
0 0 1 0 
0 12.3768 0 1 

1 0 0 0 
0 1 0 0 
0 0 1 0 
0 12.3768 -1.49012e-008 1 

1 0 0 0 
0 1 0 0 
0 0 1 0 
0 12.3768 -2.98023e-008 1 

1 0 0 0 
0 1 0 0 
0 0 1 0 
0 12.3768 -1.49012e-008 1 

1 2.01944e-010 -7.24651e-019 0 
-2.01944e-010 1 -7.17675e-009 0 
-7.24651e-019 7.17675e-009 1 0 
0 12.3768 1.49012e-007 1 

1 2.01944e-010 -7.24651e-019 0 
-2.01944e-010 1 -7.17675e-009 0 
-7.24651e-019 7.17675e-009 1 0 
0 12.3768 1.78814e-007 1 

1 2.01944e-010 -7.24651e-019 0 
-2.01944e-010 1 -7.17675e-009 0 
-7.24651e-019 7.17675e-009 1 0 
0 12.3768 1.19209e-007 1 

1 0 0 0 
0 1 0 0 
0 0 1 0 
0 12.3768 1.49012e-008 1 

1 0 -1.66898e-015 0 
0 1 0 0 
1.66898e-015 0 1 0 
0 12.3768 0 1 

1 0 -1.66898e-015 0 
0 1 0 0 
1.66898e-015 0 1 0 
9.53674e-007 12.3768 0 1 

1 0 0 0 
0 1 0 0 
0 0 1 0 
0 12.3768 0 1 

1 0 0 0 
0 1 0 0 
0 0 1 0 
0 12.3768 0 1 

1 0 0 0 
0 1 0 0 
0 0 1 0 
0 12.3768 0 1 

1 0 0 0 
0 1 0 0 
0 0 1 0 
0 12.3768 0 1 

1 -5.23096e-010 1.4892e-008 0 
5.23096e-010 1 3.89497e-018 0 
-1.4892e-008 3.89497e-018 1 0 
0 12.3768 2.23517e-008 1 

1 -5.23096e-010 1.4892e-008 0 
5.23096e-010 1 1.01542e-015 0 
-1.4892e-008 -1.00763e-015 1 0 
0 12.3768 2.98023e-008 1 

1 -5.23096e-010 1.4892e-008 0 
5.23096e-010 1 1.01542e-015 0 
-1.4892e-008 -1.00763e-015 1 0 
0 12.3768 2.98023e-008 1 

1 -5.23096e-010 1.4892e-008 0 
5.23096e-010 1 1.01542e-015 0 
-1.4892e-008 -1.00763e-015 1 0 
0 12.3768 0 1 

1.5
1 0 0 0 
0 1 0 0 
0 0 1 0 
0 12.3768 0 1 

1 0 0 0 
0 1 0 0 
0 0 1 0 
0 12.3768 0 1 

1 0 0 0 
0 1 0 0 
0 0 1 0 
0 12.3768 -1.49012e-008 1 

1 0 0 0 
0 1 0 0 
0 0 1 0 
0 12.3768 -2.98023e-008 1 

1 0 0 0 
0 1 0 0 
0 0 1 0 
0 12.3768 -1.49012e-008 1 

1 2.01944e-010 -7.24651e-019 0 
-2.01944e-010 1 -7.17675e-009 0 
-7.24651e-019 7.17675e-009 1 0 
0 12.3768 1.49012e-007 1 

1 2.01944e-010 -7.24651e-019 0 
-2.01944e-010 1 -7.17675e-009 0 
-7.24651e-019 7.17675e-009 1 0 
0 12.3768 1.78814e-007 1 

1 2.01944e-010 -7.24651e-019 0 
-2.01944e-010 1 -7.17675e-009 0 
-7.24651e-019 7.17675e-009 1 0 
0 12.3768 1.19209e-007 1 

1 0 0 0 
0 1 0 0 
0 0 1 0 
0 12.3768 1.49012e-008 1 

1 0 -1.66898e-015 0 
0 1 0 0 
1.66898e-015 0 1 0 
0 12.3768 0 1 

1 0 -1.66898e-015 0 
0 1 0 0 
1.66898e-015 0 1 0 
9.53674e-007 12.3768 0 1 

1 0 0 0 
0 1 0 0 
0 0 1 0 
0 12.3768 0 1 

1 0 0 0 
0 1 0 0 
0 0 1 0 
0 12.3768 0 1 

1 0 0 0 
0 1 0 0 
0 0 1 0 
0 12.3768 0 1 

1 0 0 0 
0 1 0 0 
0 0 1 0 
0 12.3768 0 1 

1 -5.23096e-010 1.4892e-008 0 
5.23096e-010 1 3.89497e-018 0 
-1.4892e-008 3.89497e-018 1 0 
0 12.3768 2.23517e-008 1 

1 -5.23096e-010 1.4892e-008 0 
5.23096e-010 1 1.01542e-015 0 
-1.4892e-008 -1.00763e-015 1 0 
0 12.3768 2.98023e-008 1 

1 -5.23096e-010 1.4892e-008 0 
5.23096e-010 1 1.01542e-015 0 
-1.4892e-008 -1.00763e-015 1 0 
0 12.3768 2.98023e-008 1 

1 -5.23096e-010 1.4892e-008 0 
5.23096e-010 1 1.01542e-015 0 
-1.4892e-008 -1.00763e-015 1 0 
0 12.3768 0 1 

1.54167
1 0 0 0 
0 1 0 0 
0 0 1 0 
0 12.3768 0 1 

1 0 0 0 
0 1 0 0 
0 0 1 0 
0 12.3768 0 1 

1 0 0 0 
0 1 0 0 
0 0 1 0 
0 12.3768 -1.49012e-008 1 

1 0 0 0 
0 1 0 0 
0 0 1 0 
0 12.3768 -2.98023e-008 1 

1 0 0 0 
0 1 0 0 
0 0 1 0 
0 12.3768 -1.49012e-008 1 

1 2.01944e-010 -7.24651e-019 0 
-2.01944e-010 1 -7.17675e-009 0 
-7.24651e-019 7.17675e-009 1 0 
0 12.3768 1.49012e-007 1 

1 2.01944e-010 -7.24651e-019 0 
-2.01944e-010 1 -7.17675e-009 0 
-7.24651e-019 7.17675e-009 1 0 
0 12.3768 1.78814e-007 1 

1 2.01944e-010 -7.24651e-019 0 
-2.01944e-010 1 -7.17675e-009 0 
-7.24651e-019 7.17675e-009 1 0 
0 12.3768 1.19209e-007 1 

1 0 0 0 
0 1 0 0 
0 0 1 0 
0 12.3768 1.49012e-008 1 

1 0 -1.66898e-015 0 
0 1 0 0 
1.66898e-015 0 1 0 
0 12.3768 0 1 

1 0 -1.66898e-015 0 
0 1 0 0 
1.66898e-015 0 1 0 
9.53674e-007 12.3768 0 1 

1 0 0 0 
0 1 0 0 
0 0 1 0 
0 12.3768 0 1 

1 0 0 0 
0 1 0 0 
0 0 1 0 
0 12.3768 0 1 

1 0 0 0 
0 1 0 0 
0 0 1 0 
0 12.3768 0 1 

1 0 0 0 
0 1 0 0 
0 0 1 0 
0 12.3768 0 1 

1 -5.23096e-010 1.4892e-008 0 
5.23096e-010 1 3.89497e-018 0 
-1.4892e-008 3.89497e-018 1 0 
0 12.3768 2.23517e-008 1 

1 -5.23096e-010 1.4892e-008 0 
5.23096e-010 1 1.01542e-015 0 
-1.4892e-008 -1.00763e-015 1 0 
0 12.3768 2.98023e-008 1 

1 -5.23096e-010 1.4892e-008 0 
5.23096e-010 1 1.01542e-015 0 
-1.4892e-008 -1.00763e-015 1 0 
0 12.3768 2.98023e-008 1 

1 -5.23096e-010 1.4892e-008 0 
5.23096e-010 1 1.01542e-015 0 
-1.4892e-008 -1.00763e-015 1 0 
0 12.3768 0 1 

1.58333
1 0 0 0 
0 1 0 0 
0 0 1 0 
0 12.3768 0 1 

1 0 0 0 
0 1 0 0 
0 0 1 0 
0 12.3768 0 1 

1 0 0 0 
0 1 0 0 
0 0 1 0 
0 12.3768 -1.49012e-008 1 

1 0 0 0 
0 1 0 0 
0 0 1 0 
0 12.3768 -2.98023e-008 1 

1 0 0 0 
0 1 0 0 
0 0 1 0 
0 12.3768 -1.49012e-008 1 

1 2.01944e-010 -7.24651e-019 0 
-2.01944e-010 1 -7.17675e-009 0 
-7.24651e-019 7.17675e-009 1 0 
0 12.3768 1.49012e-007 1 

1 2.01944e-010 -7.24651e-019 0 
-2.01944e-010 1 -7.17675e-009 0 
-7.24651e-019 7.17675e-009 1 0 
0 12.3768 1.78814e-007 1 

1 2.01944e-010 -7.24651e-019 0 
-2.01944e-010 1 -7.17675e-009 0 
-7.24651e-019 7.17675e-009 1 0 
0 12.3768 1.19209e-007 1 

1 0 0 0 
0 1 0 0 
0 0 1 0 
0 12.3768 1.49012e-008 1 

1 0 -1.66898e-015 0 
0 1 0 0 
1.66898e-015 0 1 0 
0 12.3768 0 1 

1 0 -1.66898e-015 0 
0 1 0 0 
1.66898e-015 0 1 0 
9.53674e-007 12.3768 0 1 

1 0 0 0 
0 1 0 0 
0 0 1 0 
0 12.3768 0 1 

1 0 0 0 
0 1 0 0 
0 0 1 0 
0 12.3768 0 1 

1 0 0 0 
0 1 0 0 
0 0 1 0 
0 12.3768 0 1 

1 0 0 0 
0 1 0 0 
0 0 1 0 
0 12.3768 0 1 

1 -5.23096e-010 1.4892e-008 0 
5.23096e-010 1 3.89497e-018 0 
-1.4892e-008 3.89497e-018 1 0 
0 12.3768 2.23517e-008 1 

1 -5.23096e-010 1.4892e-008 0 
5.23096e-010 1 1.01542e-015 0 
-1.4892e-008 -1.00763e-015 1 0 
0 12.3768 2.98023e-008 1 

1 -5.23096e-010 1.4892e-008 0 
5.23096e-010 1 1.01542e-015 0 
-1.4892e-008 -1.00763e-015 1 0 
0 12.3768 2.98023e-008 1 

1 -5.23096e-010 1.4892e-008 0 
5.23096e-010 1 1.01542e-015 0 
-1.4892e-008 -1.00763e-015 1 0 
0 12.3768 0 1 

1.625
1 0 0 0 
0 1 0 0 
0 0 1 0 
0 12.3768 0 1 

1 0 0 0 
0 1 0 0 
0 0 1 0 
0 12.3768 0 1 

1 0 0 0 
0 1 0 0 
0 0 1 0 
0 12.3768 -1.49012e-008 1 

1 0 0 0 
0 1 0 0 
0 0 1 0 
0 12.3768 -2.98023e-008 1 

1 0 0 0 
0 1 0 0 
0 0 1 0 
0 12.3768 -1.49012e-008 1 

1 2.01944e-010 -7.24651e-019 0 
-2.01944e-010 1 -7.17675e-009 0 
-7.24651e-019 7.17675e-009 1 0 
0 12.3768 1.49012e-007 1 

1 2.01944e-010 -7.24651e-019 0 
-2.01944e-010 1 -7.17675e-009 0 
-7.24651e-019 7.17675e-009 1 0 
0 12.3768 1.78814e-007 1 

1 2.01944e-010 -7.24651e-019 0 
-2.01944e-010 1 -7.17675e-009 0 
-7.24651e-019 7.17675e-009 1 0 
0 12.3768 1.19209e-007 1 

1 0 0 0 
0 1 0 0 
0 0 1 0 
0 12.3768 1.49012e-008 1 

1 0 -1.66898e-015 0 
0 1 0 0 
1.66898e-015 0 1 0 
0 12.3768 0 1 

1 0 -1.66898e-015 0 
0 1 0 0 
1.66898e-015 0 1 0 
9.53674e-007 12.3768 0 1 

1 0 0 0 
0 1 0 0 
0 0 1 0 
0 12.3768 0 1 

1 0 0 0 
0 1 0 0 
0 0 1 0 
0 12.3768 0 1 

1 0 0 0 
0 1 0 0 
0 0 1 0 
0 12.3768 0 1 

1 0 0 0 
0 1 0 0 
0 0 1 0 
0 12.3768 0 1 

1 -5.23096e-010 1.4892e-008 0 
5.23096e-010 1 3.89497e-018 0 
-1.4892e-008 3.89497e-018 1 0 
0 12.3768 2.23517e-008 1 

1 -5.23096e-010 1.4892e-008 0 
5.23096e-010 1 1.01542e-015 0 
-1.4892e-008 -1.00763e-015 1 0 
0 12.3768 2.98023e-008 1 

1 -5.23096e-010 1.4892e-008 0 
5.23096e-010 1 1.01542e-015 0 
-1.4892e-008 -1.00763e-015 1 0 
0 12.3768 2.98023e-008 1 

1 -5.23096e-010 1.4892e-008 0 
5.23096e-010 1 1.01542e-015 0 
-1.4892e-008 -1.00763e-015 1 0 
0 12.3768 0 1 

1.66667
1 0 0 0 
0 1 0 0 
0 0 1 0 
0 12.3768 0 1 

1 0 0 0 
0 1 0 0 
0 0 1 0 
0 12.3768 0 1 

1 0 0 0 
0 1 0 0 
0 0 1 0 
0 12.3768 -1.49012e-008 1 

1 0 0 0 
0 1 0 0 
0 0 1 0 
0 12.3768 -2.98023e-008 1 

1 0 0 0 
0 1 0 0 
0 0 1 0 
0 12.3768 -1.49012e-008 1 

1 2.01944e-010 -7.24651e-019 0 
-2.01944e-010 1 -7.17675e-009 0 
-7.24651e-019 7.17675e-009 1 0 
0 12.3768 1.49012e-007 1 

1 2.01944e-010 -7.24651e-019 0 
-2.01944e-010 1 -7.17675e-009 0 
-7.24651e-019 7.17675e-009 1 0 
0 12.3768 1.78814e-007 1 

1 2.01944e-010 -7.24651e-019 0 
-2.01944e-010 1 -7.17675e-009 0 
-7.24651e-019 7.17675e-009 1 0 
0 12.3768 1.19209e-007 1 

1 0 0 0 
0 1 0 0 
0 0 1 0 
0 12.3768 1.49012e-008 1 

1 0 -1.66898e-015 0 
0 1 0 0 
1.66898e-015 0 1 0 
0 12.3768 0 1 

1 0 -1.66898e-015 0 
0 1 0 0 
1.66898e-015 0 1 0 
9.53674e-007 12.3768 0 1 

1 0 0 0 
0 1 0 0 
0 0 1 0 
0 12.3768 0 1 

1 0 0 0 
0 1 0 0 
0 0 1 0 
0 12.3768 0 1 

1 0 0 0 
0 1 0 0 
0 0 1 0 
0 12.3768 0 1 

1 0 0 0 
0 1 0 0 
0 0 1 0 
0 12.3768 0 1 

1 -5.23096e-010 1.4892e-008 0 
5.23096e-010 1 3.89497e-018 0 
-1.4892e-008 3.89497e-018 1 0 
0 12.3768 2.23517e-008 1 

1 -5.23096e-010 1.4892e-008 0 
5.23096e-010 1 1.01542e-015 0 
-1.4892e-008 -1.00763e-015 1 0 
0 12.3768 2.98023e-008 1 

1 -5.23096e-010 1.4892e-008 0 
5.23096e-010 1 1.01542e-015 0 
-1.4892e-008 -1.00763e-015 1 0 
0 12.3768 2.98023e-008 1 

1 -5.23096e-010 1.4892e-008 0 
5.23096e-010 1 1.01542e-015 0 
-1.4892e-008 -1.00763e-015 1 0 
0 12.3768 0 1 

1.70833
1 0 0 0 
0 1 0 0 
0 0 1 0 
0 12.3768 0 1 

1 0 0 0 
0 1 0 0 
0 0 1 0 
0 12.3768 0 1 

1 0 0 0 
0 1 0 0 
0 0 1 0 
0 12.3768 -1.49012e-008 1 

1 0 0 0 
0 1 0 0 
0 0 1 0 
0 12.3768 -2.98023e-008 1 

1 0 0 0 
0 1 0 0 
0 0 1 0 
0 12.3768 -1.49012e-008 1 

1 2.01944e-010 -7.24651e-019 0 
-2.01944e-010 1 -7.17675e-009 0 
-7.24651e-019 7.17675e-009 1 0 
0 12.3768 1.49012e-007 1 

1 2.01944e-010 -7.24651e-019 0 
-2.01944e-010 1 -7.17675e-009 0 
-7.24651e-019 7.17675e-009 1 0 
0 12.3768 1.78814e-007 1 

1 2.01944e-010 -7.24651e-019 0 
-2.01944e-010 1 -7.17675e-009 0 
-7.24651e-019 7.17675e-009 1 0 
0 12.3768 1.19209e-007 1 

1 0 0 0 
0 1 0 0 
0 0 1 0 
0 12.3768 1.49012e-008 1 

1 0 -1.66898e-015 0 
0 1 0 0 
1.66898e-015 0 1 0 
0 12.3768 0 1 

1 0 -1.66898e-015 0 
0 1 0 0 
1.66898e-015 0 1 0 
9.53674e-007 12.3768 0 1 

1 0 0 0 
0 1 0 0 
0 0 1 0 
0 12.3768 0 1 

1 0 0 0 
0 1 0 0 
0 0 1 0 
0 12.3768 0 1 

1 0 0 0 
0 1 0 0 
0 0 1 0 
0 12.3768 0 1 

1 0 0 0 
0 1 0 0 
0 0 1 0 
0 12.3768 0 1 

1 -5.23096e-010 1.4892e-008 0 
5.23096e-010 1 3.89497e-018 0 
-1.4892e-008 3.89497e-018 1 0 
0 12.3768 2.23517e-008 1 

1 -5.23096e-010 1.4892e-008 0 
5.23096e-010 1 1.01542e-015 0 
-1.4892e-008 -1.00763e-015 1 0 
0 12.3768 2.98023e-008 1 

1 -5.23096e-010 1.4892e-008 0 
5.23096e-010 1 1.01542e-015 0 
-1.4892e-008 -1.00763e-015 1 0 
0 12.3768 2.98023e-008 1 

1 -5.23096e-010 1.4892e-008 0 
5.23096e-010 1 1.01542e-015 0 
-1.4892e-008 -1.00763e-015 1 0 
0 12.3768 0 1 

1.75
1 0 0 0 
0 1 0 0 
0 0 1 0 
0 12.3768 0 1 

1 0 0 0 
0 1 0 0 
0 0 1 0 
0 12.3768 0 1 

1 0 0 0 
0 1 0 0 
0 0 1 0 
0 12.3768 -1.49012e-008 1 

1 0 0 0 
0 1 0 0 
0 0 1 0 
0 12.3768 -2.98023e-008 1 

1 0 0 0 
0 1 0 0 
0 0 1 0 
0 12.3768 -1.49012e-008 1 

1 2.01944e-010 -7.24651e-019 0 
-2.01944e-010 1 -7.17675e-009 0 
-7.24651e-019 7.17675e-009 1 0 
0 12.3768 1.49012e-007 1 

1 2.01944e-010 -7.24651e-019 0 
-2.01944e-010 1 -7.17675e-009 0 
-7.24651e-019 7.17675e-009 1 0 
0 12.3768 1.78814e-007 1 

1 2.01944e-010 -7.24651e-019 0 
-2.01944e-010 1 -7.17675e-009 0 
-7.24651e-019 7.17675e-009 1 0 
0 12.3768 1.19209e-007 1 

1 0 0 0 
0 1 0 0 
0 0 1 0 
0 12.3768 1.49012e-008 1 

1 0 -1.66898e-015 0 
0 1 0 0 
1.66898e-015 0 1 0 
0 12.3768 0 1 

1 0 -1.66898e-015 0 
0 1 0 0 
1.66898e-015 0 1 0 
9.53674e-007 12.3768 0 1 

1 0 0 0 
0 1 0 0 
0 0 1 0 
0 12.3768 0 1 

1 0 0 0 
0 1 0 0 
0 0 1 0 
0 12.3768 0 1 

1 0 0 0 
0 1 0 0 
0 0 1 0 
0 12.3768 0 1 

1 0 0 0 
0 1 0 0 
0 0 1 0 
0 12.3768 0 1 

1 -5.23096e-010 1.4892e-008 0 
5.23096e-010 1 3.89497e-018 0 
-1.4892e-008 3.89497e-018 1 0 
0 12.3768 2.23517e-008 1 

1 -5.23096e-010 1.4892e-008 0 
5.23096e-010 1 1.01542e-015 0 
-1.4892e-008 -1.00763e-015 1 0 
0 12.3768 2.98023e-008 1 

1 -5.23096e-010 1.4892e-008 0 
5.23096e-010 1 1.01542e-015 0 
-1.4892e-008 -1.00763e-015 1 0 
0 12.3768 2.98023e-008 1 

1 -5.23096e-010 1.4892e-008 0 
5.23096e-010 1 1.01542e-015 0 
-1.4892e-008 -1.00763e-015 1 0 
0 12.3768 0 1 

1.79167
1 0 0 0 
0 1 0 0 
0 0 1 0 
0 12.3768 0 1 

1 0 0 0 
0 1 0 0 
0 0 1 0 
0 12.3768 0 1 

1 0 0 0 
0 1 0 0 
0 0 1 0 
0 12.3768 -1.49012e-008 1 

1 0 0 0 
0 1 0 0 
0 0 1 0 
0 12.3768 -2.98023e-008 1 

1 0 0 0 
0 1 0 0 
0 0 1 0 
0 12.3768 -1.49012e-008 1 

1 2.01944e-010 -7.24651e-019 0 
-2.01944e-010 1 -7.17675e-009 0 
-7.24651e-019 7.17675e-009 1 0 
0 12.3768 1.49012e-007 1 

1 2.01944e-010 -7.24651e-019 0 
-2.01944e-010 1 -7.17675e-009 0 
-7.24651e-019 7.17675e-009 1 0 
0 12.3768 1.78814e-007 1 

1 2.01944e-010 -7.24651e-019 0 
-2.01944e-010 1 -7.17675e-009 0 
-7.24651e-019 7.17675e-009 1 0 
0 12.3768 1.19209e-007 1 

1 0 0 0 
0 1 0 0 
0 0 1 0 
0 12.3768 1.49012e-008 1 

1 0 -1.66898e-015 0 
0 1 0 0 
1.66898e-015 0 1 0 
0 12.3768 0 1 

1 0 -1.66898e-015 0 
0 1 0 0 
1.66898e-015 0 1 0 
9.53674e-007 12.3768 0 1 

1 0 0 0 
0 1 0 0 
0 0 1 0 
0 12.3768 0 1 

1 0 0 0 
0 1 0 0 
0 0 1 0 
0 12.3768 0 1 

1 0 0 0 
0 1 0 0 
0 0 1 0 
0 12.3768 0 1 

1 0 0 0 
0 1 0 0 
0 0 1 0 
0 12.3768 0 1 

1 -5.23096e-010 1.4892e-008 0 
5.23096e-010 1 3.89497e-018 0 
-1.4892e-008 3.89497e-018 1 0 
0 12.3768 2.23517e-008 1 

1 -5.23096e-010 1.4892e-008 0 
5.23096e-010 1 1.01542e-015 0 
-1.4892e-008 -1.00763e-015 1 0 
0 12.3768 2.98023e-008 1 

1 -5.23096e-010 1.4892e-008 0 
5.23096e-010 1 1.01542e-015 0 
-1.4892e-008 -1.00763e-015 1 0 
0 12.3768 2.98023e-008 1 

1 -5.23096e-010 1.4892e-008 0 
5.23096e-010 1 1.01542e-015 0 
-1.4892e-008 -1.00763e-015 1 0 
0 12.3768 0 1 

1.83333
1 0 0 0 
0 1 0 0 
0 0 1 0 
0 12.3768 0 1 

1 0 0 0 
0 1 0 0 
0 0 1 0 
0 12.3768 0 1 

1 0 0 0 
0 1 0 0 
0 0 1 0 
0 12.3768 -1.49012e-008 1 

1 0 0 0 
0 1 0 0 
0 0 1 0 
0 12.3768 -2.98023e-008 1 

1 0 0 0 
0 1 0 0 
0 0 1 0 
0 12.3768 -1.49012e-008 1 

1 2.01944e-010 -7.24651e-019 0 
-2.01944e-010 1 -7.17675e-009 0 
-7.24651e-019 7.17675e-009 1 0 
0 12.3768 1.49012e-007 1 

1 2.01944e-010 -7.24651e-019 0 
-2.01944e-010 1 -7.17675e-009 0 
-7.24651e-019 7.17675e-009 1 0 
0 12.3768 1.78814e-007 1 

1 2.01944e-010 -7.24651e-019 0 
-2.01944e-010 1 -7.17675e-009 0 
-7.24651e-019 7.17675e-009 1 0 
0 12.3768 1.19209e-007 1 

1 0 0 0 
0 1 0 0 
0 0 1 0 
0 12.3768 1.49012e-008 1 

1 0 -1.66898e-015 0 
0 1 0 0 
1.66898e-015 0 1 0 
0 12.3768 0 1 

1 0 -1.66898e-015 0 
0 1 0 0 
1.66898e-015 0 1 0 
9.53674e-007 12.3768 0 1 

1 0 0 0 
0 1 0 0 
0 0 1 0 
0 12.3768 0 1 

1 0 0 0 
0 1 0 0 
0 0 1 0 
0 12.3768 0 1 

1 0 0 0 
0 1 0 0 
0 0 1 0 
0 12.3768 0 1 

1 0 0 0 
0 1 0 0 
0 0 1 0 
0 12.3768 0 1 

1 -5.23096e-010 1.4892e-008 0 
5.23096e-010 1 3.89497e-018 0 
-1.4892e-008 3.89497e-018 1 0 
0 12.3768 2.23517e-008 1 

1 -5.23096e-010 1.4892e-008 0 
5.23096e-010 1 1.01542e-015 0 
-1.4892e-008 -1.00763e-015 1 0 
0 12.3768 2.98023e-008 1 

1 -5.23096e-010 1.4892e-008 0 
5.23096e-010 1 1.01542e-015 0 
-1.4892e-008 -1.00763e-015 1 0 
0 12.3768 2.98023e-008 1 

1 -5.23096e-010 1.4892e-008 0 
5.23096e-010 1 1.01542e-015 0 
-1.4892e-008 -1.00763e-015 1 0 
0 12.3768 0 1 

1.875
1 0 0 0 
0 1 0 0 
0 0 1 0 
0 12.3768 0 1 

1 0 0 0 
0 1 0 0 
0 0 1 0 
0 12.3768 0 1 

1 0 0 0 
0 1 0 0 
0 0 1 0 
0 12.3768 -1.49012e-008 1 

1 0 0 0 
0 1 0 0 
0 0 1 0 
0 12.3768 -2.98023e-008 1 

1 0 0 0 
0 1 0 0 
0 0 1 0 
0 12.3768 -1.49012e-008 1 

1 2.01944e-010 -7.24651e-019 0 
-2.01944e-010 1 -7.17675e-009 0 
-7.24651e-019 7.17675e-009 1 0 
0 12.3768 1.49012e-007 1 

1 2.01944e-010 -7.24651e-019 0 
-2.01944e-010 1 -7.17675e-009 0 
-7.24651e-019 7.17675e-009 1 0 
0 12.3768 1.78814e-007 1 

1 2.01944e-010 -7.24651e-019 0 
-2.01944e-010 1 -7.17675e-009 0 
-7.24651e-019 7.17675e-009 1 0 
0 12.3768 1.19209e-007 1 

1 0 0 0 
0 1 0 0 
0 0 1 0 
0 12.3768 1.49012e-008 1 

1 0 -1.66898e-015 0 
0 1 0 0 
1.66898e-015 0 1 0 
0 12.3768 0 1 

1 0 -1.66898e-015 0 
0 1 0 0 
1.66898e-015 0 1 0 
9.53674e-007 12.3768 0 1 

1 0 0 0 
0 1 0 0 
0 0 1 0 
0 12.3768 0 1 

1 0 0 0 
0 1 0 0 
0 0 1 0 
0 12.3768 0 1 

1 0 0 0 
0 1 0 0 
0 0 1 0 
0 12.3768 0 1 

1 0 0 0 
0 1 0 0 
0 0 1 0 
0 12.3768 0 1 

1 -5.23096e-010 1.4892e-008 0 
5.23096e-010 1 3.89497e-018 0 
-1.4892e-008 3.89497e-018 1 0 
0 12.3768 2.23517e-008 1 

1 -5.23096e-010 1.4892e-008 0 
5.23096e-010 1 1.01542e-015 0 
-1.4892e-008 -1.00763e-015 1 0 
0 12.3768 2.98023e-008 1 

1 -5.23096e-010 1.4892e-008 0 
5.23096e-010 1 1.01542e-015 0 
-1.4892e-008 -1.00763e-015 1 0 
0 12.3768 2.98023e-008 1 

1 -5.23096e-010 1.4892e-008 0 
5.23096e-010 1 1.01542e-015 0 
-1.4892e-008 -1.00763e-015 1 0 
0 12.3768 0 1 

1.91667
1 0 0 0 
0 1 0 0 
0 0 1 0 
0 12.3768 0 1 

1 0 0 0 
0 1 0 0 
0 0 1 0 
0 12.3768 0 1 

1 0 0 0 
0 1 0 0 
0 0 1 0 
0 12.3768 -1.49012e-008 1 

1 0 0 0 
0 1 0 0 
0 0 1 0 
0 12.3768 -2.98023e-008 1 

