1
BAKED_SKELETAL

19

CLIPNAME#idle
11

-0.0833333
1 0 0 0 
0 1 0 0 
0 0 1 0 
0 0 0 1 

1 0 0 0 
0 1 0 0 
0 0 1 0 
9.86076e-032 -1.66367 -0.246612 1 

1 0 0 0 
0 1 0 0 
0 0 1 0 
1.08468e-030 -7.62984 -0.119067 1 

1 0 0 0 
0 0.999145 0.0413335 0 
0 -0.0413335 0.999145 0 
1.08468e-030 -7.62704 -0.999974 1 

1 0 0 0 
0 0.999145 0.0413335 0 
0 -0.0413335 0.999145 0 
1.08468e-030 -7.62704 -0.999974 1 

1 -5.34835e-007 -5.08284e-012 0 
5.34835e-007 1 1.90071e-005 0 
-5.08284e-012 -1.90071e-005 1 0 
-2.58934 -6.94533 0.37363 1 

1 -5.34835e-007 -5.08284e-012 0 
5.34835e-007 1 1.90071e-005 0 
-5.08284e-012 -1.90071e-005 1 0 
-7.38836 -6.94533 0.852127 1 

1 -5.34835e-007 -5.08284e-012 0 
5.34835e-007 1 1.90071e-005 0 
-5.08284e-012 -1.90071e-005 1 0 
-11.6259 -6.94533 0.627906 1 

1 5.05856e-007 4.82516e-012 0 
-5.05856e-007 1 1.90772e-005 0 
4.82516e-012 -1.90772e-005 1 0 
2.63696 -7.17657 0.211616 1 

1 5.05856e-007 4.82349e-012 0 
-5.05856e-007 1 1.90772e-005 0 
4.82683e-012 -1.90772e-005 1 0 
7.38947 -7.17658 0.635244 1 

1 5.05856e-007 4.82349e-012 0 
-5.05856e-007 1 1.90772e-005 0 
4.82683e-012 -1.90772e-005 1 0 
11.4844 -7.17657 0.446217 1 

1 0 0 0 
0 1 0 0 
0 0 1 0 
-1.71011 -0.326427 -0.102576 1 

1 0 0 0 
0 1 0 0 
0 0 1 0 
-1.71011 6.01081 -0.167705 1 

1 0 0 0 
0 1 0 0 
0 0 1 0 
-1.71011 10.8486 0.289957 1 

1 0 0 0 
0 1 0 0 
0 0 1 0 
-1.71011 12.1464 -2.5538 1 

1 -5.23096e-010 1.4892e-008 0 
5.23096e-010 1 3.89497e-018 0 
-1.4892e-008 3.89497e-018 1 0 
1.6014 -0.326427 -0.102576 1 

1 -5.23096e-010 1.4892e-008 0 
5.23096e-010 1 1.01542e-015 0 
-1.4892e-008 -1.00763e-015 1 0 
1.6014 6.01081 -0.167705 1 

1 -5.23096e-010 1.4892e-008 0 
5.23096e-010 1 1.01542e-015 0 
-1.4892e-008 -1.00763e-015 1 0 
1.6014 10.8486 0.289957 1 

1 -5.23096e-010 1.4892e-008 0 
5.23096e-010 1 1.01542e-015 0 
-1.4892e-008 -1.00763e-015 1 0 
1.6014 12.1464 -2.5538 1 

-0.0416667
1 0 0 0 
0 1 0 0 
0 0 1 0 
0 0 0 1 

1 0 0 0 
0 1 0 0 
0 0 1 0 
0 0 0 1 

1 0 0 0 
0 1 0 0 
0 0 1 0 
9.86076e-031 -5.96617 0.127545 1 

1 0 0 0 
0 0.999145 0.0413335 0 
0 -0.0413335 0.999145 0 
9.86076e-031 -5.96337 -0.753362 1 

1 0 0 0 
0 0.999145 0.0413335 0 
0 -0.0413335 0.999145 0 
9.86076e-031 -5.96337 -0.753362 1 

1 -5.34835e-007 -5.08284e-012 0 
5.34835e-007 1 1.90071e-005 0 
-5.08284e-012 -1.90071e-005 1 0 
-2.58934 -5.28165 0.620242 1 

1 -5.34835e-007 -5.08284e-012 0 
5.34835e-007 1 1.90071e-005 0 
-5.08284e-012 -1.90071e-005 1 0 
-7.38836 -5.28166 1.09874 1 

1 -5.34835e-007 -5.08284e-012 0 
5.34835e-007 1 1.90071e-005 0 
-5.08284e-012 -1.90071e-005 1 0 
-7.38836 -5.28166 1.09874 1 

1 5.05856e-007 4.82516e-012 0 
-5.05856e-007 1 1.90772e-005 0 
4.82516e-012 -1.90772e-005 1 0 
2.63696 -5.5129 0.458228 1 

1 5.05856e-007 4.82349e-012 0 
-5.05856e-007 1 1.90772e-005 0 
4.82683e-012 -1.90772e-005 1 0 
7.38947 -5.51291 0.881856 1 

1 5.05856e-007 4.82349e-012 0 
-5.05856e-007 1 1.90772e-005 0 
4.82683e-012 -1.90772e-005 1 0 
7.38947 -5.51291 0.881856 1 

1 0 0 0 
0 1 0 0 
0 0 1 0 
-1.71011 -0.326427 -0.102576 1 

1 0 0 0 
0 1 0 0 
0 0 1 0 
-1.71011 -0.326427 -0.102576 1 

1 0 0 0 
0 1 0 0 
0 0 1 0 
-1.71011 -0.326427 -0.102576 1 

1 0 0 0 
0 1 0 0 
0 0 1 0 
-1.71011 0.97141 -2.94633 1 

1 -5.23096e-010 1.4892e-008 0 
5.23096e-010 1 3.89497e-018 0 
-1.4892e-008 3.89497e-018 1 0 
1.6014 -0.326427 -0.102576 1 

1 -5.23096e-010 1.4892e-008 0 
5.23096e-010 1 1.01542e-015 0 
-1.4892e-008 -1.00763e-015 1 0 
1.6014 6.01081 -0.167705 1 

1 -5.23096e-010 1.4892e-008 0 
5.23096e-010 1 1.01542e-015 0 
-1.4892e-008 -1.00763e-015 1 0 
1.6014 6.01081 -0.167705 1 

1 -5.23096e-010 1.4892e-008 0 
5.23096e-010 1 1.01542e-015 0 
-1.4892e-008 -1.00763e-015 1 0 
1.6014 7.30865 -3.01146 1 

0
1 0 0 0 
0 1 0 0 
0 0 1 0 
0 12.3768 0 1 

1 0 0 0 
0 1 0 0 
0 0 1 0 
0 12.3768 0 1 

1 0 0 0 
0 1 0 0 
0 0 1 0 
0 12.3768 -1.49012e-008 1 

1 0 0 0 
0 1 0 0 
0 0 1 0 
0 12.3768 -2.98023e-008 1 

1 0 0 0 
0 1 0 0 
0 0 1 0 
0 12.3768 -1.49012e-008 1 

1 -5.34835e-007 -5.08284e-012 0 
5.34835e-007 1 1.90071e-005 0 
-5.08284e-012 -1.90071e-005 1 0 
-1.0252e-005 12.3768 -0.000366479 1 

1 -5.34835e-007 -5.08284e-012 0 
5.34835e-007 1 1.90071e-005 0 
-5.08284e-012 -1.90071e-005 1 0 
-1.00136e-005 12.3768 -0.000366449 1 

1 -5.34835e-007 -5.08284e-012 0 
5.34835e-007 1 1.90071e-005 0 
-5.08284e-012 -1.90071e-005 1 0 
-1.04904e-005 12.3768 -0.000366509 1 

1 5.05856e-007 4.82516e-012 0 
-5.05856e-007 1 1.90772e-005 0 
4.82516e-012 -1.90772e-005 1 0 
9.77516e-006 12.3768 -0.000372231 1 

1 5.05856e-007 4.82349e-012 0 
-5.05856e-007 1 1.90772e-005 0 
4.82683e-012 -1.90772e-005 1 0 
1.00136e-005 12.3768 -0.000372231 1 

1 5.05856e-007 4.82349e-012 0 
-5.05856e-007 1 1.90772e-005 0 
4.82683e-012 -1.90772e-005 1 0 
1.04904e-005 12.3768 -0.000372261 1 

1 0 0 0 
0 1 0 0 
0 0 1 0 
0 12.3768 0 1 

1 0 0 0 
0 1 0 0 
0 0 1 0 
0 12.3768 0 1 

1 0 0 0 
0 1 0 0 
0 0 1 0 
0 12.3768 0 1 

1 0 0 0 
0 1 0 0 
0 0 1 0 
0 12.3768 0 1 

1 -5.23096e-010 1.4892e-008 0 
5.23096e-010 1 3.89497e-018 0 
-1.4892e-008 3.89497e-018 1 0 
0 12.3768 2.23517e-008 1 

1 -5.23096e-010 1.4892e-008 0 
5.23096e-010 1 1.01542e-015 0 
-1.4892e-008 -1.00763e-015 1 0 
0 12.3768 2.98023e-008 1 

1 -5.23096e-010 1.4892e-008 0 
5.23096e-010 1 1.01542e-015 0 
-1.4892e-008 -1.00763e-015 1 0 
0 12.3768 2.98023e-008 1 

1 -5.23096e-010 1.4892e-008 0 
5.23096e-010 1 1.01542e-015 0 
-1.4892e-008 -1.00763e-015 1 0 
0 12.3768 0 1 

0.0416667
1 0 0 0 
0 1 0 0 
0 0 1 0 
0 12.3626 0 1 

0.999999 0.00101041 0 0 
-0.00101041 0.999999 0 0 
0 0 1 0 
0.0141458 12.3626 0 1 

1 0 0 0 
0 1 0 0 
0 0 1 0 
-0.00602829 12.3626 -1.49012e-008 1 

0.999999 -0.00108125 -0.000151772 0 
0.00108343 0.999884 0.0151837 0 
0.000135337 -0.0151839 0.999885 0 
-0.0290597 12.3594 -0.323524 1 

0.999999 -0.00108125 -0.000151772 0 
0.00108343 0.999884 0.0151837 0 
0.000135337 -0.0151839 0.999885 0 
-0.0290598 12.3594 -0.323524 1 

0.950896 -0.08744 -0.296903 0 
0.102712 0.994052 0.0362018 0 
0.291972 -0.0649196 0.954221 0 
-1.75014 12.6794 0.0536276 1 

0.922954 -0.108812 0.369209 0 
0.102712 0.994052 0.0362018 0 
-0.370952 0.00450953 0.928641 0 
-2.10884 12.8965 -4.88965 1 

0.922954 -0.108812 0.369209 0 
0.102712 0.994052 0.0362018 0 
-0.370952 0.00450953 0.928641 0 
-2.10884 12.8965 -4.88965 1 

0.952461 0.0848818 0.292597 0 
-0.0993007 0.99445 0.0347555 0 
-0.288023 -0.0621583 0.955604 0 
1.7452 12.6815 0.0839703 1 

0.913216 0.10495 -0.393729 0 
-0.0993007 0.99445 0.0347555 0 
0.395191 0.00735823 0.91857 0 
1.88946 12.874 -5.01114 1 

0.913216 0.10495 -0.393729 0 
-0.0993007 0.99445 0.0347555 0 
0.395191 0.00735823 0.91857 0 
1.88946 12.874 -5.01114 1 

1 5.12469e-017 2.69921e-019 0 
-5.12338e-017 0.999839 -0.0179615 0 
-1.19035e-018 0.0179615 0.999839 0 
0 12.3628 0.227458 1 

1 -6.735e-017 7.09527e-019 0 
6.73146e-017 0.999723 0.0235525 0 
-2.29559e-018 -0.0235525 0.999723 0 
0 12.3705 -0.0351196 1 

1 -6.735e-017 7.09527e-019 0 
6.73146e-017 0.999723 0.0235525 0 
-2.29559e-018 -0.0235525 0.999723 0 
0 12.3705 -0.0351197 1 

1 -6.735e-017 7.09527e-019 0 
6.73146e-017 0.999723 0.0235525 0 
-2.29559e-018 -0.0235525 0.999723 0 
0 12.3705 -0.0351195 1 

1 7.35742e-017 2.99806e-018 0 
-7.35085e-017 0.999839 -0.0179615 0 
-4.31907e-018 0.0179615 0.999839 0 
0 12.3628 0.227458 1 

1 -5.03712e-017 -7.76812e-019 0 
5.03755e-017 0.999723 0.0235525 0 
-4.09772e-019 -0.0235525 0.999723 0 
0 12.3705 -0.0351196 1 

1 -5.03712e-017 -7.76812e-019 0 
5.03755e-017 0.999723 0.0235525 0 
-4.09772e-019 -0.0235525 0.999723 0 
0 12.3705 -0.0351197 1 

1 -5.03712e-017 -7.76812e-019 0 
5.03755e-017 0.999723 0.0235525 0 
-4.09772e-019 -0.0235525 0.999723 0 
0 12.3705 -0.0351195 1 

0.0833333
1 0 0 0 
0 1 0 0 
0 0 1 0 
0 12.3465 0 1 

0.999993 0.00375295 0 0 
-0.00375295 0.999993 0 0 
0 0 1 0 
0.0525414 12.3466 0 1 

1 0 0 0 
0 1 0 0 
0 0 1 0 
-0.0223908 12.3465 -1.49012e-008 1 

0.999992 -0.00401606 -0.000563724 0 
0.00403218 0.99947 0.0323007 0 
0.000433704 -0.0323027 0.999478 0 
-0.108132 12.3457 -0.688343 1 

0.999992 -0.00401606 -0.000563724 0 
0.00403218 0.99947 0.0323007 0 
0.000433704 -0.0323027 0.999478 0 
-0.108132 12.3457 -0.688343 1 

0.890923 -0.181776 -0.416189 0 
0.236457 0.968059 0.0833626 0 
0.387742 -0.17268 0.905449 0 
-4.15421 13.3684 -0.56508 1 

0.804125 -0.243128 0.542468 0 
0.236457 0.968059 0.0833626 0 
-0.545409 0.0612361 0.83593 0 
-4.30842 14.0211 -7.70724 1 

0.804125 -0.243128 0.542468 0 
0.236457 0.968059 0.0833626 0 
-0.545409 0.0612361 0.83593 0 
-4.30842 14.0211 -7.70724 1 

0.898906 0.178818 0.399991 0 
-0.228363 0.970332 0.0794112 0 
-0.373924 -0.162726 0.913072 0 
4.08778 13.3624 -0.513215 1 

0.780358 0.231203 -0.581021 0 
-0.228363 0.970332 0.0794112 0 
0.582144 0.0707143 0.810005 0 
3.81947 13.8979 -7.82788 1 

0.780358 0.231203 -0.581021 0 
-0.228363 0.970332 0.0794112 0 
0.582144 0.0707143 0.810005 0 
3.81947 13.8979 -7.82788 1 

1 7.50908e-017 -1.26851e-018 0 
-7.50913e-017 0.999443 -0.0333757 0 
-1.2384e-018 0.0333757 0.999443 0 
0 12.3501 0.422686 1 

1 -1.45398e-016 2.9491e-018 0 
1.45129e-016 0.99904 0.0438039 0 
-9.31525e-018 -0.0438039 0.99904 0 
0 12.3656 -0.0654476 1 

1 -1.45398e-016 2.9491e-018 0 
1.45129e-016 0.99904 0.0438039 0 
-9.31525e-018 -0.0438039 0.99904 0 
0 12.3656 -0.0654476 1 

1 -1.45398e-016 2.9491e-018 0 
1.45129e-016 0.99904 0.0438039 0 
-9.31525e-018 -0.0438039 0.99904 0 
0 12.3656 -0.0654476 1 

1 9.96663e-017 3.17521e-018 0 
-9.95048e-017 0.999443 -0.0333757 0 
-6.49987e-018 0.0333757 0.999443 0 
0 12.3501 0.422686 1 

1 -1.30887e-016 -2.8958e-019 0 
1.30774e-016 0.99904 0.0438039 0 
-5.44407e-018 -0.0438039 0.99904 0 
0 12.3656 -0.0654476 1 

1 -1.30887e-016 -2.8958e-019 0 
1.30774e-016 0.99904 0.0438039 0 
-5.44407e-018 -0.0438039 0.99904 0 
0 12.3656 -0.0654476 1 

1 -1.30887e-016 -2.8958e-019 0 
1.30774e-016 0.99904 0.0438039 0 
-5.44407e-018 -0.0438039 0.99904 0 
0 12.3656 -0.0654476 1 

0.125
1 0 0 0 
0 1 0 0 
0 0 1 0 
0 12.3294 0 1 

0.99997 0.00779454 0 0 
-0.00779454 0.99997 0 0 
0 0 1 0 
0.109123 12.3298 0 1 

1 0 0 0 
0 1 0 0 
0 0 1 0 
-0.0465035 12.3292 -1.49012e-008 1 

0.999964 -0.00834098 -0.00117081 0 
0.00838947 0.998688 0.0505139 0 
0.000747941 -0.050522 0.998723 0 
-0.224958 12.3383 -1.07665 1 

0.999964 -0.00834098 -0.00117081 0 
0.00838947 0.998688 0.0505139 0 
0.000747941 -0.050522 0.998723 0 
-0.224958 12.3383 -1.07665 1 

0.832539 -0.28796 -0.473241 0 
0.393323 0.908843 0.138927 0 
0.390097 -0.301799 0.869909 0 
-7.05091 14.7196 -1.50203 1 

0.65702 -0.38355 0.64901 0 
0.393323 0.908843 0.138927 0 
-0.643134 0.163992 0.747987 0 
-6.63494 15.8229 -9.89756 1 

0.65702 -0.38355 0.64901 0 
0.393323 0.908843 0.138927 0 
-0.643134 0.163992 0.747987 0 
-6.63494 15.8229 -9.89756 1 

0.848133 0.288899 0.444081 0 
-0.380542 0.9154 0.131266 0 
-0.368589 -0.280323 0.886319 0 
6.90038 14.6824 -1.41446 1 

0.617774 0.357267 -0.700511 0 
-0.380542 0.9154 0.131266 0 
0.688144 0.185481 0.701466 0 
5.86983 15.4837 -9.98987 1 

0.617774 0.357267 -0.700511 0 
-0.380542 0.9154 0.131266 0 
0.688144 0.185481 0.701466 0 
5.86983 15.4837 -9.98987 1 

1 1.33374e-016 -1.24661e-018 0 
-1.33286e-016 0.998894 -0.0470109 0 
-5.02483e-018 0.0470109 0.998894 0 
0 12.3386 0.595401 1 

1 -1.773e-016 8.93862e-018 0 
1.7641e-016 0.998092 0.0617477 0 
-1.98694e-017 -0.0617477 0.998092 0 
0 12.3619 -0.0924186 1 

1 -1.773e-016 8.93862e-018 0 
1.7641e-016 0.998092 0.0617477 0 
-1.98694e-017 -0.0617477 0.998092 0 
0 12.3619 -0.0924186 1 

1 -1.773e-016 8.93862e-018 0 
1.7641e-016 0.998092 0.0617477 0 
-1.98694e-017 -0.0617477 0.998092 0 
0 12.3619 -0.0924187 1 

1 1.60025e-016 4.69345e-018 0 
-1.59627e-016 0.998894 -0.0470109 0 
-1.22112e-017 0.0470109 0.998894 0 
0 12.3386 0.595401 1 

1 -1.64983e-016 4.24473e-018 0 
1.64406e-016 0.998092 0.0617477 0 
-1.4424e-017 -0.0617477 0.998092 0 
0 12.3619 -0.0924186 1 

1 -1.64983e-016 4.24473e-018 0 
1.64406e-016 0.998092 0.0617477 0 
-1.4424e-017 -0.0617477 0.998092 0 
0 12.3619 -0.0924186 1 

1 -1.64983e-016 4.24473e-018 0 
1.64406e-016 0.998092 0.0617477 0 
-1.4424e-017 -0.0617477 0.998092 0 
0 12.3619 -0.0924187 1 

0.166667
1 0 0 0 
0 1 0 0 
0 0 1 0 
0 12.312 0 1 

0.999919 0.012702 0 0 
-0.012702 0.999919 0 0 
0 0 1 0 
0.177828 12.3132 0 1 

1 0 0 0 
0 1 0 0 
0 0 1 0 
-0.0757822 12.3115 -1.49012e-008 1 

0.999906 -0.0135924 -0.00190799 0 
0.0136917 0.997524 0.0689865 0 
0.000965571 -0.0690062 0.997616 0 
-0.367116 12.3386 -1.47061 1 

0.999906 -0.0135924 -0.00190799 0 
0.0136917 0.997524 0.0689865 0 
0.000965571 -0.0690062 0.997616 0 
-0.367116 12.3386 -1.47061 1 

0.773115 -0.410829 -0.483232 0 
0.552818 0.809962 0.195841 0 
0.310942 -0.418547 0.853307 0 
-10.0313 16.883 -2.57976 1 

0.495908 -0.508645 0.703816 0 
0.552818 0.809962 0.195841 0 
-0.669677 0.291963 0.682854 0 
-8.81912 18.2114 -11.4954 1 

0.495908 -0.508645 0.703816 0 
0.552818 0.809962 0.195841 0 
-0.669677 0.291963 0.682854 0 
-8.81912 18.2114 -11.4954 1 

0.793049 0.420128 0.441096 0 
-0.538067 0.822596 0.183899 0 
-0.285583 -0.383181 0.878416 0 
9.81721 16.7998 -2.45104 1 

0.444431 0.462251 -0.767336 0 
-0.538067 0.822596 0.183899 0 
0.716216 0.331148 0.614309 0 
7.87786 17.5651 -11.5486 1 

0.444431 0.462251 -0.767336 0 
-0.538067 0.822596 0.183899 0 
0.716216 0.331148 0.614309 0 
7.87786 17.5651 -11.5486 1 

1 1.46987e-016 -3.86798e-018 0 
-1.46959e-016 0.998256 -0.0590298 0 
-4.8154e-018 0.0590298 0.998256 0 
0 12.3281 0.747659 1 

1 -2.43204e-016 1.36276e-017 0 
2.41413e-016 0.996985 0.077588 0 
-3.24562e-017 -0.077588 0.996985 0 
0 12.359 -0.116305 1 

1 -2.43204e-016 1.36276e-017 0 
2.41413e-016 0.996985 0.077588 0 
-3.24562e-017 -0.077588 0.996985 0 
0 12.359 -0.116305 1 

1 -2.43204e-016 1.36276e-017 0 
2.41413e-016 0.996985 0.077588 0 
-3.24562e-017 -0.077588 0.996985 0 
0 12.359 -0.116305 1 

1 1.75531e-016 3.37454e-018 0 
-1.75026e-016 0.998256 -0.0590298 0 
-1.37302e-017 0.0590298 0.998256 0 
0 12.3281 0.747659 1 

1 -2.3283e-016 7.72591e-018 0 
2.31529e-016 0.996985 0.077588 0 
-2.57674e-017 -0.077588 0.996985 0 
0 12.359 -0.116305 1 

1 -2.3283e-016 7.72591e-018 0 
2.31529e-016 0.996985 0.077588 0 
-2.57674e-017 -0.077588 0.996985 0 
0 12.359 -0.116305 1 

1 -2.3283e-016 7.72591e-018 0 
2.31529e-016 0.996985 0.077588 0 
-2.57674e-017 -0.077588 0.996985 0 
0 12.359 -0.116305 1 

0.208333
1 0 0 0 
0 1 0 0 
0 0 1 0 
0 12.2952 0 1 

0.999837 0.0180421 0 0 
-0.0180421 0.999837 0 0 
0 0 1 0 
0.25259 12.2975 0 1 

1 0 0 0 
0 1 0 0 
0 0 1 0 
-0.107642 12.2942 -1.49012e-008 1 

0.99981 -0.0193068 -0.00271021 0 
0.0194693 0.996028 0.0868839 0 
0.001022 -0.0869201 0.996215 0 
-0.522044 12.3464 -1.85243 1 

0.99981 -0.0193068 -0.00271021 0 
0.0194693 0.996028 0.0868839 0 
0.001022 -0.0869201 0.996215 0 
-0.522044 12.3464 -1.85243 1 

0.702545 -0.545874 -0.456565 0 
0.689114 0.68198 0.245 0 
0.177629 -0.486749 0.855292 0 
-12.5583 19.6576 -3.59593 1 

0.34563 -0.606483 0.716043 0 
0.689114 0.68198 0.245 0 
-0.636916 0.408756 0.653649 0 
-10.6156 20.8688 -12.4315 1 

0.34563 -0.606483 0.716043 0 
0.689114 0.68198 0.245 0 
-0.636916 0.408756 0.653649 0 
-10.6156 20.8688 -12.4315 1 

0.71995 0.564939 0.403132 0 
-0.677072 0.699329 0.229156 0 
-0.152463 -0.437931 0.885986 0 
12.3332 19.5581 -3.43263 1 

0.288793 0.538901 -0.791318 0 
-0.677072 0.699329 0.229156 0 
0.676884 0.4696 0.566837 0 
9.67433 19.9425 -12.4618 1 

0.288793 0.538901 -0.791318 0 
-0.677072 0.699329 0.229156 0 
0.676884 0.4696 0.566837 0 
9.67433 19.9425 -12.4618 1 

1 1.95821e-016 -4.05347e-018 0 
-1.9563e-016 0.997584 -0.0694757 0 
-9.56116e-018 0.0694757 0.997584 0 
0 12.3187 0.880002 1 

1 -2.63481e-016 2.13608e-017 0 
2.60427e-016 0.995817 0.0913731 0 
-4.53465e-017 -0.0913731 0.995817 0 
0 12.3568 -0.137153 1 

1 -2.63481e-016 2.13608e-017 0 
2.60427e-016 0.995817 0.0913731 0 
-4.53465e-017 -0.0913731 0.995817 0 
0 12.3568 -0.137153 1 

1 -2.63481e-016 2.13608e-017 0 
2.60427e-016 0.995817 0.0913731 0 
-4.53465e-017 -0.0913731 0.995817 0 
0 12.3568 -0.137153 1 

1 -5.26952e-010 1.48918e-008 0 
1.5603e-009 0.997584 -0.0694757 0 
-1.48192e-008 0.0694757 0.997584 0 
0 12.3187 0.880002 1 

1 -5.26953e-010 1.48918e-008 0 
-8.35965e-010 0.995817 0.0913731 0 
-1.48777e-008 -0.0913731 0.995817 0 
0 12.3568 -0.137153 1 

1 -5.26953e-010 1.48918e-008 0 
-8.35965e-010 0.995817 0.0913731 0 
-1.48777e-008 -0.0913731 0.995817 0 
0 12.3568 -0.137153 1 

1 -5.26953e-010 1.48918e-008 0 
-8.35965e-010 0.995817 0.0913731 0 
-1.48777e-008 -0.0913731 0.995817 0 
0 12.3568 -0.137153 1 

0.25
1 0 0 0 
0 1 0 0 
0 0 1 0 
0 12.2796 0 1 

0.999727 0.0233817 0 0 
-0.0233817 0.999727 0 0 
0 0 1 0 
0.327344 12.2835 0 1 

1 0 0 0 
0 1 0 0 
0 0 1 0 
-0.139499 12.278 -1.49012e-008 1 

0.999681 -0.0250205 -0.00351243 0 
0.0252496 0.994322 0.103377 0 
0.000905955 -0.103432 0.994636 0 
-0.67709 12.3604 -2.20438 1 

0.999681 -0.0250205 -0.00351243 0 
0.0252496 0.994322 0.103377 0 
0.000905955 -0.103432 0.994636 0 
-0.67709 12.3604 -2.20438 1 

0.616014 -0.676258 -0.403982 0 
0.787089 0.549171 0.280895 0 
0.0318978 -0.491005 0.870573 0 
-14.3097 22.5382 -4.41848 1 

0.22753 -0.681745 0.695308 0 
0.787089 0.549171 0.280895 0 
-0.573342 0.483357 0.661547 0 
-11.9554 23.4093 -12.7186 1 

0.22753 -0.681745 0.695308 0 
0.787089 0.549171 0.280895 0 
-0.573342 0.483357 0.661547 0 
-11.9554 23.4093 -12.7186 1 

0.624092 0.702188 0.342697 0 
-0.781283 0.566585 0.261875 0 
-0.0102812 -0.431177 0.902209 0 
14.1122 22.4954 -4.227 1 

0.171211 0.597992 -0.783002 0 
-0.781283 0.566585 0.261875 0 
0.600236 0.56691 0.564207 0 
11.1537 22.3599 -12.7601 1 

0.171211 0.597992 -0.783002 0 
-0.781283 0.566585 0.261875 0 
0.600236 0.56691 0.564207 0 
11.1537 22.3599 -12.7601 1 

1 2.00066e-016 -7.03648e-018 0 
-2.00002e-016 0.996928 -0.0783186 0 
-8.65402e-018 0.0783186 0.996928 0 
0 12.3105 0.992045 1 

1 -3.17734e-016 2.62225e-017 0 
3.1334e-016 0.994676 0.103056 0 
-5.88273e-017 -0.103056 0.994676 0 
0 12.3552 -0.154865 1 

1 -3.17734e-016 2.62225e-017 0 
3.1334e-016 0.994676 0.103056 0 
-5.88273e-017 -0.103056 0.994676 0 
0 12.3552 -0.154865 1 

1 -3.17734e-016 2.62225e-017 0 
3.1334e-016 0.994676 0.103056 0 
-5.88273e-017 -0.103056 0.994676 0 
0 12.3552 -0.154865 1 

1 -5.27693e-010 1.48918e-008 0 
1.69238e-009 0.996928 -0.0783186 0 
-1.48047e-008 0.0783186 0.996928 0 
0 12.3105 0.992045 1 

1 -5.27694e-010 1.48918e-008 0 
-1.00981e-009 0.994676 0.103056 0 
-1.48669e-008 -0.103056 0.994676 0 
0 12.3552 -0.154865 1 

1 -5.27694e-010 1.48918e-008 0 
-1.00981e-009 0.994676 0.103056 0 
-1.48669e-008 -0.103056 0.994676 0 
0 12.3552 -0.154865 1 

1 -5.27694e-010 1.48918e-008 0 
-1.00981e-009 0.994676 0.103056 0 
-1.48669e-008 -0.103056 0.994676 0 
0 12.3552 -0.154865 1 

0.291667
1 0 0 0 
0 1 0 0 
0 0 1 0 
0 12.2662 0 1 

0.9996 0.0282878 0 0 
-0.0282878 0.9996 0 0 
0 0 1 0 
0.396029 12.2718 0 1 

1 0 0 0 
0 1 0 0 
0 0 1 0 
-0.16877 12.2638 -1.49012e-008 1 

0.999533 -0.0302701 -0.0042496 0 
0.0305599 0.992586 0.117642 0 
0.000657058 -0.117717 0.993047 0 
-0.819588 12.3779 -2.50889 1 

0.999533 -0.0302701 -0.0042496 0 
0.0305599 0.992586 0.117642 0 
0.000657058 -0.117717 0.993047 0 
-0.819588 12.3779 -2.50889 1 

0.52156 -0.7843 -0.335928 0 
0.848186 0.433926 0.303791 0 
-0.0924957 -0.443375 0.891551 0 
-15.3189 25.0436 -5.02833 1 

0.147542 -0.744357 0.651279 0 
0.848186 0.433926 0.303791 0 
-0.508736 0.507584 0.695375 0 
-12.9104 25.5592 -12.4894 1 

0.147542 -0.744357 0.651279 0 
0.848186 0.433926 0.303791 0 
-0.508736 0.507584 0.695375 0 
-12.9104 25.5592 -12.4894 1 

0.516649 0.812182 0.270988 0 
-0.849325 0.446136 0.282151 0 
0.10826 -0.37593 0.920302 0 
15.1524 25.1333 -4.8079 1 

0.0928285 0.652411 -0.752158 0 
-0.849325 0.446136 0.282151 0 
0.519643 0.612636 0.595524 0 
12.2821 24.581 -12.5748 1 

0.0928285 0.652411 -0.752158 0 
-0.849325 0.446136 0.282151 0 
0.519643 0.612636 0.595524 0 
12.2821 24.581 -12.5748 1 

1 1.99494e-016 -1.00425e-017 0 
-1.99622e-016 0.99634 -0.0854811 0 
-7.0472e-018 0.0854811 0.99634 0 
0 12.3038 1.0828 1 

1 -3.65678e-016 3.03396e-017 0 
3.59941e-016 0.993649 0.112528 0 
-7.12957e-017 -0.112528 0.993649 0 
0 12.354 -0.169254 1 

1 -3.65678e-016 3.03396e-017 0 
3.59941e-016 0.993649 0.112528 0 
-7.12957e-017 -0.112528 0.993649 0 
0 12.354 -0.169254 1 

1 -3.65678e-016 3.03396e-017 0 
3.59941e-016 0.993649 0.112528 0 
-7.12957e-017 -0.112528 0.993649 0 
0 12.354 -0.169254 1 

1 2.72433e-016 3.1514e-018 0 
-2.71167e-016 0.99634 -0.0854811 0 
-2.64278e-017 0.0854811 0.99634 0 
0 12.3038 1.0828 1 

1 -3.19593e-016 2.51711e-017 0 
3.1473e-016 0.993649 0.112528 0 
-6.09742e-017 -0.112528 0.993649 0 
0 12.354 -0.169254 1 

1 -3.19593e-016 2.51711e-017 0 
3.1473e-016 0.993649 0.112528 0 
-6.09742e-017 -0.112528 0.993649 0 
0 12.354 -0.169254 1 

1 -3.19593e-016 2.51711e-017 0 
3.1473e-016 0.993649 0.112528 0 
-6.09742e-017 -0.112528 0.993649 0 
0 12.354 -0.169254 1 

0.333333
1 0 0 0 
0 1 0 0 
0 0 1 0 
0 12.2556 0 1 

0.999477 0.0323276 0 0 
-0.0323276 0.999477 0 0 
0 0 1 0 
0.452586 12.2629 0 1 

1 0 0 0 
0 1 0 0 
0 0 1 0 
-0.192872 12.2525 -1.49012e-008 1 

0.99939 -0.0345927 -0.00485668 0 
0.0349302 0.991047 0.128864 0 
0.000355436 -0.128955 0.99165 0 
-0.936908 12.3952 -2.7485 1 

0.99939 -0.0345927 -0.00485668 0 
0.0349302 0.991047 0.128864 0 
0.000355436 -0.128955 0.99165 0 
-0.936908 12.3952 -2.7485 1 

0.434514 -0.861068 -0.26412 0 
0.882287 0.347998 0.316965 0 
-0.181015 -0.370755 0.910919 0 
-15.8083 26.9151 -5.46103 1 

0.100503 -0.797116 0.595403 0 
0.882287 0.347998 0.316965 0 
-0.459857 0.493461 0.73826 0 
-13.5782 27.1793 -11.9587 1 

0.100503 -0.797116 0.595403 0 
0.882287 0.347998 0.316965 0 
-0.459857 0.493461 0.73826 0 
-13.5782 27.1793 -11.9587 1 

0.415962 0.887266 0.199336 0 
-0.889269 0.351024 0.293229 0 
0.1902 -0.299235 0.935031 0 
15.6596 27.1921 -5.20987 1 

0.0438418 0.703564 -0.709278 0 
-0.889269 0.351024 0.293229 0 
0.455279 0.617883 0.641047 0 
13.0783 26.4176 -12.1109 1 

0.0438418 0.703564 -0.709278 0 
-0.889269 0.351024 0.293229 0 
0.455279 0.617883 0.641047 0 
13.0783 26.4176 -12.1109 1 

1 -5.28843e-010 1.48918e-008 0 
1.87947e-009 0.995865 -0.0908434 0 
-1.47822e-008 0.0908434 0.995865 0 
0 12.2987 1.15075 1 

1 -5.28843e-010 1.48918e-008 0 
-1.25637e-009 0.992819 0.119624 0 
-1.48481e-008 -0.119624 0.992819 0 
0 12.3532 -0.180052 1 

1 -5.28843e-010 1.48918e-008 0 
-1.25637e-009 0.992819 0.119624 0 
-1.48481e-008 -0.119624 0.992819 0 
0 12.3532 -0.180052 1 

1 -5.28843e-010 1.48918e-008 0 
-1.25637e-009 0.992819 0.119624 0 
-1.48481e-008 -0.119624 0.992819 0 
0 12.3532 -0.180052 1 

1 -5.28843e-010 1.48918e-008 0 
1.87947e-009 0.995865 -0.0908434 0 
-1.47822e-008 0.0908434 0.995865 0 
0 12.2987 1.15075 1 

1 -5.28843e-010 1.48918e-008 0 
-1.25637e-009 0.992819 0.119624 0 
-1.48481e-008 -0.119624 0.992819 0 
0 12.3532 -0.180052 1 

1 -5.28843e-010 1.48918e-008 0 
-1.25637e-009 0.992819 0.119624 0 
-1.48481e-008 -0.119624 0.992819 0 
0 12.3532 -0.180052 1 

1 -5.28843e-010 1.48918e-008 0 
-1.25637e-009 0.992819 0.119624 0 
-1.48481e-008 -0.119624 0.992819 0 
0 12.3532 -0.180052 1 

CLIPNAME#walking
21

0.75
1 0 0 0 
0 0.99996 -0.0089227 0 
0 0.0089227 0.99996 0 
0.147837 12.2467 0.110073 1 

0.999596 0.0284157 -0.000253555 0 
-0.0284169 0.999556 -0.0089191 0 
0 0.0089227 0.99996 0 
0.545674 12.2523 0.110023 1 

1 0 0 0 
0 0.99996 -0.0089227 0 
0 0.0089227 0.99996 0 
-0.0217025 12.2443 0.110095 1 

0.99945 -0.0328825 -0.00431772 0 
0.0331648 0.990944 0.130117 0 
5.12227e-008 -0.130189 0.991489 0 
-0.72826 12.3845 -2.85523 1 

0.99945 -0.0328825 -0.00431772 0 
0.0331648 0.990944 0.130117 0 
5.12227e-008 -0.130189 0.991489 0 
-0.72826 12.3845 -2.85523 1 

0.350122 -0.921082 -0.170361 0 
0.905015 0.285729 0.31513 0 
-0.241584 -0.264513 0.933633 0 
-15.8795 28.2986 -5.72187 1 

0.0828794 -0.845065 0.528201 0 
0.905015 0.285729 0.31513 0 
-0.417228 0.451912 0.788477 0 
-14.0547 28.3477 -11.0068 1 

0.0828794 -0.845065 0.528201 0 
0.905015 0.285729 0.31513 0 
-0.417228 0.451912 0.788477 0 
-14.0547 28.3477 -11.0068 1 

0.302831 0.946276 0.113381 0 
-0.914677 0.255159 0.313464 0 
0.267693 -0.198634 0.942807 0 
16.0446 29.2288 -5.89373 1 

-0.017155 0.750337 -0.660833 0 
-0.914677 0.255159 0.313464 0 
0.403821 0.609826 0.681939 0 
13.7667 28.2948 -11.7806 1 

-0.017155 0.750337 -0.660833 0 
-0.914677 0.255159 0.313464 0 
0.403821 0.609826 0.681939 0 
13.7667 28.2948 -11.7806 1 

0.999885 -0.0138136 0.00628858 0 
0.0146841 0.985228 -0.170619 0 
-0.00383883 0.170691 0.985317 0 
-0.0375133 12.4403 2.14834 1 

0.999885 -0.0138136 0.00628858 0 
0.0120435 0.974254 0.225132 0 
-0.00923655 -0.225031 0.974308 0 
-0.019905 12.576 -0.353144 1 

0.999885 -0.0138136 0.00628858 0 
0.0120435 0.974254 0.225132 0 
-0.00923655 -0.225031 0.974308 0 
-0.0199049 12.576 -0.353143 1 

0.999885 -0.0138136 0.00628858 0 
0.0120435 0.974254 0.225132 0 
-0.00923655 -0.225031 0.974308 0 
-0.0199049 12.576 -0.353143 1 

0.999886 -0.0136453 0.00639528 0 
0.0143299 0.992267 -0.123293 0 
-0.00466346 0.123371 0.99235 0 
-0.0333214 12.3105 1.56934 1 

0.999886 -0.0136453 0.00639528 0 
0.0124288 0.986703 0.162055 0 
-0.00852152 -0.161957 0.986761 0 
-0.0206496 12.3936 -0.234693 1 

0.999886 -0.0136453 0.00639528 0 
0.0124288 0.986703 0.162055 0 
-0.00852152 -0.161957 0.986761 0 
-0.0206496 12.3936 -0.234693 1 

0.999886 -0.0136453 0.00639528 0 
0.0124288 0.986703 0.162055 0 
-0.00852152 -0.161957 0.986761 0 
-0.0206496 12.3936 -0.234693 1 

0.791667
1 0 0 0 
0 0.999987 -0.00507367 0 
0 0.00507367 0.999987 0 
0.0739187 12.2464 0.0625904 1 

0.999424 0.0339374 -0.000172189 0 
-0.0339378 0.999411 -0.00507074 0 
0 0.00507367 0.999987 0 
0.549048 12.2544 0.0625495 1 

1 0 0 0 
0 0.999987 -0.00507367 0 
0 0.00507367 0.999987 0 
-0.12856 12.2429 0.0626078 1 

0.999302 -0.0370216 -0.00500646 0 
0.0373586 0.990288 0.133917 0 
2.51457e-008 -0.13401 0.99098 0 
-0.924465 12.3977 -2.90187 1 

0.999302 -0.0370216 -0.00500646 0 
0.0373586 0.990288 0.133917 0 
2.51457e-008 -0.13401 0.99098 0 
-0.924465 12.3977 -2.90187 1 

0.350914 -0.920105 -0.173972 0 
0.903559 0.283932 0.320879 0 
-0.245846 -0.269795 0.931005 0 
-15.9619 28.3293 -5.79763 1 

0.0798609 -0.847386 0.524937 0 
0.903559 0.283932 0.320879 0 
-0.420955 0.448686 0.788339 0 
-14.1086 28.4045 -11.083 1 

0.0798609 -0.847386 0.524937 0 
0.903559 0.283932 0.320879 0 
-0.420955 0.448686 0.788339 0 
-14.1086 28.4045 -11.083 1 

0.302561 0.945861 0.117489 0 
-0.916976 0.255236 0.306611 0 
0.260024 -0.200503 0.944556 0 
15.9803 29.2258 -5.72121 1 

-0.0107893 0.752411 -0.658605 0 
-0.916976 0.255236 0.306611 0 
0.398797 0.607233 0.687189 0 
13.753 28.3097 -11.6197 1 

-0.0107893 0.752411 -0.658605 0 
-0.916976 0.255236 0.306611 0 
0.398797 0.607233 0.687189 0 
13.753 28.3097 -11.6197 1 

0.999972 -0.0068456 0.00318438 0 
0.00721779 0.990517 -0.1372 0 
-0.00221497 0.137219 0.990538 0 
-0.0172025 12.3644 1.73119 1 

0.999972 -0.0068456 0.00318438 0 
0.00615703 0.983498 0.180815 0 
-0.00436962 -0.18079 0.983512 0 
-0.0101314 12.4622 -0.279233 1 

0.999972 -0.0068456 0.00318438 0 
0.00615703 0.983498 0.180815 0 
-0.00436962 -0.18079 0.983512 0 
-0.0101314 12.4622 -0.279233 1 

0.999972 -0.0068456 0.00318438 0 
0.00615703 0.983498 0.180815 0 
-0.00436962 -0.18079 0.983512 0 
-0.0101314 12.4622 -0.279233 1 

0.999972 -0.00679533 0.00321626 0 
0.00709234 0.994579 -0.103739 0 
-0.00249388 0.103759 0.994599 0 
-0.0156794 12.2938 1.31767 1 

0.999972 -0.00679533 0.00321626 0 
0.00629332 0.990639 0.136362 0 
-0.00411277 -0.136338 0.990654 0 
-0.0103536 12.359 -0.200431 1 

0.999972 -0.00679533 0.00321626 0 
0.00629332 0.990639 0.136362 0 
-0.00411277 -0.136338 0.990654 0 
-0.0103537 12.359 -0.200431 1 

0.999972 -0.00679533 0.00321626 0 
0.00629332 0.990639 0.136362 0 
-0.00411277 -0.136338 0.990654 0 
-0.0103537 12.359 -0.200431 1 

0.833333
1 0 0 0 
0 1 0 0 
0 0 1 0 
0 12.2462 0 1 

0.999349 0.0360783 0 0 
-0.0360783 0.999349 0 0 
0 0 1 0 
0.505097 12.2553 0 1 

1 0 0 0 
0 1 0 0 
0 0 1 0 
-0.215249 12.2423 -1.49012e-008 1 

0.99924 -0.0386059 -0.0054204 0 
0.0389846 0.989534 0.138934 0 
0 -0.13904 0.990287 0 
-1.0458 12.4135 -2.96353 1 

0.99924 -0.0386059 -0.0054204 0 
0.0389846 0.989534 0.138934 0 
0 -0.13904 0.990287 0 
-1.0458 12.4135 -2.96353 1 

0.347079 -0.920237 -0.180832 0 
0.904 0.276954 0.325699 0 
-0.249639 -0.276515 0.928019 0 
-16.0486 28.4632 -5.83871 1 

0.0717176 -0.849253 0.523093 0 
0.904 0.276954 0.325699 0 
-0.421474 0.449518 0.787587 0 
-14.1606 28.5577 -11.1593 1 

0.0717176 -0.849253 0.523093 0 
0.904 0.276954 0.325699 0 
-0.421474 0.449518 0.787587 0 
-14.1606 28.5577 -11.1593 1 

0.301185 0.945613 0.122895 0 
-0.9193 0.253702 0.300869 0 
0.253327 -0.203595 0.945714 0 
15.9339 29.2551 -5.55826 1 

-0.00618601 0.755078 -0.655606 0 
-0.9193 0.253702 0.300869 0 
0.393508 0.60456 0.692574 0 
13.7517 28.3609 -11.4719 1 

-0.00618601 0.755078 -0.655606 0 
-0.9193 0.253702 0.300869 0 
0.393508 0.60456 0.692574 0 
13.7517 28.3609 -11.4719 1 

1 2.46251e-016 -1.06996e-017 0 
-2.46148e-016 0.995436 -0.095436 0 
-1.28505e-017 0.095436 0.995436 0 
0 12.2942 1.20895 1 

1 -3.84737e-016 4.07294e-017 0 
3.76565e-016 0.992068 0.125705 0 
-8.87698e-017 -0.125705 0.992068 0 
0 12.3526 -0.189318 1 

1 -3.84737e-016 4.07294e-017 0 
3.76565e-016 0.992068 0.125705 0 
-8.87698e-017 -0.125705 0.992068 0 
0 12.3526 -0.189317 1 

1 -3.84737e-016 4.07294e-017 0 
3.76565e-016 0.992068 0.125705 0 
-8.87698e-017 -0.125705 0.992068 0 
0 12.3526 -0.189317 1 

1 2.80877e-016 3.95282e-019 0 
-2.79557e-016 0.995436 -0.095436 0 
-2.71992e-017 0.095436 0.995436 0 
0 12.2942 1.20895 1 

1 -3.8032e-016 3.16088e-017 0 
3.7333e-016 0.992068 0.125705 0 
-7.91663e-017 -0.125705 0.992068 0 
0 12.3526 -0.189318 1 

1 -3.8032e-016 3.16088e-017 0 
3.7333e-016 0.992068 0.125705 0 
-7.91663e-017 -0.125705 0.992068 0 
0 12.3526 -0.189317 1 

1 -3.8032e-016 3.16088e-017 0 
3.7333e-016 0.992068 0.125705 0 
-7.91663e-017 -0.125705 0.992068 0 
0 12.3526 -0.189317 1 

0.875
0.999999 0.00108508 2.22223e-005 0 
-0.00108513 0.999997 0.00239165 0 
-1.96271e-005 -0.00239168 0.999997 0 
0.0133865 12.2462 -0.0295042 1 

0.999309 0.0371626 0.000108495 0 
-0.0371627 0.999306 0.00238929 0 
-1.96271e-005 -0.00239168 0.999997 0 
0.518473 12.2559 -0.0294712 1 

0.999999 0.00108508 2.22223e-005 0 
-0.00108513 0.999996 0.00239165 0 
-1.96271e-005 -0.00239168 0.999997 0 
-0.201859 12.2421 -0.0295183 1 

0.999292 -0.0372176 -0.00544892 0 
0.0376141 0.989252 0.141302 0 
0.000131448 -0.141407 0.989951 0 
-1.02627 12.4192 -2.99267 1 

0.999292 -0.0372176 -0.00544892 0 
0.0376141 0.989252 0.141302 0 
0.000131448 -0.141407 0.989951 0 
-1.02627 12.4192 -2.99267 1 

0.339607 -0.922407 -0.183937 0 
0.907152 0.269555 0.323132 0 
-0.248478 -0.276597 0.928307 0 
-16.0971 28.6149 -5.7644 1 

0.0604979 -0.843461 0.533772 0 
0.907152 0.269555 0.323132 0 
-0.416431 0.464664 0.781456 0 
-14.1781 28.6635 -11.1923 1 

0.0604979 -0.843461 0.533772 0 
0.907152 0.269555 0.323132 0 
-0.416431 0.464664 0.781456 0 
-14.1781 28.6635 -11.1923 1 

0.298173 0.945087 0.133806 0 
-0.921911 0.248822 0.296932 0 
0.247332 -0.211894 0.945477 0 
15.9679 29.3446 -5.43562 1 

-0.00555803 0.757894 -0.652354 0 
-0.921911 0.248822 0.296932 0 
0.387362 0.603062 0.697328 0 
13.8125 28.4793 -11.4026 1 

-0.00555803 0.757894 -0.652354 0 
-0.921911 0.248822 0.296932 0 
0.387362 0.603062 0.697328 0 
13.8125 28.4793 -11.4026 1 

1 3.31484e-005 -1.54718e-005 0 
-3.45759e-005 0.994593 -0.103846 0 
1.19458e-005 0.103846 0.994593 0 
7.92742e-005 12.3055 1.31637 1 

1 3.31484e-005 -1.54718e-005 0 
-3.03252e-005 0.987727 0.156187 0 
2.04593e-005 -0.156187 0.987727 0 
5.10216e-005 12.3926 -0.327317 1 

1 3.31484e-005 -1.54718e-005 0 
-3.0427e-005 0.988495 0.151251 0 
2.03076e-005 -0.151251 0.988495 0 
5.126e-005 12.3928 -0.31975 1 

1 3.31484e-005 -1.54718e-005 0 
-3.0427e-005 0.988495 0.151251 0 
2.03076e-005 -0.151251 0.988495 0 
5.126e-005 12.3928 -0.31975 1 

1 3.26442e-005 -1.56042e-005 0 
-3.40988e-005 0.994502 -0.104721 0 
1.20999e-005 0.104721 0.994502 0 
7.52211e-005 12.3031 1.32734 1 

1 3.26442e-005 -1.56042e-005 0 
-3.04573e-005 0.992282 0.124005 0 
1.95318e-005 -0.124005 0.992282 0 
5.11408e-005 12.3555 -0.119097 1 

1 3.26442e-005 -1.56042e-005 0 
-3.04833e-005 0.992446 0.122678 0 
1.94911e-005 -0.122678 0.992446 0 
5.10216e-005 12.3556 -0.117075 1 

1 3.26442e-005 -1.56042e-005 0 
-3.04833e-005 0.992446 0.122678 0 
1.94911e-005 -0.122678 0.992446 0 
5.11408e-005 12.3556 -0.117075 1 

0.916667
0.999992 0.00403028 8.25401e-005 0 
-0.00403063 0.999981 0.004676 0 
-6.36929e-005 -0.00467629 0.999989 0 
0.0497231 12.246 -0.0576846 1 

0.999195 0.0401053 0.000251189 0 
-0.0401061 0.999184 0.00466997 0 
-6.36929e-005 -0.00467629 0.999989 0 
0.554779 12.2571 -0.0576003 1 

0.999992 0.00403029 8.254e-005 0 
-0.00403063 0.999981 0.004676 0 
-6.36929e-005 -0.00467629 0.999989 0 
-0.165509 12.2412 -0.0577206 1 

0.999427 -0.0334289 -0.00535519 0 
0.0338515 0.989062 0.143566 0 
0.000497369 -0.143665 0.989626 0 
-0.972358 12.422 -3.02056 1 

0.999427 -0.0334289 -0.00535519 0 
0.0338515 0.989062 0.143566 0 
0.000497369 -0.143665 0.989626 0 
-0.972358 12.422 -3.02056 1 

0.331968 -0.9257 -0.181319 0 
0.911213 0.264998 0.315385 0 
-0.243902 -0.269918 0.93148 0 
-16.1744 28.7211 -5.60461 1 

0.0477268 -0.828375 0.558138 0 
0.911213 0.264998 0.315385 0 
-0.409162 0.49353 0.767473 0 
-14.2152 28.6528 -11.2078 1 

0.0477268 -0.828375 0.558138 0 
0.911213 0.264998 0.315385 0 
-0.409162 0.49353 0.767473 0 
-14.2152 28.6528 -11.2078 1 

0.290316 0.943635 0.158962 0 
-0.928207 0.237294 0.286573 0 
0.232699 -0.230746 0.944779 0 
16.0458 29.5532 -5.15109 1 

-0.00433572 0.763271 -0.646064 0 
-0.928207 0.237294 0.286573 0 
0.37204 0.600923 0.707444 0 
13.9571 28.749 -11.2507 1 

-0.00433572 0.763271 -0.646064 0 
-0.928207 0.237294 0.286573 0 
0.37204 0.600923 0.707444 0 
13.9571 28.749 -11.2507 1 

1 0.000126455 -5.62479e-005 0 
-0.000132203 0.99303 -0.117861 0 
4.09517e-005 0.117861 0.99303 0 
0.000333786 12.3281 1.49492 1 

1 0.000126455 -5.62479e-005 0 
-0.000110359 0.973823 0.227307 0 
8.35195e-005 -0.227307 0.973823 0 
0.00018847 12.5075 -0.685223 1 

1 0.000126455 -5.62479e-005 0 
-0.00011189 0.977873 0.2092 0 
8.14575e-005 -0.2092 0.977873 0 
0.00019002 12.5067 -0.657109 1 

1 0.000126455 -5.62479e-005 0 
-0.00011189 0.977873 0.2092 0 
8.14575e-005 -0.2092 0.977873 0 
0.00019002 12.5067 -0.657109 1 

1 0.000119491 -5.80801e-005 0 
-0.000125983 0.99165 -0.128955 0 
4.21861e-005 0.128955 0.99165 0 
0.000281692 12.3315 1.63508 1 

1 0.000119491 -5.80801e-005 0 
-0.000111816 0.993035 0.117817 0 
7.17536e-005 -0.117817 0.993035 0 
0.000187159 12.3641 0.0738899 1 

1 0.000119491 -5.80801e-005 0 
-0.000112185 0.99363 0.112689 0 
7.11754e-005 -0.112689 0.99363 0 
0.000187635 12.3647 0.0816922 1 

1 0.000119491 -5.80801e-005 0 
-0.000112185 0.99363 0.112689 0 
7.11754e-005 -0.112689 0.99363 0 
0.000187635 12.3647 0.0816922 1 

0.958333
0.999965 0.00837051 0.000171429 0 
-0.00837149 0.999941 0.0068645 0 
-0.00011396 -0.0068657 0.999976 0 
0.103273 12.2453 -0.0846828 1 

0.999012 0.0444413 0.000418978 0 
-0.0444431 0.998988 0.00685385 0 
-0.00011396 -0.0068657 0.999976 0 
0.608276 12.2587 -0.0845336 1 

0.999965 0.00837051 0.000171429 0 
-0.00837149 0.999941 0.0068645 0 
-0.00011396 -0.0068657 0.999976 0 
-0.111936 12.2396 -0.0847463 1 

0.999601 -0.0277646 -0.00515456 0 
0.0282194 0.988921 0.145737 0 
0.00105114 -0.145824 0.98931 0 
-0.891052 12.4226 -3.04732 1 

0.999601 -0.0277646 -0.00515456 0 
0.0282194 0.988921 0.145737 0 
0.00105114 -0.145824 0.98931 0 
-0.891052 12.4226 -3.04732 1 

0.323628 -0.930261 -0.172855 0 
0.915973 0.262226 0.303696 0 
-0.23719 -0.256615 0.936958 0 
-16.2722 28.801 -5.3837 1 

0.0347103 -0.805841 0.591114 0 
0.915973 0.262226 0.303696 0 
-0.399737 0.530903 0.74723 0 
-14.2762 28.5531 -11.1899 1 

0.0347103 -0.805841 0.591114 0 
0.915973 0.262226 0.303696 0 
-0.399737 0.530903 0.74723 0 
-14.2762 28.5531 -11.1899 1 

0.278261 0.940692 0.194088 0 
-0.936813 0.221195 0.271025 0 
0.21202 -0.25724 0.942802 0 
16.1465 29.8406 -4.74006 1 

-0.00207193 0.77121 -0.636577 0 
-0.936813 0.221195 0.271025 0 
0.349825 0.596915 0.722021 0 
14.1626 29.1312 -11.0186 1 

-0.00207193 0.77121 -0.636577 0 
-0.936813 0.221195 0.271025 0 
0.349825 0.596915 0.722021 0 
14.1626 29.1312 -11.0186 1 

1 0.000272973 -0.000113093 0 
-0.00028493 0.99222 -0.1245 0 
7.82279e-005 0.1245 0.99222 0 
0.000795603 12.3435 1.58004 1 

1 0.000272973 -0.000113093 0 
-0.000223642 0.9494 0.31407 0 
0.000193104 -0.31407 0.9494 0 
0.000388622 12.6879 -1.18696 1 

1 0.000272973 -0.000113093 0 
-0.000230916 0.960795 0.277258 0 
0.000184344 -0.277258 0.960795 0 
0.000396967 12.6816 -1.12889 1 

1 0.000272973 -0.000113093 0 
-0.000230916 0.960795 0.277258 0 
0.000184344 -0.277258 0.960795 0 
0.000396967 12.6816 -1.12889 1 

1 0.00024287 -0.00012104 0 
-0.000259296 0.98674 -0.162308 0 
8.00154e-005 0.162308 0.98674 0 
0.000586867 12.3821 2.0584 1 

1 0.00024287 -0.00012104 0 
-0.000228747 0.99442 0.105491 0 
0.000145986 -0.105491 0.99442 0 
0.000382781 12.3784 0.363142 1 

1 0.00024287 -0.00012104 0 
-0.000230368 0.995539 0.0943458 0 
0.000143414 -0.0943458 0.99554 0 
0.000384331 12.38 0.380048 1 

1 0.00024287 -0.00012104 0 
-0.000230368 0.995539 0.0943458 0 
0.000143414 -0.0943458 0.99554 0 
0.000384331 12.38 0.380048 1 

1
0.999907 0.0136406 0.000279366 0 
-0.0136425 0.999867 0.00896866 0 
-0.000156991 -0.00897164 0.99996 0 
0.168299 12.244 -0.11064 1 

0.998764 0.0497052 0.000602759 0 
-0.0497086 0.998724 0.00895274 0 
-0.000156991 -0.00897164 0.99996 0 
0.673224 12.26 -0.110417 1 

0.999907 0.0136406 0.000279366 0 
-0.0136425 0.999867 0.00896866 0 
-0.000156991 -0.00897164 0.99996 0 
-0.0468779 12.2372 -0.110735 1 

0.999773 -0.0207493 -0.00486317 0 
0.0212404 0.988785 0.147825 0 
0.00174135 -0.147895 0.989002 0 
-0.789332 12.4215 -3.07309 1 

0.999773 -0.0207493 -0.00486317 0 
0.0212404 0.988785 0.147825 0 
0.00174135 -0.147895 0.989002 0 
-0.789331 12.4215 -3.07309 1 

0.314251 -0.935978 -0.158715 0 
0.921187 0.260227 0.289304 0 
-0.22948 -0.237121 0.943987 0 
-16.3823 28.8722 -5.12531 1 

0.0225665 -0.777957 0.627912 0 
0.921187 0.260227 0.289304 0 
-0.388466 0.571896 0.722516 0 
-14.3628 28.3944 -11.126 1 

0.0225665 -0.777957 0.627912 0 
0.921187 0.260227 0.289304 0 
-0.388466 0.571896 0.722516 0 
-14.3628 28.3944 -11.126 1 

0.262802 0.935815 0.234913 0 
-0.946389 0.202618 0.251584 0 
0.187839 -0.288436 0.938894 0 
16.2498 30.1663 -4.23909 1 

0.00151949 0.781609 -0.623767 0 
-0.946389 0.202618 0.251584 0 
0.323026 0.589944 0.740014 0 
14.405 29.5851 -10.7107 1 

0.00151949 0.781609 -0.623767 0 
-0.946389 0.202618 0.251584 0 
0.323026 0.589944 0.740014 0 
14.405 29.5851 -10.7107 1 

1 0.00046552 -0.000176854 0 
-0.000483264 0.992888 -0.119052 0 
0.000120175 0.119052 0.992888 0 
0.00147891 12.3418 1.51196 1 

1 0.00046552 -0.000176854 0 
-0.000355113 0.915593 0.402106 0 
0.000349114 -0.402106 0.915593 0 
0.000629783 12.9181 -1.77167 1 

1 0.00046552 -0.000176854 0 
-0.000376324 0.939025 0.34385 0 
0.000326139 -0.34385 0.939025 0 
0.000654697 12.9002 -1.6782 1 

1 0.00046552 -0.000176854 0 
-0.000376324 0.939025 0.34385 0 
0.000326139 -0.34385 0.939025 0 
0.000654697 12.9002 -1.6782 1 

1 0.000385356 -0.000198107 0 
-0.00041714 0.979886 -0.199558 0 
0.000117221 0.199559 0.979886 0 
0.000949621 12.4544 2.53118 1 

1 0.000385356 -0.000198107 0 
-0.000366846 0.996278 0.0862008 0 
0.000230587 -0.0862007 0.996278 0 
0.000612497 12.3987 0.720859 1 

1 0.000385356 -0.000198107 0 
-0.0003712 0.997747 0.0670812 0 
0.000223511 -0.0670812 0.997747 0 
0.000616908 12.402 0.74973 1 

1 0.000385356 -0.000198107 0 
-0.0003712 0.997747 0.0670812 0 
0.000223511 -0.0670812 0.997747 0 
0.000616789 12.402 0.74973 1 

1.04167
0.999812 0.0193752 0.000396827 0 
-0.0193784 0.999752 0.011 0 
-0.000183602 -0.0110056 0.999939 0 
0.239058 12.2418 -0.135699 1 

0.998462 0.055432 0.000793428 0 
-0.0554373 0.998402 0.0109785 0 
-0.000183602 -0.0110056 0.999939 0 
0.743883 12.2607 -0.135398 1 

