1
BAKED_SKELETAL

19

CLIPNAME#idle
11

0.333333
1 0 0 0 
0 1 0 0 
0 0 1 0 
0 12.2556 0 1 

0.999477 0.0323276 0 0 
-0.0323276 0.999477 0 0 
0 0 1 0 
0.452586 12.2629 0 1 

1 0 0 0 
0 1 0 0 
0 0 1 0 
-0.192872 12.2525 -1.49012e-008 1 

0.99939 -0.0345927 -0.00485668 0 
0.0349302 0.991047 0.128864 0 
0.000355436 -0.128955 0.99165 0 
-0.936908 12.3952 -2.7485 1 

0.99939 -0.0345927 -0.00485668 0 
0.0349302 0.991047 0.128864 0 
0.000355436 -0.128955 0.99165 0 
-0.936908 12.3952 -2.7485 1 

0.434514 -0.861068 -0.26412 0 
0.882287 0.347998 0.316965 0 
-0.181015 -0.370755 0.910919 0 
-15.8083 26.9151 -5.46103 1 

0.100503 -0.797116 0.595403 0 
0.882287 0.347998 0.316965 0 
-0.459857 0.493461 0.73826 0 
-13.5782 27.1793 -11.9587 1 

0.100503 -0.797116 0.595403 0 
0.882287 0.347998 0.316965 0 
-0.459857 0.493461 0.73826 0 
-13.5782 27.1793 -11.9587 1 

0.415962 0.887266 0.199336 0 
-0.889269 0.351024 0.293229 0 
0.1902 -0.299235 0.935031 0 
15.6596 27.1921 -5.20987 1 

0.0438418 0.703564 -0.709278 0 
-0.889269 0.351024 0.293229 0 
0.455279 0.617883 0.641047 0 
13.0783 26.4176 -12.1109 1 

0.0438418 0.703564 -0.709278 0 
-0.889269 0.351024 0.293229 0 
0.455279 0.617883 0.641047 0 
13.0783 26.4176 -12.1109 1 

1 -5.28843e-010 1.48918e-008 0 
1.87947e-009 0.995865 -0.0908434 0 
-1.47822e-008 0.0908434 0.995865 0 
0 12.2987 1.15075 1 

1 -5.28843e-010 1.48918e-008 0 
-1.25637e-009 0.992819 0.119624 0 
-1.48481e-008 -0.119624 0.992819 0 
0 12.3532 -0.180052 1 

1 -5.28843e-010 1.48918e-008 0 
-1.25637e-009 0.992819 0.119624 0 
-1.48481e-008 -0.119624 0.992819 0 
0 12.3532 -0.180052 1 

1 -5.28843e-010 1.48918e-008 0 
-1.25637e-009 0.992819 0.119624 0 
-1.48481e-008 -0.119624 0.992819 0 
0 12.3532 -0.180052 1 

1 -5.28843e-010 1.48918e-008 0 
1.87947e-009 0.995865 -0.0908434 0 
-1.47822e-008 0.0908434 0.995865 0 
0 12.2987 1.15075 1 

1 -5.28843e-010 1.48918e-008 0 
-1.25637e-009 0.992819 0.119624 0 
-1.48481e-008 -0.119624 0.992819 0 
0 12.3532 -0.180052 1 

1 -5.28843e-010 1.48918e-008 0 
-1.25637e-009 0.992819 0.119624 0 
-1.48481e-008 -0.119624 0.992819 0 
0 12.3532 -0.180052 1 

1 -5.28843e-010 1.48918e-008 0 
-1.25637e-009 0.992819 0.119624 0 
-1.48481e-008 -0.119624 0.992819 0 
0 12.3532 -0.180052 1 

0.375
1 0 0 0 
0 1 0 0 
0 0 1 0 
0 12.2487 0 1 

0.999385 0.0350686 0 0 
-0.0350686 0.999385 0 0 
0 0 1 0 
0.49096 12.2573 0 1 

1 0 0 0 
0 1 0 0 
0 0 1 0 
-0.209225 12.245 -1.49012e-008 1 

0.999282 -0.0375255 -0.00526863 0 
0.0378934 0.989952 0.136232 0 
0.000103517 -0.136334 0.990663 0 
-1.01649 12.4083 -2.90583 1 

0.999282 -0.0375255 -0.00526863 0 
0.0378934 0.989952 0.136232 0 
0.000103517 -0.136334 0.990663 0 
-1.01649 12.4083 -2.90583 1 

0.371183 -0.905624 -0.205107 0 
0.898968 0.295157 0.323634 0 
-0.232552 -0.304512 0.923684 0 
-16.0016 28.0666 -5.73764 1 

0.0779734 -0.834901 0.544849 0 
0.898968 0.295157 0.323634 0 
-0.431018 0.464567 0.773563 0 
-14.0044 28.1997 -11.4066 1 

0.0779734 -0.834901 0.544849 0 
0.898968 0.295157 0.323634 0 
-0.431018 0.464567 0.773563 0 
-14.0044 28.1997 -11.4066 1 

0.339287 0.929718 0.143209 0 
-0.910427 0.286246 0.29864 0 
0.236658 -0.231706 0.94356 0 
15.8637 28.5749 -5.46166 1 

0.0136086 0.742262 -0.669971 0 
-0.910427 0.286246 0.29864 0 
0.413446 0.605896 0.679671 0 
13.5695 27.7221 -11.6384 1 

0.0136086 0.742262 -0.669971 0 
-0.910427 0.286246 0.29864 0 
0.413446 0.605896 0.679671 0 
13.5695 27.7221 -11.6384 1 

1 2.43051e-016 -1.04177e-017 0 
-2.42951e-016 0.99555 -0.0942382 0 
-1.25334e-017 0.0942382 0.99555 0 
0 12.2954 1.19377 1 

1 -3.80019e-016 3.96114e-017 0 
3.72164e-016 0.992267 0.124119 0 
-8.64728e-017 -0.124119 0.992267 0 
0 12.3528 -0.1869 1 

1 -3.80019e-016 3.96114e-017 0 
3.72164e-016 0.992267 0.124119 0 
-8.64728e-017 -0.124119 0.992267 0 
0 12.3528 -0.1869 1 

1 -3.80019e-016 3.96114e-017 0 
3.72164e-016 0.992267 0.124119 0 
-8.64728e-017 -0.124119 0.992267 0 
0 12.3528 -0.1869 1 

1 2.77469e-016 5.52617e-019 0 
-2.76182e-016 0.99555 -0.0942382 0 
-2.66983e-017 0.0942382 0.99555 0 
0 12.2954 1.19377 1 

1 -3.75404e-016 3.0586e-017 0 
3.68705e-016 0.992267 0.124119 0 
-7.69443e-017 -0.124119 0.992267 0 
0 12.3528 -0.1869 1 

1 -3.75404e-016 3.0586e-017 0 
3.68705e-016 0.992267 0.124119 0 
-7.69443e-017 -0.124119 0.992267 0 
0 12.3528 -0.1869 1 

1 -3.75404e-016 3.0586e-017 0 
3.68705e-016 0.992267 0.124119 0 
-7.69443e-017 -0.124119 0.992267 0 
0 12.3528 -0.1869 1 

0.416667
1 0 0 0 
0 1 0 0 
0 0 1 0 
0 12.2462 0 1 

0.999349 0.0360783 0 0 
-0.0360783 0.999349 0 0 
0 0 1 0 
0.505097 12.2553 0 1 

1 0 0 0 
0 1 0 0 
0 0 1 0 
-0.215249 12.2423 -1.49012e-008 1 

0.99924 -0.0386059 -0.0054204 0 
0.0389846 0.989534 0.138934 0 
0 -0.13904 0.990287 0 
-1.0458 12.4135 -2.96353 1 

0.99924 -0.0386059 -0.0054204 0 
0.0389846 0.989534 0.138934 0 
0 -0.13904 0.990287 0 
-1.0458 12.4135 -2.96353 1 

0.347079 -0.920237 -0.180832 0 
0.904 0.276954 0.325699 0 
-0.249639 -0.276515 0.928019 0 
-16.0486 28.4632 -5.83871 1 

0.0717176 -0.849253 0.523093 0 
0.904 0.276954 0.325699 0 
-0.421474 0.449518 0.787587 0 
-14.1606 28.5577 -11.1593 1 

0.0717176 -0.849253 0.523093 0 
0.904 0.276954 0.325699 0 
-0.421474 0.449518 0.787587 0 
-14.1606 28.5577 -11.1593 1 

0.301185 0.945613 0.122895 0 
-0.9193 0.253702 0.300869 0 
0.253327 -0.203595 0.945714 0 
15.9339 29.2551 -5.55826 1 

-0.00618601 0.755078 -0.655606 0 
-0.9193 0.253702 0.300869 0 
0.393508 0.60456 0.692574 0 
13.7517 28.3609 -11.4719 1 

-0.00618601 0.755078 -0.655606 0 
-0.9193 0.253702 0.300869 0 
0.393508 0.60456 0.692574 0 
13.7517 28.3609 -11.4719 1 

1 2.46251e-016 -1.06996e-017 0 
-2.46148e-016 0.995436 -0.095436 0 
-1.28505e-017 0.095436 0.995436 0 
0 12.2942 1.20895 1 

1 -3.84737e-016 4.07294e-017 0 
3.76565e-016 0.992068 0.125705 0 
-8.87698e-017 -0.125705 0.992068 0 
0 12.3526 -0.189318 1 

1 -3.84737e-016 4.07294e-017 0 
3.76565e-016 0.992068 0.125705 0 
-8.87698e-017 -0.125705 0.992068 0 
0 12.3526 -0.189317 1 

1 -3.84737e-016 4.07294e-017 0 
3.76565e-016 0.992068 0.125705 0 
-8.87698e-017 -0.125705 0.992068 0 
0 12.3526 -0.189317 1 

1 2.80877e-016 3.95282e-019 0 
-2.79557e-016 0.995436 -0.095436 0 
-2.71992e-017 0.095436 0.995436 0 
0 12.2942 1.20895 1 

1 -3.8032e-016 3.16088e-017 0 
3.7333e-016 0.992068 0.125705 0 
-7.91663e-017 -0.125705 0.992068 0 
0 12.3526 -0.189318 1 

1 -3.8032e-016 3.16088e-017 0 
3.7333e-016 0.992068 0.125705 0 
-7.91663e-017 -0.125705 0.992068 0 
0 12.3526 -0.189317 1 

1 -3.8032e-016 3.16088e-017 0 
3.7333e-016 0.992068 0.125705 0 
-7.91663e-017 -0.125705 0.992068 0 
0 12.3526 -0.189317 1 

0.458333
1 0 0 0 
0 1 -0.000383403 0 
0 0.000383403 1 0 
0.0063524 12.2462 0.00472978 1 

0.99966 0.0260588 -9.99102e-006 0 
-0.0260588 0.99966 -0.000383273 0 
0 0.000383403 1 0 
0.371176 12.251 0.00472796 1 

1 -1.86265e-009 0 0 
0 1 -0.000383403 0 
0 0.000383403 1 0 
-0.149119 12.2442 0.00473054 1 

0.999508 -0.0310705 -0.00434994 0 
0.0313736 0.989848 0.138624 0 
-1.32248e-006 -0.138692 0.990336 0 
-0.817516 12.4086 -2.96034 1 

0.999508 -0.0310705 -0.00434994 0 
0.0313736 0.989848 0.138624 0 
-1.32248e-006 -0.138692 0.990336 0 
-0.817516 12.4086 -2.96034 1 

0.341495 -0.921968 -0.182638 0 
0.906699 0.271979 0.322372 0 
-0.247543 -0.275686 0.928827 0 
-16.0193 28.5656 -5.77224 1 

0.0673197 -0.847839 0.525963 0 
0.906699 0.271979 0.322372 0 
-0.416371 0.455188 0.787045 0 
-14.1375 28.641 -11.1285 1 

0.0673197 -0.847839 0.525963 0 
0.906699 0.271979 0.322372 0 
-0.416371 0.455188 0.787045 0 
-14.1375 28.641 -11.1285 1 

0.297077 0.946873 0.123195 0 
-0.919246 0.248703 0.305179 0 
0.258327 -0.203908 0.944293 0 
15.9892 29.3577 -5.64462 1 

-0.0139751 0.754083 -0.65663 0 
-0.919246 0.248703 0.305179 0 
0.393436 0.607869 0.689712 0 
13.7766 28.4491 -11.5689 1 

-0.0139751 0.754083 -0.65663 0 
-0.919246 0.248703 0.305179 0 
0.393436 0.607869 0.689712 0 
13.7766 28.4491 -11.5689 1 

1 -0.000583418 0.00027684 0 
0.000607793 0.995163 -0.0982409 0 
-0.000218185 0.0982411 0.995163 0 
-0.0013212 12.2984 1.2439 1 

1 -0.000583418 0.00027684 0 
0.000542691 0.991593 0.129395 0 
-0.000350004 -0.129395 0.991593 0 
-0.000887275 12.3592 -0.195418 1 

1 -0.000583418 0.00027684 0 
0.000542691 0.991593 0.129395 0 
-0.000350004 -0.129395 0.991593 0 
-0.000887275 12.3592 -0.195418 1 

1 -0.000583418 0.00027684 0 
0.000542691 0.991593 0.129395 0 
-0.000350004 -0.129395 0.991593 0 
-0.000887275 12.3592 -0.195418 1 

1 -0.000587556 0.000274217 0 
0.000618514 0.991316 -0.131503 0 
-0.00019457 0.131503 0.991316 0 
-0.00146008 12.3418 1.66639 1 

1 -0.000587556 0.000274217 0 
0.000531048 0.984824 0.173555 0 
-0.000372028 -0.173555 0.984824 0 
-0.000877142 12.434 -0.262167 1 

1 -0.000587556 0.000274217 0 
0.000531048 0.984824 0.173555 0 
-0.000372028 -0.173555 0.984824 0 
-0.000877023 12.434 -0.262167 1 

1 -0.000587556 0.000274217 0 
0.000531048 0.984824 0.173555 0 
-0.000372028 -0.173555 0.984824 0 
-0.000877023 12.434 -0.262167 1 

0.5
1 0 0 0 
0 0.999999 -0.00139419 0 
0 0.00139419 0.999999 0 
0.0230996 12.2462 0.0171992 1 

0.999972 0.00744495 -1.03797e-005 0 
-0.00744496 0.999971 -0.00139415 0 
0 0.00139419 0.999999 0 
0.127329 12.2466 0.0171987 1 

1 0 -9.09495e-013 0 
0 0.999999 -0.00139419 0 
0 0.00139419 0.999999 0 
-0.0213183 12.246 0.0171994 1 

0.999851 -0.0170701 -0.00237218 0 
0.0172342 0.990331 0.137649 0 
-4.34928e-007 -0.137669 0.990478 0 
-0.388483 12.4002 -2.94858 1 

0.999851 -0.0170701 -0.00237218 0 
0.0172342 0.990331 0.137649 0 
-4.34928e-007 -0.137669 0.990478 0 
-0.388483 12.4002 -2.94858 1 

0.331775 -0.92493 -0.185554 0 
0.911474 0.263593 0.315808 0 
-0.243189 -0.273905 0.930503 0 
-15.9567 28.7372 -5.6445 1 

0.0602618 -0.844998 0.531363 0 
0.911474 0.263593 0.315808 0 
-0.40692 0.465293 0.786078 0 
-14.0903 28.7767 -11.0645 1 

0.0602618 -0.844998 0.531363 0 
0.911474 0.263593 0.315808 0 
-0.40692 0.465293 0.786078 0 
-14.0903 28.7767 -11.0645 1 

0.304756 0.944883 0.119668 0 
-0.914957 0.255549 0.312327 0 
0.264532 -0.204675 0.942407 0 
16.0549 29.2204 -5.80107 1 

-0.0121056 0.756219 -0.654207 0 
-0.914957 0.255549 0.312327 0 
0.403369 0.602352 0.688814 0 
13.8017 28.3392 -11.6808 1 

-0.0121056 0.756219 -0.654207 0 
-0.914957 0.255549 0.312327 0 
0.403369 0.602352 0.688814 0 
13.8017 28.3392 -11.6808 1 

0.999997 -0.00212449 0.00100475 0 
0.00221867 0.994411 -0.105556 0 
-0.000774879 0.105558 0.994413 0 
-0.00491071 12.3099 1.33503 1 

0.999997 -0.00212449 0.00100475 0 
0.00196417 0.990287 0.139023 0 
-0.00129034 -0.13902 0.990289 0 
-0.00321436 12.377 -0.211364 1 

0.999997 -0.00212449 0.00100475 0 
0.00196417 0.990287 0.139023 0 
-0.00129034 -0.13902 0.990289 0 
-0.00321448 12.377 -0.211365 1 

0.999997 -0.00212449 0.00100475 0 
0.00196417 0.990287 0.139023 0 
-0.00129034 -0.13902 0.990289 0 
-0.00321448 12.377 -0.211365 1 

0.999997 -0.00216719 0.000977678 0 
0.00230969 0.983051 -0.183317 0 
-0.000563824 0.183319 0.983053 0 
-0.0060941 12.4387 2.32415 1 

0.999997 -0.00216719 0.000977678 0 
0.0018652 0.970114 0.242642 0 
-0.00147431 -0.242639 0.970115 0 
-0.00312984 12.592 -0.368089 1 

0.999997 -0.00216719 0.000977678 0 
0.0018652 0.970114 0.242642 0 
-0.00147431 -0.242639 0.970115 0 
-0.00312984 12.592 -0.368089 1 

0.999997 -0.00216719 0.000977678 0 
0.0018652 0.970114 0.242642 0 
-0.00147431 -0.242639 0.970115 0 
-0.00312984 12.592 -0.368089 1 

0.541667
1 0 0 0 
0 0.999996 -0.00282323 0 
0 0.00282323 0.999996 0 
0.0467767 12.2462 0.0348283 1 

0.999997 -0.00257937 7.28219e-006 0 
0.00257938 0.999993 -0.00282322 0 
0 0.00282323 0.999996 0 
0.0106654 12.2463 0.0348282 1 

1 0 -4.54747e-013 0 
0 0.999996 -0.00282323 0 
0 0.00282323 0.999996 0 
0.0621657 12.2462 0.0348284 1 

0.999954 -0.00952933 -0.00131053 0 
0.00961902 0.99063 0.136237 0 
1.16415e-010 -0.136243 0.990675 0 
-0.142762 12.3939 -2.93125 1 

0.999954 -0.00952933 -0.00131053 0 
0.00961902 0.99063 0.136237 0 
1.16415e-010 -0.136243 0.990675 0 
-0.142762 12.3939 -2.93125 1 

0.32857 -0.926086 -0.185488 0 
0.913548 0.261771 0.311298 0 
-0.239733 -0.271735 0.932034 0 
-15.9037 28.7757 -5.56707 1 

0.0596535 -0.843321 0.534089 0 
0.913548 0.261771 0.311298 0 
-0.402333 0.469345 0.78603 0 
-14.0554 28.796 -11.008 1 

0.0596535 -0.843321 0.534089 0 
0.913548 0.261771 0.311298 0 
-0.402333 0.469345 0.78603 0 
-14.0554 28.796 -11.008 1 

0.309531 0.943683 0.116847 0 
-0.91209 0.259908 0.31708 0 
0.268853 -0.204721 0.941173 0 
16.0959 29.132 -5.91176 1 

-0.0114864 0.756882 -0.653451 0 
-0.91209 0.259908 0.31708 0 
0.409829 0.599648 0.687359 0 
13.8134 28.2629 -11.7652 1 

-0.0114864 0.756882 -0.653451 0 
-0.91209 0.259908 0.31708 0 
0.409829 0.599648 0.687359 0 
13.8134 28.2629 -11.7652 1 

0.999989 -0.00431092 0.00202881 0 
0.00451665 0.993278 -0.115663 0 
-0.00151656 0.115671 0.993286 0 
-0.0102416 12.3271 1.46091 1 

0.999989 -0.00431092 0.00202881 0 
0.00395156 0.988321 0.152336 0 
-0.00266182 -0.152326 0.988327 0 
-0.00647509 12.4034 -0.233491 1 

0.999989 -0.00431092 0.00202881 0 
0.00395156 0.988321 0.152336 0 
-0.00266182 -0.152326 0.988327 0 
-0.00647509 12.4034 -0.233491 1 

0.999989 -0.00431092 0.00202881 0 
0.00395156 0.988321 0.152336 0 
-0.00266182 -0.152326 0.988327 0 
-0.00647509 12.4034 -0.233491 1 

0.999988 -0.00442257 0.00195804 0 
0.00473165 0.978422 -0.206561 0 
-0.00100226 0.206567 0.978432 0 
-0.0130548 12.4915 2.62005 1 

0.999988 -0.00442257 0.00195804 0 
0.00371773 0.961803 0.273717 0 
-0.00309378 -0.273706 0.961808 0 
-0.00629056 12.6771 -0.41516 1 

0.999988 -0.00442257 0.00195804 0 
0.00371773 0.961803 0.273717 0 
-0.00309378 -0.273706 0.961808 0 
-0.00629056 12.6771 -0.41516 1 

0.999988 -0.00442257 0.00195804 0 
0.00371773 0.961803 0.273717 0 
-0.00309378 -0.273706 0.961808 0 
-0.00629056 12.6771 -0.41516 1 

0.583333
1 0 0 0 
0 0.99999 -0.00446139 0 
0 0.00446139 0.99999 0 
0.0739188 12.2463 0.0550372 1 

1 -0.000437556 1.95213e-006 0 
0.00043756 0.99999 -0.00446139 0 
0 0.00446139 0.99999 0 
0.0677929 12.2463 0.0550372 1 

1 2.91038e-011 0 0 
0 0.99999 -0.00446139 0 
0 0.00446139 0.99999 0 
0.0765293 12.2463 0.0550372 1 

0.999937 -0.0111438 -0.00151389 0 
0.0112461 0.990835 0.134608 0 
-2.79397e-008 -0.134617 0.990898 0 
-0.163064 12.3895 -2.91116 1 

0.999937 -0.0111438 -0.00151389 0 
0.0112461 0.990835 0.134608 0 
-2.79397e-008 -0.134617 0.990898 0 
-0.163064 12.3895 -2.91116 1 

0.333088 -0.925179 -0.18192 0 
0.912263 0.267433 0.310252 0 
-0.238387 -0.2693 0.933086 0 
-15.8757 28.6644 -5.56712 1 

0.065956 -0.843466 0.533118 0 
0.912263 0.267433 0.310252 0 
-0.40426 0.465881 0.787101 0 
-14.0434 28.6875 -10.9745 1 

0.065956 -0.843466 0.533118 0 
0.912263 0.267433 0.310252 0 
-0.40426 0.465881 0.787101 0 
-14.0434 28.6875 -10.9745 1 

0.307304 0.944531 0.115865 0 
-0.912266 0.257757 0.318328 0 
0.270806 -0.203523 0.940873 0 
16.1083 29.176 -5.95052 1 

-0.0153045 0.755177 -0.655343 0 
-0.912266 0.257757 0.318328 0 
0.409313 0.602719 0.684977 0 
13.8124 28.2893 -11.812 1 

-0.0153045 0.755177 -0.655343 0 
-0.912266 0.257757 0.318328 0 
0.409313 0.602719 0.684977 0 
13.8124 28.2893 -11.812 1 

0.999972 -0.00682924 0.00319488 0 
0.00717981 0.991871 -0.127041 0 
-0.00230132 0.12706 0.991892 0 
-0.0167127 12.3482 1.6026 1 

0.999972 -0.00682924 0.00319488 0 
0.00619835 0.985879 0.167341 0 
-0.00429258 -0.167317 0.985894 0 
-0.0101706 12.4355 -0.258515 1 

0.999972 -0.00682924 0.00319488 0 
0.00619835 0.985879 0.167341 0 
-0.00429258 -0.167317 0.985894 0 
-0.0101705 12.4355 -0.258515 1 

0.999972 -0.00682924 0.00319488 0 
0.00619835 0.985879 0.167341 0 
-0.00429258 -0.167317 0.985894 0 
-0.0101705 12.4355 -0.258514 1 

0.999971 -0.00697674 0.00310137 0 
0.00745902 0.979406 -0.201762 0 
-0.00162987 0.201779 0.97943 0 
-0.0204124 12.4756 2.56048 1 

0.999971 -0.00697674 0.00310137 0 
0.00589464 0.963634 0.267159 0 
-0.00485249 -0.267133 0.963648 0 
-0.00997663 12.654 -0.403039 1 

0.999971 -0.00697674 0.00310137 0 
0.00589464 0.963634 0.267159 0 
-0.00485249 -0.267133 0.963648 0 
-0.00997651 12.654 -0.403039 1 

0.999971 -0.00697674 0.00310137 0 
0.00589464 0.963634 0.267159 0 
-0.00485249 -0.267133 0.963648 0 
-0.00997651 12.654 -0.403039 1 

0.625
1 0 0 0 
0 0.999981 -0.00609955 0 
0 0.00609955 0.999981 0 
0.101061 12.2464 0.075246 1 

0.999987 0.00508598 -3.10227e-005 0 
-0.00508607 0.999968 -0.00609947 0 
0 0.00609955 0.999981 0 
0.172266 12.2466 0.0752449 1 

1 0 0 0 
0 0.999981 -0.00609955 0 
0 0.00609955 0.999981 0 
0.0707164 12.2463 0.0752465 1 

0.999881 -0.0153051 -0.00205357 0 
0.0154423 0.991 0.132971 0 
-5.96046e-008 -0.132987 0.991118 0 
-0.258273 12.3858 -2.89089 1 

0.999881 -0.0153051 -0.00205357 0 
0.0154423 0.991 0.132971 0 
-5.96046e-008 -0.132987 0.991118 0 
-0.258273 12.3858 -2.89089 1 

0.337969 -0.924138 -0.178174 0 
0.910526 0.273152 0.310371 0 
-0.238157 -0.267128 0.933769 0 
-15.8606 28.5515 -5.59024 1 

0.0718026 -0.843745 0.53192 0 
0.910526 0.273152 0.310371 0 
-0.407169 0.462042 0.787865 0 
-14.0381 28.5792 -10.961 1 

0.0718026 -0.843745 0.53192 0 
0.910526 0.273152 0.310371 0 
-0.407169 0.462042 0.787865 0 
-14.0381 28.5792 -10.961 1 

0.303608 0.945795 0.115299 0 
-0.913173 0.254309 0.3185 0 
0.271914 -0.201987 0.940885 0 
16.1107 29.2465 -5.96712 1 

-0.0197164 0.752978 -0.65775 0 
-0.913173 0.254309 0.3185 0 
0.407095 0.606919 0.682585 0 
13.8074 28.3358 -11.8437 1 

-0.0197164 0.752978 -0.65775 0 
-0.913173 0.254309 0.3185 0 
0.407095 0.606919 0.682585 0 
13.8074 28.3358 -11.8437 1 

0.999947 -0.00936196 0.00435143 0 
0.00987448 0.990313 -0.138502 0 
-0.00301262 0.138538 0.990353 0 
-0.0235772 12.3713 1.74538 1 

0.999947 -0.00936196 0.00435143 0 
0.00841084 0.983174 0.182479 0 
-0.00598657 -0.182432 0.9832 0 
-0.0138202 12.4703 -0.283794 1 

0.999947 -0.00936196 0.00435143 0 
0.00841084 0.983174 0.182479 0 
-0.00598657 -0.182432 0.9832 0 
-0.0138203 12.4703 -0.283794 1 

0.999947 -0.00936196 0.00435143 0 
0.00841084 0.983174 0.182479 0 
-0.00598657 -0.182432 0.9832 0 
-0.0138203 12.4703 -0.283794 1 

0.999946 -0.0094972 0.0042657 0 
0.0101321 0.981942 -0.188912 0 
-0.00239453 0.188945 0.981985 0 
-0.0270807 12.4409 2.39884 1 

0.999946 -0.0094972 0.0042657 0 
0.00813058 0.96826 0.249812 0 
-0.00650282 -0.249764 0.968285 0 
-0.0137312 12.601 -0.374022 1 

0.999946 -0.0094972 0.0042657 0 
0.00813058 0.96826 0.249812 0 
-0.00650282 -0.249764 0.968285 0 
-0.0137311 12.601 -0.374022 1 

0.999946 -0.0094972 0.0042657 0 
0.00813058 0.96826 0.249812 0 
-0.00650282 -0.249764 0.968285 0 
-0.0137311 12.601 -0.374022 1 

0.666667
1 0 0 0 
0 0.999972 -0.00752856 0 
0 0.00752856 0.999972 0 
0.124738 12.2465 0.0928748 1 

0.99992 0.0126382 -9.51497e-005 0 
-0.0126385 0.999892 -0.00752796 0 
0 0.00752856 0.999972 0 
0.301677 12.2477 0.0928664 1 

1 0 0 0 
0 0.999972 -0.00752856 0 
0 0.00752856 0.999972 0 
0.0493344 12.2461 0.0928784 1 

0.999776 -0.0209952 -0.00278645 0 
0.0211793 0.991085 0.131537 0 
-3.58559e-008 -0.131566 0.991307 0 
-0.40188 12.3835 -2.87306 1 

0.999776 -0.0209952 -0.00278645 0 
0.0211793 0.991085 0.131537 0 
-3.58559e-008 -0.131566 0.991307 0 
-0.40188 12.3835 -2.87306 1 

0.342672 -0.923061 -0.174741 0 
0.908597 0.278352 0.311403 0 
-0.238804 -0.265478 0.934074 0 
-15.8572 28.4481 -5.62883 1 

0.0767193 -0.844102 0.530666 0 
0.908597 0.278352 0.311403 0 
-0.410568 0.45827 0.788303 0 
-14.0387 28.4817 -10.9649 1 

0.0767193 -0.844102 0.530666 0 
0.908597 0.278352 0.311403 0 
-0.410568 0.45827 0.788303 0 
-14.0387 28.4817 -10.9649 1 

0.300978 0.946706 0.114717 0 
-0.914082 0.252117 0.317634 0 
0.271784 -0.200461 0.941249 0 
16.1001 29.2912 -5.96193 1 

-0.0220785 0.751155 -0.659756 0 
-0.914082 0.252117 0.317634 0 
0.404928 0.610084 0.681051 0 
13.7975 28.3614 -11.8503 1 

-0.0220785 0.751155 -0.659756 0 
-0.914082 0.252117 0.317634 0 
0.404928 0.610084 0.681051 0 
13.7975 28.3614 -11.8502 1 

0.999919 -0.0115862 0.00535056 0 
0.0122548 0.988739 -0.14915 0 
-0.00356222 0.149203 0.9888 0 
-0.0299366 12.3941 1.87818 1 

0.999919 -0.0115862 0.00535056 0 
0.0103086 0.980436 0.196567 0 
-0.00752334 -0.196495 0.980476 0 
-0.0169621 12.5046 -0.307253 1 

0.999919 -0.0115862 0.00535056 0 
0.0103086 0.980436 0.196567 0 
-0.00752334 -0.196495 0.980476 0 
-0.0169619 12.5046 -0.307253 1 

0.999919 -0.0115862 0.00535056 0 
0.0103086 0.980436 0.196567 0 
-0.00752334 -0.196495 0.980476 0 
-0.0169619 12.5046 -0.307253 1 

0.999918 -0.0116535 0.00530788 0 
0.0123863 0.985367 -0.169997 0 
-0.00324914 0.170049 0.98543 0 
-0.0319054 12.3961 2.16017 1 

0.999918 -0.0116535 0.00530788 0 
0.0101655 0.974445 0.224398 0 
-0.00778726 -0.224325 0.974483 0 
-0.0170963 12.5314 -0.332746 1 

0.999918 -0.0116535 0.00530788 0 
0.0101655 0.974445 0.224398 0 
-0.00778726 -0.224325 0.974483 0 
-0.0170962 12.5314 -0.332746 1 

0.999918 -0.0116535 0.00530788 0 
0.0101655 0.974445 0.224398 0 
-0.00778726 -0.224325 0.974483 0 
-0.0170962 12.5314 -0.332746 1 

0.708333
1 0 0 0 
0 0.999964 -0.00853931 0 
0 0.00853931 0.999964 0 
0.141485 12.2466 0.105344 1 

0.999782 0.0208657 -0.000178185 0 
-0.0208664 0.999746 -0.00853745 0 
0 0.00853931 0.999964 0 
0.433615 12.2497 0.105318 1 

1 0 1.45519e-011 0 
0 0.999964 -0.00853931 0 
0 0.00853931 0.999964 0 
0.0169924 12.2453 0.105355 1 

0.999624 -0.0271946 -0.00358131 0 
0.0274294 0.991067 0.130515 0 
2.25846e-008 -0.130564 0.99144 0 
-0.567376 12.383 -2.8603 1 

0.999624 -0.0271946 -0.00358131 0 
0.0274294 0.991067 0.130515 0 
2.25846e-008 -0.130564 0.99144 0 
-0.567376 12.383 -2.8603 1 

0.347176 -0.92192 -0.171848 0 
0.90658 0.283046 0.313046 0 
-0.239963 -0.264476 0.934061 0 
-15.8627 28.3537 -5.67502 1 

0.0809551 -0.844611 0.529225 0 
0.90658 0.283046 0.313046 0 
-0.414197 0.454442 0.788621 0 
-14.0443 28.3954 -10.9788 1 

0.0809551 -0.844611 0.529225 0 
0.90658 0.283046 0.313046 0 
-0.414197 0.454442 0.788621 0 
-14.0443 28.3954 -10.9788 1 

0.30119 0.946737 0.113903 0 
-0.91448 0.25293 0.315835 0 
0.270204 -0.199288 0.941952 0 
16.0757 29.2746 -5.93608 1 

-0.0206519 0.75036 -0.660706 0 
-0.91448 0.25293 0.315835 0 
0.404103 0.610726 0.680966 0 
13.7826 28.3383 -11.8259 1 

-0.0206519 0.75036 -0.660706 0 
-0.91448 0.25293 0.315835 0 
0.404103 0.610726 0.680966 0 
13.7826 28.3383 -11.8259 1 

0.999895 -0.0131737 0.00604798 0 
0.0139651 0.987295 -0.158285 0 
-0.00388594 0.158353 0.987375 0 
-0.0347733 12.4142 1.99249 1 

0.999895 -0.0131737 0.00604798 0 
0.0116219 0.977914 0.208683 0 
-0.00866354 -0.208591 0.977964 0 
-0.01915 12.5351 -0.3272 1 

0.999895 -0.0131737 0.00604798 0 
0.0116219 0.977914 0.208683 0 
-0.00866354 -0.208591 0.977964 0 
-0.0191499 12.5351 -0.3272 1 

0.999895 -0.0131737 0.00604798 0 
0.0116219 0.977914 0.208683 0 
-0.00866354 -0.208591 0.977964 0 
-0.0191499 12.5351 -0.3272 1 

0.999895 -0.0131345 0.00607286 0 
0.0138852 0.98902 -0.14713 0 
-0.00407371 0.147198 0.989099 0 
-0.0340897 12.35 1.87112 1 

0.999895 -0.0131345 0.00607286 0 
0.0117088 0.98097 0.193804 0 
-0.00850281 -0.193713 0.981021 0 
-0.0195801 12.4581 -0.284109 1 

0.999895 -0.0131345 0.00607286 0 
0.0117088 0.98097 0.193804 0 
-0.00850281 -0.193713 0.981021 0 
-0.0195801 12.4581 -0.284109 1 

0.999895 -0.0131345 0.00607286 0 
0.0117088 0.98097 0.193804 0 
-0.00850281 -0.193713 0.981021 0 
-0.0195801 12.4581 -0.284109 1 

0.75
1 0 0 0 
0 0.99996 -0.0089227 0 
0 0.0089227 0.99996 0 
0.147837 12.2467 0.110073 1 

0.999596 0.0284157 -0.000253555 0 
-0.0284169 0.999556 -0.0089191 0 
0 0.0089227 0.99996 0 
0.545674 12.2523 0.110023 1 

1 0 0 0 
0 0.99996 -0.0089227 0 
0 0.0089227 0.99996 0 
-0.0217025 12.2443 0.110095 1 

0.99945 -0.0328825 -0.00431772 0 
0.0331648 0.990944 0.130117 0 
5.12227e-008 -0.130189 0.991489 0 
-0.72826 12.3845 -2.85523 1 

0.99945 -0.0328825 -0.00431772 0 
0.0331648 0.990944 0.130117 0 
5.12227e-008 -0.130189 0.991489 0 
-0.72826 12.3845 -2.85523 1 

0.350122 -0.921082 -0.170361 0 
0.905015 0.285729 0.31513 0 
-0.241584 -0.264513 0.933633 0 
-15.8795 28.2986 -5.72187 1 

0.0828794 -0.845065 0.528201 0 
0.905015 0.285729 0.31513 0 
-0.417228 0.451912 0.788477 0 
-14.0547 28.3477 -11.0068 1 

0.0828794 -0.845065 0.528201 0 
0.905015 0.285729 0.31513 0 
-0.417228 0.451912 0.788477 0 
-14.0547 28.3477 -11.0068 1 

0.302831 0.946276 0.113381 0 
-0.914677 0.255159 0.313464 0 
0.267693 -0.198634 0.942807 0 
16.0446 29.2288 -5.89373 1 

-0.017155 0.750337 -0.660833 0 
-0.914677 0.255159 0.313464 0 
0.403821 0.609826 0.681939 0 
13.7667 28.2948 -11.7806 1 

-0.017155 0.750337 -0.660833 0 
-0.914677 0.255159 0.313464 0 
0.403821 0.609826 0.681939 0 
13.7667 28.2948 -11.7806 1 

0.999885 -0.0138136 0.00628858 0 
0.0146841 0.985228 -0.170619 0 
-0.00383883 0.170691 0.985317 0 
-0.0375133 12.4403 2.14834 1 

0.999885 -0.0138136 0.00628858 0 
0.0120435 0.974254 0.225132 0 
-0.00923655 -0.225031 0.974308 0 
-0.019905 12.576 -0.353144 1 

0.999885 -0.0138136 0.00628858 0 
0.0120435 0.974254 0.225132 0 
-0.00923655 -0.225031 0.974308 0 
-0.0199049 12.576 -0.353143 1 

0.999885 -0.0138136 0.00628858 0 
0.0120435 0.974254 0.225132 0 
-0.00923655 -0.225031 0.974308 0 
-0.0199049 12.576 -0.353143 1 

0.999886 -0.0136453 0.00639528 0 
0.0143299 0.992267 -0.123293 0 
-0.00466346 0.123371 0.99235 0 
-0.0333214 12.3105 1.56934 1 

0.999886 -0.0136453 0.00639528 0 
0.0124288 0.986703 0.162055 0 
-0.00852152 -0.161957 0.986761 0 
-0.0206496 12.3936 -0.234693 1 

0.999886 -0.0136453 0.00639528 0 
0.0124288 0.986703 0.162055 0 
-0.00852152 -0.161957 0.986761 0 
-0.0206496 12.3936 -0.234693 1 

0.999886 -0.0136453 0.00639528 0 
0.0124288 0.986703 0.162055 0 
-0.00852152 -0.161957 0.986761 0 
-0.0206496 12.3936 -0.234693 1 

CLIPNAME#walking
21

1.16667
0.999397 0.0347155 0.000711114 0 
-0.0347226 0.999256 0.0167715 0 
-0.000128355 -0.016786 0.999859 0 
0.428349 12.2247 -0.206898 1 

0.997494 0.0707444 0.00131574 0 
-0.0707566 0.997353 0.0167349 0 
-0.000128355 -0.016786 0.999859 0 
0.932825 12.2514 -0.206386 1 

0.999397 0.0347155 0.000711114 0 
-0.0347226 0.999256 0.0167715 0 
-0.000128355 -0.016786 0.999859 0 
0.213364 12.2134 -0.207117 1 

0.999942 0.0103125 -0.00313386 0 
-0.00969949 0.987777 0.155573 0 
0.00469991 -0.155534 0.987819 0 
-0.317939 12.4062 -3.1687 1 

0.999942 0.0103125 -0.00313386 0 
-0.00969949 0.987777 0.155573 0 
0.00469991 -0.155534 0.987819 0 
-0.317939 12.4062 -3.1687 1 

0.2729 -0.959095 -0.0752487 0 
0.940551 0.249546 0.230413 0 
-0.20221 -0.133655 0.970179 0 
-16.786 29.1986 -4.1409 1 

-0.00617345 -0.665708 0.746187 0 
0.940551 0.249546 0.230413 0 
-0.339596 0.703249 0.624592 0 
-14.8412 27.7444 -10.5046 1 

-0.00617345 -0.665708 0.746187 0 
0.940551 0.249546 0.230413 0 
-0.339596 0.703249 0.624592 0 
-14.8412 27.7444 -10.5046 1 

0.194231 0.90345 0.382169 0 
-0.975935 0.138601 0.168348 0 
0.0991251 -0.40567 0.908629 0 
16.477 31.2156 -2.17827 1 

0.0227949 0.83263 -0.55336 0 
-0.975935 0.138601 0.168348 0 
0.216868 0.536206 0.815752 0 
15.285 31.291 -9.15036 1 

0.0227949 0.83263 -0.55336 0 
-0.975935 0.138601 0.168348 0 
0.216868 0.536206 0.815752 0 
15.285 31.291 -9.15036 1 

0.999999 0.00140164 -0.000372311 0 
-0.00140746 0.999869 -0.016123 0 
0.000349664 0.0161235 0.99987 0 
0.00540948 12.2706 0.211488 1 

0.999999 0.00140164 -0.000372311 0 
-0.00082331 0.760018 0.649901 0 
0.00119389 -0.6499 0.760019 0 
0.00157273 13.8995 -3.96123 1 

0.999999 0.00140164 -0.000372311 0 
-0.00100286 0.853778 0.520635 0 
0.00104762 -0.520634 0.853779 0 
0.00179744 13.7974 -3.74173 1 

0.999999 0.00140164 -0.000372311 0 
-0.00100286 0.853778 0.520635 0 
0.00104762 -0.520634 0.853779 0 
0.00179744 13.7974 -3.74173 1 

0.999999 0.000876717 -0.000512808 0 
-0.000996627 0.944321 -0.329025 0 
0.000195793 0.329025 0.944321 0 
0.00221717 12.8307 4.17557 1 

0.999999 0.000876717 -0.000512808 0 
-0.000884977 0.999866 -0.0163391 0 
0.000498413 0.0163395 0.999866 0 
0.00146019 12.5318 2.18836 1 

0.999999 0.000876717 -0.000512808 0 
-0.00091544 0.996701 -0.0811547 0 
0.000439965 0.0811552 0.996701 0 
0.00148857 12.5553 2.28387 1 

0.999999 0.000876717 -0.000512808 0 
-0.00091544 0.996701 -0.0811547 0 
0.000439965 0.0811552 0.996701 0 
0.00148857 12.5553 2.28387 1 

1.20833
0.99929 0.0376588 0.000771432 0 
-0.0376666 0.999117 0.0186261 0 
-6.93121e-005 -0.018642 0.999826 0 
0.464668 12.2135 -0.229778 1 

0.997281 0.0736808 0.00144293 0 
-0.0736949 0.997108 0.0185862 0 
-6.93121e-005 -0.018642 0.999826 0 
0.969063 12.2416 -0.229219 1 

0.99929 0.0376588 0.000771431 0 
-0.0376666 0.999117 0.0186261 0 
-6.93121e-005 -0.018642 0.999826 0 
0.249717 12.2015 -0.230017 1 

0.999865 0.0161998 -0.00265085 0 
-0.0155806 0.98741 0.157413 0 
0.00516752 -0.15735 0.987529 0 
-0.218861 12.3992 -3.19138 1 

0.999865 0.0161998 -0.00265085 0 
-0.0155806 0.98741 0.157413 0 
0.00516752 -0.15735 0.987529 0 
-0.218861 12.3992 -3.19138 1 

0.266338 -0.961916 -0.061496 0 
0.94323 0.246965 0.222092 0 
-0.198446 -0.117156 0.973085 0 
-16.8399 29.2556 -4.00194 1 

-0.00824541 -0.651054 0.758987 0 
0.94323 0.246965 0.222092 0 
-0.332037 0.717731 0.612057 0 
-14.9251 27.6706 -10.3717 1 

-0.00824541 -0.651054 0.758987 0 
0.94323 0.246965 0.222092 0 
-0.332037 0.717731 0.612057 0 
-14.9251 27.6706 -10.3717 1 

0.18407 0.897251 0.401322 0 
-0.979006 0.130991 0.156167 0 
0.0875511 -0.421643 0.902525 0 
16.4869 31.3224 -1.87823 1 

0.0263517 0.84107 -0.540284 0 
-0.979006 0.130991 0.156167 0 
0.20212 0.524826 0.826865 0 
15.3942 31.5089 -8.88429 1 

0.0263517 0.84107 -0.540284 0 
-0.979006 0.130991 0.156167 0 
0.20212 0.524826 0.826865 0 
15.3942 31.5089 -8.88428 1 

0.999999 0.00155524 -0.000392043 0 
-0.00155339 0.999988 0.00466704 0 
0.000399296 -0.00466643 0.999989 0 
0.0061152 12.2628 -0.0510446 1 

0.999999 0.00155524 -0.000392043 0 
-0.000880452 0.736607 0.676321 0 
0.00134062 -0.67632 0.736607 0 
0.00170088 14.0414 -4.25543 1 

0.999999 0.00155524 -0.000392043 0 
-0.00109857 0.842257 0.539074 0 
0.00116859 -0.539073 0.842258 0 
0.0019753 13.924 -4.02061 1 

0.999999 0.00155524 -0.000392043 0 
-0.00109857 0.842257 0.539074 0 
0.00116859 -0.539073 0.842258 0 
0.00197542 13.924 -4.02061 1 

0.999999 0.000937251 -0.000556847 0 
-0.00107341 0.935757 -0.352644 0 
0.00019056 0.352645 0.935757 0 
0.00240576 12.9189 4.47597 1 

0.999999 0.000937251 -0.000556847 0 
-0.000949997 0.999727 -0.0233536 0 
0.000534809 0.0233541 0.999727 0 
0.00156748 12.5695 2.38231 1 

0.999999 0.000937251 -0.000556847 0 
-0.00098897 0.994826 -0.101591 0 
0.000458752 0.101591 0.994826 0 
0.00160336 12.5995 2.49729 1 

0.999999 0.000937251 -0.000556847 0 
-0.00098897 0.994826 -0.101591 0 
0.000458752 0.101591 0.994826 0 
0.00160325 12.5995 2.49729 1 

1.25
0.999249 0.0387431 0.000793654 0 
-0.0387512 0.999039 0.0204654 0 
-2.91038e-010 -0.0204807 0.99979 0 
0.478048 12.1982 -0.252467 1 

0.9972 0.0747616 0.00153149 0 
-0.0747772 0.996991 0.0204234 0 
-2.91038e-010 -0.0204807 0.99979 0 
0.982412 12.2269 -0.25188 1 

0.999249 0.0387431 0.000793654 0 
-0.0387512 0.999039 0.0204654 0 
-2.91038e-010 -0.0204807 0.99979 0 
0.26311 12.186 -0.252718 1 

0.999792 0.0202851 -0.00218505 0 
-0.0196784 0.987044 0.159236 0 
0.00538685 -0.15916 0.987238 0 
-0.141217 12.3898 -3.21383 1 

0.999792 0.0202851 -0.00218505 0 
-0.0196784 0.987044 0.159236 0 
0.00538685 -0.15916 0.987238 0 
-0.141217 12.3898 -3.21383 1 

0.263822 -0.962861 -0.0574101 0 
0.94427 0.245664 0.219098 0 
-0.196858 -0.112014 0.974012 0 
-16.8605 29.2716 -3.94162 1 

-0.00877491 -0.64658 0.762796 0 
0.94427 0.245664 0.219098 0 
-0.329056 0.722207 0.60839 0 
-14.9592 27.6459 -10.3133 1 

-0.00877491 -0.64658 0.762796 0 
0.94427 0.245664 0.219098 0 
-0.329056 0.722207 0.60839 0 
-14.9592 27.6459 -10.3133 1 

0.180253 0.894428 0.409276 0 
-0.980094 0.128118 0.151665 0 
0.0832181 -0.428467 0.899717 0 
16.4894 31.3501 -1.75687 1 

0.0277479 0.844816 -0.534337 0 
-0.980094 0.128118 0.151665 0 
0.196587 0.519492 0.831554 0 
15.4346 31.586 -8.77299 1 

0.0277479 0.844816 -0.534337 0 
-0.980094 0.128118 0.151665 0 
0.196587 0.519492 0.831554 0 
15.4346 31.586 -8.77299 1 

0.999999 0.0016149 -0.000399228 0 
-0.00161033 0.999936 0.0111956 0 
0.000417283 -0.0111949 0.999937 0 
0.0064168 12.2494 -0.133062 1 

0.999999 0.0016149 -0.000399228 0 
-0.00089765 0.72589 0.68781 0 
0.00140054 -0.687809 0.725891 0 
0.00174391 14.0964 -4.36704 1 

0.999999 0.0016149 -0.000399228 0 
-0.00113195 0.836433 0.548068 0 
0.001219 -0.548067 0.836433 0 
0.00203991 13.9724 -4.12708 1 

0.999999 0.0016149 -0.000399228 0 
-0.00113195 0.836433 0.548068 0 
0.001219 -0.548067 0.836433 0 
0.00203991 13.9724 -4.12708 1 

0.999999 0.000962081 -0.000571864 0 
-0.00110595 0.927839 -0.37298 0 
0.000171762 0.37298 0.927839 0 
0.00253916 12.999 4.73483 1 

0.999999 0.000962081 -0.000571864 0 
-0.000968146 0.999942 -0.0107106 0 
0.000561525 0.0107111 0.999942 0 
0.00160205 12.6036 2.4312 1 

0.999999 0.000962081 -0.000571864 0 
-0.00101573 0.994709 -0.102723 0 
0.00047001 0.102723 0.99471 0 
0.00164616 12.6381 2.56657 1 

0.999999 0.000962081 -0.000571864 0 
-0.00101573 0.994709 -0.102723 0 
0.00047001 0.102723 0.99471 0 
0.00164628 12.6381 2.56657 1 

1.29167
0.999387 0.0349917 0.000700012 0 
-0.0349986 0.999141 0.0222103 0 
7.77644e-005 -0.0222212 0.999753 0 
0.431754 12.1496 -0.273993 1 

0.997474 0.0710162 0.00150087 0 
-0.071032 0.997228 0.0221706 0 
7.77644e-005 -0.0222212 0.999753 0 
0.936222 12.1764 -0.273437 1 

0.999387 0.0349917 0.000700012 0 
-0.0349986 0.999141 0.0222103 0 
7.77644e-005 -0.0222212 0.999753 0 
0.216772 12.1382 -0.27423 1 

0.999808 0.0195302 -0.00182261 0 
-0.0189823 0.986778 0.160964 0 
0.00494217 -0.160898 0.986959 0 
-0.122633 12.3499 -3.23507 1 

0.999808 0.0195302 -0.00182261 0 
-0.0189823 0.986778 0.160964 0 
0.00494217 -0.160898 0.986959 0 
-0.122633 12.3499 -3.23507 1 

0.259742 -0.962839 -0.0739992 0 
0.946252 0.238475 0.218487 0 
-0.192721 -0.126772 0.97303 0 
-16.8603 29.3497 -3.87534 1 

-0.0097868 -0.654109 0.756337 0 
0.946252 0.238475 0.218487 0 
-0.323282 0.717823 0.616618 0 
-14.9802 27.7887 -10.314 1 

-0.0097868 -0.654109 0.756337 0 
0.946252 0.238475 0.218487 0 
-0.323282 0.717823 0.616618 0 
-14.9802 27.7887 -10.314 1 

0.184853 0.897419 0.400586 0 
-0.97912 0.133091 0.153661 0 
0.0845835 -0.420626 0.903283 0 
16.5093 31.227 -1.80518 1 

0.0292851 0.840349 -0.541255 0 
-0.97912 0.133091 0.153661 0 
0.201165 0.525453 0.826699 0 
15.4339 31.4067 -8.81355 1 

0.0292851 0.840349 -0.541255 0 
-0.97912 0.133091 0.153661 0 
0.201165 0.525453 0.826699 0 
15.4339 31.4067 -8.81355 1 

0.999999 0.00144607 -0.000364175 0 
-0.00145208 0.999852 -0.0171179 0 
0.000339367 0.0171184 0.999853 0 
0.00589025 12.1939 0.225819 1 

0.999999 0.00144607 -0.000364175 0 
-0.000789378 0.720515 0.693439 0 
0.00126515 -0.693438 0.720515 0 
0.00154293 14.08 -4.22197 1 

0.999999 0.00144607 -0.000364175 0 
-0.000994921 0.828898 0.559399 0 
0.00111079 -0.559397 0.828899 0 
0.00180411 13.9577 -3.99113 1 

0.999999 0.00144607 -0.000364175 0 
-0.000994921 0.828898 0.559399 0 
0.00111079 -0.559397 0.828899 0 
0.00180411 13.9577 -3.99113 1 

0.999999 0.000893601 -0.00051492 0 
-0.00102415 0.919261 -0.393646 0 
0.000121584 0.393647 0.919262 0 
0.00251973 13.0638 4.99821 1 

0.999999 0.000893601 -0.00051492 0 
-0.000866722 0.998748 0.0500208 0 
0.000558973 -0.0500203 0.998748 0 
0.00145042 12.6355 2.17845 1 

0.999999 0.000893601 -0.00051492 0 
-0.000920987 0.998436 -0.0559057 0 
0.000464157 0.0559061 0.998436 0 
0.00150371 12.6666 2.33596 1 

0.999999 0.000893601 -0.00051492 0 
-0.000920987 0.998436 -0.0559057 0 
0.000464157 0.0559061 0.998436 0 
0.00150371 12.6666 2.33596 1 

1.33333
0.999677 0.0254025 0.000460705 0 
-0.0254063 0.999394 0.0237804 0 
0.000143657 -0.0237845 0.999717 0 
0.313421 12.0595 -0.293363 1 

0.99811 0.0614425 0.00131836 0 
-0.0614565 0.997827 0.0237483 0 
0.000143657 -0.0237845 0.999717 0 
0.818123 12.0815 -0.292914 1 

0.999677 0.0254025 0.000460706 0 
-0.0254063 0.999394 0.0237804 0 
0.000143657 -0.0237845 0.999717 0 
0.0983391 12.0502 -0.293555 1 

0.999916 0.0128745 -0.0016031 0 
-0.0124428 0.986627 0.162517 0 
0.00367398 -0.162483 0.986704 0 
-0.176525 12.2705 -3.25411 1 

0.999916 0.0128745 -0.0016031 0 
-0.0124428 0.986627 0.162517 0 
0.00367398 -0.162483 0.986704 0 
-0.176524 12.2705 -3.25411 1 

0.249003 -0.96166 -0.114922 0 
0.9511 0.220408 0.2164 0 
-0.182773 -0.163187 0.969517 0 
-16.855 29.574 -3.7201 1 

-0.0122809 -0.673051 0.739494 0 
0.9511 0.220408 0.2164 0 
-0.308638 0.70599 0.637433 0 
-15.0318 28.1826 -10.3159 1 

-0.0122809 -0.673051 0.739494 0 
0.9511 0.220408 0.2164 0 
-0.308638 0.70599 0.637433 0 
-15.0318 28.1826 -10.3159 1 

0.196824 0.906614 0.373244 0 
-0.976375 0.146623 0.158728 0 
0.0891789 -0.395668 0.914054 0 
16.5563 30.9351 -1.96192 1 

0.0328662 0.826783 -0.56156 0 
-0.976375 0.146623 0.158728 0 
0.213571 0.543077 0.812068 0 
15.4238 30.9419 -8.93444 1 

0.0328662 0.826783 -0.56156 0 
-0.976375 0.146623 0.158728 0 
0.213571 0.543077 0.812068 0 
15.4238 30.9419 -8.93444 1 

0.999999 0.00102161 -0.000270672 0 
-0.001041 0.996339 -0.0854782 0 
0.000182356 0.0854785 0.99634 0 
0.00433362 12.1287 1.09175 1 

0.999999 0.00102161 -0.000270672 0 
-0.000544892 0.71783 0.696218 0 
0.000905557 -0.696218 0.71783 0 
0.00107419 14.0215 -3.80618 1 

0.999999 0.00102161 -0.000270672 0 
-0.000679606 0.817735 0.575594 0 
0.000809368 -0.575593 0.817736 0 
0.00124681 13.9078 -3.59775 1 

0.999999 0.00102161 -0.000270672 0 
-0.000679606 0.817735 0.575594 0 
0.000809368 -0.575593 0.817736 0 
0.00124669 13.9078 -3.59775 1 

1 0.000690705 -0.000372011 0 
-0.000782163 0.914482 -0.404626 0 
6.07196e-005 0.404626 0.914482 0 
0.00213611 13.0512 5.13885 1 

1 0.000690705 -0.000372011 0 
-0.000623956 0.987671 0.156539 0 
0.000475547 -0.156539 0.987672 0 
0.00106561 12.6824 1.57692 1 

1 0.000690705 -0.000372011 0 
-0.000676192 0.999289 0.0376935 0 
0.000397781 -0.0376933 0.999289 0 
0.00112081 12.6996 1.7571 1 

1 0.000690705 -0.000372011 0 
-0.000676192 0.999289 0.0376935 0 
0.000397781 -0.0376933 0.999289 0 
0.00112081 12.6996 1.7571 1 

1.375
0.999922 0.0124746 0.000138162 0 
-0.0124741 0.999605 0.0251848 0 
0.000176061 -0.0251846 0.999683 0 
0.153884 11.9592 -0.310688 1 

0.998821 0.0485305 0.0010467 0 
-0.0485415 0.998504 0.0251634 0 
0.000176061 -0.0251846 0.999683 0 
0.658828 11.9746 -0.310389 1 

0.999922 0.0124745 0.000138162 0 
-0.0124741 0.999605 0.0251848 0 
0.000176061 -0.0251846 0.999683 0 
-0.0613001 11.9526 -0.310816 1 

0.999995 0.0027595 -0.00147598 0 
-0.00248026 0.986473 0.163906 0 
0.00190832 -0.163902 0.986475 0 
-0.273567 12.1807 -3.27113 1 

0.999995 0.0027595 -0.00147598 0 
-0.00248026 0.986473 0.163906 0 
0.00190832 -0.163902 0.986475 0 
-0.273567 12.1807 -3.27113 1 

0.233482 -0.957104 -0.171576 0 
0.957351 0.195386 0.212847 0 
-0.170193 -0.213954 0.961903 0 
-16.8403 29.8992 -3.49876 1 

-0.0148954 -0.702322 0.711703 0 
0.957351 0.195386 0.212847 0 
-0.288544 0.68452 0.669459 0 
-15.1061 28.7827 -10.274 1 

-0.0148954 -0.702322 0.711703 0 
0.957351 0.195386 0.212847 0 
-0.288544 0.68452 0.669459 0 
-15.1061 28.7827 -10.274 1 

0.213046 0.919733 0.329701 0 
-0.972162 0.165863 0.165501 0 
0.0975317 -0.355783 0.929466 0 
16.6107 30.5436 -2.19464 1 

0.0373758 0.807064 -0.58928 0 
-0.972162 0.165863 0.165501 0 
0.23131 0.566689 0.790796 0 
15.3976 30.2974 -9.07355 1 

0.0373758 0.807064 -0.58928 0 
-0.972162 0.165863 0.165501 0 
0.23131 0.566689 0.790796 0 
15.3976 30.2974 -9.07355 1 

1 0.000479675 -0.000137144 0 
-0.000496329 0.98437 -0.176114 0 
5.0523e-005 0.176114 0.98437 0 
0.0020932 12.1519 2.24035 1 

1 0.000479675 -0.000137144 0 
-0.000255166 0.727978 0.6856 0 
0.000428702 -0.6856 0.727978 0 
0.000504255 13.9183 -3.16744 1 

1 0.000479675 -0.000137144 0 
-0.000309955 0.812753 0.582609 0 
0.000390926 -0.582609 0.812753 0 
0.000574708 13.822 -2.98963 1 

1 0.000479675 -0.000137144 0 
-0.000309955 0.812753 0.582609 0 
0.000390926 -0.582609 0.812753 0 
0.000574708 13.822 -2.98963 1 

1 0.00036709 -0.000180615 0 
-0.000408505 0.920031 -0.391846 0 
2.23293e-005 0.391846 0.920031 0 
0.00124121 12.9046 4.97773 1 

1 0.00036709 -0.000180615 0 
-0.000302791 0.960968 0.276657 0 
0.000275123 -0.276657 0.960969 0 
0.000530005 12.7578 0.742239 1 

