1
BAKED_SKELETAL

19

CLIPNAME#idle
2

0.0416667
1 0 0 0 
0 1 0 0 
0 0 1 0 
0 12.3768 0 1 

1 0 0 0 
0 1 0 0 
0 0 1 0 
0 12.3768 0 1 

1 0 0 0 
0 1 0 0 
0 0 1 0 
0 12.3768 -1.49012e-008 1 

1 0 0 0 
0 1 0 0 
0 0 1 0 
0 12.3768 -2.98023e-008 1 

1 0 0 0 
0 1 0 0 
0 0 1 0 
0 12.3768 -1.49012e-008 1 

1 2.01944e-010 -7.24651e-019 0 
-2.01944e-010 1 -7.17675e-009 0 
-7.24651e-019 7.17675e-009 1 0 
0 12.3768 1.49012e-007 1 

1 2.01944e-010 -7.24651e-019 0 
-2.01944e-010 1 -7.17675e-009 0 
-7.24651e-019 7.17675e-009 1 0 
0 12.3768 1.78814e-007 1 

1 2.01944e-010 -7.24651e-019 0 
-2.01944e-010 1 -7.17675e-009 0 
-7.24651e-019 7.17675e-009 1 0 
0 12.3768 1.19209e-007 1 

1 0 0 0 
0 1 0 0 
0 0 1 0 
0 12.3768 1.49012e-008 1 

1 0 -1.66898e-015 0 
0 1 0 0 
1.66898e-015 0 1 0 
0 12.3768 0 1 

1 0 -1.66898e-015 0 
0 1 0 0 
1.66898e-015 0 1 0 
9.53674e-007 12.3768 0 1 

1 0 0 0 
0 1 0 0 
0 0 1 0 
0 12.3768 0 1 

1 0 0 0 
0 1 0 0 
0 0 1 0 
0 12.3768 0 1 

1 0 0 0 
0 1 0 0 
0 0 1 0 
0 12.3768 0 1 

1 0 0 0 
0 1 0 0 
0 0 1 0 
0 12.3768 0 1 

1 -5.23096e-010 1.4892e-008 0 
5.23096e-010 1 3.89497e-018 0 
-1.4892e-008 3.89497e-018 1 0 
0 12.3768 2.23517e-008 1 

1 -5.23096e-010 1.4892e-008 0 
5.23096e-010 1 1.01542e-015 0 
-1.4892e-008 -1.00763e-015 1 0 
0 12.3768 2.98023e-008 1 

1 -5.23096e-010 1.4892e-008 0 
5.23096e-010 1 1.01542e-015 0 
-1.4892e-008 -1.00763e-015 1 0 
0 12.3768 2.98023e-008 1 

1 -5.23096e-010 1.4892e-008 0 
5.23096e-010 1 1.01542e-015 0 
-1.4892e-008 -1.00763e-015 1 0 
0 12.3768 0 1 

0.0833333
1 0 0 0 
0 1 0 0 
0 0 1 0 
0 12.3768 0 1 

1 0 0 0 
0 1 0 0 
0 0 1 0 
0 12.3768 0 1 

1 0 0 0 
0 1 0 0 
0 0 1 0 
0 12.3768 -1.49012e-008 1 

1 0 0 0 
0 1 0 0 
0 0 1 0 
0 12.3768 -2.98023e-008 1 

1 0 0 0 
0 1 0 0 
0 0 1 0 
0 12.3768 -1.49012e-008 1 

1 2.01944e-010 -7.24651e-019 0 
-2.01944e-010 1 -7.17675e-009 0 
-7.24651e-019 7.17675e-009 1 0 
0 12.3768 1.49012e-007 1 

1 2.01944e-010 -7.24651e-019 0 
-2.01944e-010 1 -7.17675e-009 0 
-7.24651e-019 7.17675e-009 1 0 
0 12.3768 1.78814e-007 1 

1 2.01944e-010 -7.24651e-019 0 
-2.01944e-010 1 -7.17675e-009 0 
-7.24651e-019 7.17675e-009 1 0 
0 12.3768 1.19209e-007 1 

1 0 0 0 
0 1 0 0 
0 0 1 0 
0 12.3768 1.49012e-008 1 

1 0 -1.66898e-015 0 
0 1 0 0 
1.66898e-015 0 1 0 
0 12.3768 0 1 

1 0 -1.66898e-015 0 
0 1 0 0 
1.66898e-015 0 1 0 
9.53674e-007 12.3768 0 1 

1 0 0 0 
0 1 0 0 
0 0 1 0 
0 12.3768 0 1 

1 0 0 0 
0 1 0 0 
0 0 1 0 
0 12.3768 0 1 

1 0 0 0 
0 1 0 0 
0 0 1 0 
0 12.3768 0 1 

1 0 0 0 
0 1 0 0 
0 0 1 0 
0 12.3768 0 1 

1 -5.23096e-010 1.4892e-008 0 
5.23096e-010 1 3.89497e-018 0 
-1.4892e-008 3.89497e-018 1 0 
0 12.3768 2.23517e-008 1 

1 -5.23096e-010 1.4892e-008 0 
5.23096e-010 1 1.01542e-015 0 
-1.4892e-008 -1.00763e-015 1 0 
0 12.3768 2.98023e-008 1 

1 -5.23096e-010 1.4892e-008 0 
5.23096e-010 1 1.01542e-015 0 
-1.4892e-008 -1.00763e-015 1 0 
0 12.3768 2.98023e-008 1 

1 -5.23096e-010 1.4892e-008 0 
5.23096e-010 1 1.01542e-015 0 
-1.4892e-008 -1.00763e-015 1 0 
0 12.3768 0 1 

CLIPNAME#twitching
3

0.125
1 0 0 0 
0 1 0 0 
0 0 1 0 
0 12.3768 0 1 

1 0 0 0 
0 1 0 0 
0 0 1 0 
0 12.3768 0 1 

1 0 0 0 
0 1 0 0 
0 0 1 0 
0 12.3768 -1.49012e-008 1 

1 0 0 0 
0 1 0 0 
0 0 1 0 
0 12.3768 -2.98023e-008 1 

1 0 0 0 
0 1 0 0 
0 0 1 0 
0 12.3768 -1.49012e-008 1 

1 2.01944e-010 -7.24651e-019 0 
-2.01944e-010 1 -7.17675e-009 0 
-7.24651e-019 7.17675e-009 1 0 
0 12.3768 1.49012e-007 1 

1 2.01944e-010 -7.24651e-019 0 
-2.01944e-010 1 -7.17675e-009 0 
-7.24651e-019 7.17675e-009 1 0 
0 12.3768 1.78814e-007 1 

1 2.01944e-010 -7.24651e-019 0 
-2.01944e-010 1 -7.17675e-009 0 
-7.24651e-019 7.17675e-009 1 0 
0 12.3768 1.19209e-007 1 

1 0 0 0 
0 1 0 0 
0 0 1 0 
0 12.3768 1.49012e-008 1 

1 0 -1.66898e-015 0 
0 1 0 0 
1.66898e-015 0 1 0 
0 12.3768 0 1 

1 0 -1.66898e-015 0 
0 1 0 0 
1.66898e-015 0 1 0 
9.53674e-007 12.3768 0 1 

1 0 0 0 
0 1 0 0 
0 0 1 0 
0 12.3768 0 1 

1 0 0 0 
0 1 0 0 
0 0 1 0 
0 12.3768 0 1 

1 0 0 0 
0 1 0 0 
0 0 1 0 
0 12.3768 0 1 

1 0 0 0 
0 1 0 0 
0 0 1 0 
0 12.3768 0 1 

1 -5.23096e-010 1.4892e-008 0 
5.23096e-010 1 3.89497e-018 0 
-1.4892e-008 3.89497e-018 1 0 
0 12.3768 2.23517e-008 1 

1 -5.23096e-010 1.4892e-008 0 
5.23096e-010 1 1.01542e-015 0 
-1.4892e-008 -1.00763e-015 1 0 
0 12.3768 2.98023e-008 1 

1 -5.23096e-010 1.4892e-008 0 
5.23096e-010 1 1.01542e-015 0 
-1.4892e-008 -1.00763e-015 1 0 
0 12.3768 2.98023e-008 1 

1 -5.23096e-010 1.4892e-008 0 
5.23096e-010 1 1.01542e-015 0 
-1.4892e-008 -1.00763e-015 1 0 
0 12.3768 0 1 

0.166667
1 0 0 0 
0 1 0 0 
0 0 1 0 
0 12.3768 0 1 

1 0 0 0 
0 1 0 0 
0 0 1 0 
0 12.3768 0 1 

1 0 0 0 
0 1 0 0 
0 0 1 0 
0 12.3768 -1.49012e-008 1 

1 0 0 0 
0 1 0 0 
0 0 1 0 
0 12.3768 -2.98023e-008 1 

1 0 0 0 
0 1 0 0 
0 0 1 0 
0 12.3768 -1.49012e-008 1 

1 2.01944e-010 -7.24651e-019 0 
-2.01944e-010 1 -7.17675e-009 0 
-7.24651e-019 7.17675e-009 1 0 
0 12.3768 1.49012e-007 1 

1 2.01944e-010 -7.24651e-019 0 
-2.01944e-010 1 -7.17675e-009 0 
-7.24651e-019 7.17675e-009 1 0 
0 12.3768 1.78814e-007 1 

1 2.01944e-010 -7.24651e-019 0 
-2.01944e-010 1 -7.17675e-009 0 
-7.24651e-019 7.17675e-009 1 0 
0 12.3768 1.19209e-007 1 

1 0 0 0 
0 1 0 0 
0 0 1 0 
0 12.3768 1.49012e-008 1 

1 0 -1.66898e-015 0 
0 1 0 0 
1.66898e-015 0 1 0 
0 12.3768 0 1 

1 0 -1.66898e-015 0 
0 1 0 0 
1.66898e-015 0 1 0 
9.53674e-007 12.3768 0 1 

1 0 0 0 
0 1 0 0 
0 0 1 0 
0 12.3768 0 1 

1 0 0 0 
0 1 0 0 
0 0 1 0 
0 12.3768 0 1 

1 0 0 0 
0 1 0 0 
0 0 1 0 
0 12.3768 0 1 

1 0 0 0 
0 1 0 0 
0 0 1 0 
0 12.3768 0 1 

1 -5.23096e-010 1.4892e-008 0 
5.23096e-010 1 3.89497e-018 0 
-1.4892e-008 3.89497e-018 1 0 
0 12.3768 2.23517e-008 1 

1 -5.23096e-010 1.4892e-008 0 
5.23096e-010 1 1.01542e-015 0 
-1.4892e-008 -1.00763e-015 1 0 
0 12.3768 2.98023e-008 1 

1 -5.23096e-010 1.4892e-008 0 
5.23096e-010 1 1.01542e-015 0 
-1.4892e-008 -1.00763e-015 1 0 
0 12.3768 2.98023e-008 1 

1 -5.23096e-010 1.4892e-008 0 
5.23096e-010 1 1.01542e-015 0 
-1.4892e-008 -1.00763e-015 1 0 
0 12.3768 0 1 

0.208333
1 0 0 0 
0 1 0 0 
0 0 1 0 
0 12.3768 0 1 

1 0 0 0 
0 1 0 0 
0 0 1 0 
0 12.3768 0 1 

1 0 0 0 
0 1 0 0 
0 0 1 0 
0 12.3768 -1.49012e-008 1 

1 0 0 0 
0 1 0 0 
0 0 1 0 
0 12.3768 -2.98023e-008 1 

1 0 0 0 
0 1 0 0 
0 0 1 0 
0 12.3768 -1.49012e-008 1 

1 2.01944e-010 -7.24651e-019 0 
-2.01944e-010 1 -7.17675e-009 0 
-7.24651e-019 7.17675e-009 1 0 
0 12.3768 1.49012e-007 1 

1 2.01944e-010 -7.24651e-019 0 
-2.01944e-010 1 -7.17675e-009 0 
-7.24651e-019 7.17675e-009 1 0 
0 12.3768 1.78814e-007 1 

1 2.01944e-010 -7.24651e-019 0 
-2.01944e-010 1 -7.17675e-009 0 
-7.24651e-019 7.17675e-009 1 0 
0 12.3768 1.19209e-007 1 

1 0 0 0 
0 1 0 0 
0 0 1 0 
0 12.3768 1.49012e-008 1 

1 0 -1.66898e-015 0 
0 1 0 0 
1.66898e-015 0 1 0 
0 12.3768 0 1 

1 0 -1.66898e-015 0 
0 1 0 0 
1.66898e-015 0 1 0 
9.53674e-007 12.3768 0 1 

1 0 0 0 
0 1 0 0 
0 0 1 0 
0 12.3768 0 1 

1 0 0 0 
0 1 0 0 
0 0 1 0 
0 12.3768 0 1 

1 0 0 0 
0 1 0 0 
0 0 1 0 
0 12.3768 0 1 

1 0 0 0 
0 1 0 0 
0 0 1 0 
0 12.3768 0 1 

1 -5.23096e-010 1.4892e-008 0 
5.23096e-010 1 3.89497e-018 0 
-1.4892e-008 3.89497e-018 1 0 
0 12.3768 2.23517e-008 1 

1 -5.23096e-010 1.4892e-008 0 
5.23096e-010 1 1.01542e-015 0 
-1.4892e-008 -1.00763e-015 1 0 
0 12.3768 2.98023e-008 1 

1 -5.23096e-010 1.4892e-008 0 
5.23096e-010 1 1.01542e-015 0 
-1.4892e-008 -1.00763e-015 1 0 
0 12.3768 2.98023e-008 1 

1 -5.23096e-010 1.4892e-008 0 
5.23096e-010 1 1.01542e-015 0 
-1.4892e-008 -1.00763e-015 1 0 
0 12.3768 0 1 

CLIPNAME#turning
3

0.25
1 0 0 0 
0 1 0 0 
0 0 1 0 
0 12.3768 0 1 

1 0 0 0 
0 1 0 0 
0 0 1 0 
0 12.3768 0 1 

1 0 0 0 
0 1 0 0 
0 0 1 0 
0 12.3768 -1.49012e-008 1 

1 0 0 0 
0 1 0 0 
0 0 1 0 
0 12.3768 -2.98023e-008 1 

1 0 0 0 
0 1 0 0 
0 0 1 0 
0 12.3768 -1.49012e-008 1 

1 2.01944e-010 -7.24651e-019 0 
-2.01944e-010 1 -7.17675e-009 0 
-7.24651e-019 7.17675e-009 1 0 
0 12.3768 1.49012e-007 1 

1 2.01944e-010 -7.24651e-019 0 
-2.01944e-010 1 -7.17675e-009 0 
-7.24651e-019 7.17675e-009 1 0 
0 12.3768 1.78814e-007 1 

1 2.01944e-010 -7.24651e-019 0 
-2.01944e-010 1 -7.17675e-009 0 
-7.24651e-019 7.17675e-009 1 0 
0 12.3768 1.19209e-007 1 

1 0 0 0 
0 1 0 0 
0 0 1 0 
0 12.3768 1.49012e-008 1 

1 0 -1.66898e-015 0 
0 1 0 0 
1.66898e-015 0 1 0 
0 12.3768 0 1 

1 0 -1.66898e-015 0 
0 1 0 0 
1.66898e-015 0 1 0 
9.53674e-007 12.3768 0 1 

1 0 0 0 
0 1 0 0 
0 0 1 0 
0 12.3768 0 1 

1 0 0 0 
0 1 0 0 
0 0 1 0 
0 12.3768 0 1 

1 0 0 0 
0 1 0 0 
0 0 1 0 
0 12.3768 0 1 

1 0 0 0 
0 1 0 0 
0 0 1 0 
0 12.3768 0 1 

1 -5.23096e-010 1.4892e-008 0 
5.23096e-010 1 3.89497e-018 0 
-1.4892e-008 3.89497e-018 1 0 
0 12.3768 2.23517e-008 1 

1 -5.23096e-010 1.4892e-008 0 
5.23096e-010 1 1.01542e-015 0 
-1.4892e-008 -1.00763e-015 1 0 
0 12.3768 2.98023e-008 1 

1 -5.23096e-010 1.4892e-008 0 
5.23096e-010 1 1.01542e-015 0 
-1.4892e-008 -1.00763e-015 1 0 
0 12.3768 2.98023e-008 1 

1 -5.23096e-010 1.4892e-008 0 
5.23096e-010 1 1.01542e-015 0 
-1.4892e-008 -1.00763e-015 1 0 
0 12.3768 0 1 

0.291667
1 0 0 0 
0 1 0 0 
0 0 1 0 
0 12.3768 0 1 

1 0 0 0 
0 1 0 0 
0 0 1 0 
0 12.3768 0 1 

1 0 0 0 
0 1 0 0 
0 0 1 0 
0 12.3768 -1.49012e-008 1 

1 0 0 0 
0 1 0 0 
0 0 1 0 
0 12.3768 -2.98023e-008 1 

1 0 0 0 
0 1 0 0 
0 0 1 0 
0 12.3768 -1.49012e-008 1 

1 2.01944e-010 -7.24651e-019 0 
-2.01944e-010 1 -7.17675e-009 0 
-7.24651e-019 7.17675e-009 1 0 
0 12.3768 1.49012e-007 1 

1 2.01944e-010 -7.24651e-019 0 
-2.01944e-010 1 -7.17675e-009 0 
-7.24651e-019 7.17675e-009 1 0 
0 12.3768 1.78814e-007 1 

1 2.01944e-010 -7.24651e-019 0 
-2.01944e-010 1 -7.17675e-009 0 
-7.24651e-019 7.17675e-009 1 0 
0 12.3768 1.19209e-007 1 

1 0 0 0 
0 1 0 0 
0 0 1 0 
0 12.3768 1.49012e-008 1 

1 0 -1.66898e-015 0 
0 1 0 0 
1.66898e-015 0 1 0 
0 12.3768 0 1 

1 0 -1.66898e-015 0 
0 1 0 0 
1.66898e-015 0 1 0 
9.53674e-007 12.3768 0 1 

1 0 0 0 
0 1 0 0 
0 0 1 0 
0 12.3768 0 1 

1 0 0 0 
0 1 0 0 
0 0 1 0 
0 12.3768 0 1 

1 0 0 0 
0 1 0 0 
0 0 1 0 
0 12.3768 0 1 

1 0 0 0 
0 1 0 0 
0 0 1 0 
0 12.3768 0 1 

1 -5.23096e-010 1.4892e-008 0 
5.23096e-010 1 3.89497e-018 0 
-1.4892e-008 3.89497e-018 1 0 
0 12.3768 2.23517e-008 1 

1 -5.23096e-010 1.4892e-008 0 
5.23096e-010 1 1.01542e-015 0 
-1.4892e-008 -1.00763e-015 1 0 
0 12.3768 2.98023e-008 1 

1 -5.23096e-010 1.4892e-008 0 
5.23096e-010 1 1.01542e-015 0 
-1.4892e-008 -1.00763e-015 1 0 
0 12.3768 2.98023e-008 1 

1 -5.23096e-010 1.4892e-008 0 
5.23096e-010 1 1.01542e-015 0 
-1.4892e-008 -1.00763e-015 1 0 
0 12.3768 0 1 

0.333333
1 0 0 0 
0 1 0 0 
0 0 1 0 
0 12.3768 0 1 

1 0 0 0 
0 1 0 0 
0 0 1 0 
0 12.3768 0 1 

1 0 0 0 
0 1 0 0 
0 0 1 0 
0 12.3768 -1.49012e-008 1 

1 0 0 0 
0 1 0 0 
0 0 1 0 
0 12.3768 -2.98023e-008 1 

1 0 0 0 
0 1 0 0 
0 0 1 0 
0 12.3768 -1.49012e-008 1 

1 2.01944e-010 -7.24651e-019 0 
-2.01944e-010 1 -7.17675e-009 0 
-7.24651e-019 7.17675e-009 1 0 
0 12.3768 1.49012e-007 1 

1 2.01944e-010 -7.24651e-019 0 
-2.01944e-010 1 -7.17675e-009 0 
-7.24651e-019 7.17675e-009 1 0 
0 12.3768 1.78814e-007 1 

1 2.01944e-010 -7.24651e-019 0 
-2.01944e-010 1 -7.17675e-009 0 
-7.24651e-019 7.17675e-009 1 0 
0 12.3768 1.19209e-007 1 

1 0 0 0 
0 1 0 0 
0 0 1 0 
0 12.3768 1.49012e-008 1 

1 0 -1.66898e-015 0 
0 1 0 0 
1.66898e-015 0 1 0 
0 12.3768 0 1 

1 0 -1.66898e-015 0 
0 1 0 0 
1.66898e-015 0 1 0 
9.53674e-007 12.3768 0 1 

1 0 0 0 
0 1 0 0 
0 0 1 0 
0 12.3768 0 1 

1 0 0 0 
0 1 0 0 
0 0 1 0 
0 12.3768 0 1 

1 0 0 0 
0 1 0 0 
0 0 1 0 
0 12.3768 0 1 

1 0 0 0 
0 1 0 0 
0 0 1 0 
0 12.3768 0 1 

1 -5.23096e-010 1.4892e-008 0 
5.23096e-010 1 3.89497e-018 0 
-1.4892e-008 3.89497e-018 1 0 
0 12.3768 2.23517e-008 1 

1 -5.23096e-010 1.4892e-008 0 
5.23096e-010 1 1.01542e-015 0 
-1.4892e-008 -1.00763e-015 1 0 
0 12.3768 2.98023e-008 1 

1 -5.23096e-010 1.4892e-008 0 
5.23096e-010 1 1.01542e-015 0 
-1.4892e-008 -1.00763e-015 1 0 
0 12.3768 2.98023e-008 1 

1 -5.23096e-010 1.4892e-008 0 
5.23096e-010 1 1.01542e-015 0 
-1.4892e-008 -1.00763e-015 1 0 
0 12.3768 0 1 

CLIPNAME#nodding
11

1.04167
1 0 0 0 
0 1 0 0 
0 0 1 0 
0 12.3768 0 1 

1 0 0 0 
0 1 0 0 
0 0 1 0 
0 12.3768 0 1 

1 0 0 0 
0 1 0 0 
0 0 1 0 
0 12.3768 -1.49012e-008 1 

1 0 0 0 
0 1 0 0 
0 0 1 0 
0 12.3768 -2.98023e-008 1 

1 0 0 0 
0 1 0 0 
0 0 1 0 
0 12.3768 -1.49012e-008 1 

1 2.01944e-010 -7.24651e-019 0 
-2.01944e-010 1 -7.17675e-009 0 
-7.24651e-019 7.17675e-009 1 0 
0 12.3768 1.49012e-007 1 

1 2.01944e-010 -7.24651e-019 0 
-2.01944e-010 1 -7.17675e-009 0 
-7.24651e-019 7.17675e-009 1 0 
0 12.3768 1.78814e-007 1 

1 2.01944e-010 -7.24651e-019 0 
-2.01944e-010 1 -7.17675e-009 0 
-7.24651e-019 7.17675e-009 1 0 
0 12.3768 1.19209e-007 1 

1 0 0 0 
0 1 0 0 
0 0 1 0 
0 12.3768 1.49012e-008 1 

1 0 -1.66898e-015 0 
0 1 0 0 
1.66898e-015 0 1 0 
0 12.3768 0 1 

1 0 -1.66898e-015 0 
0 1 0 0 
1.66898e-015 0 1 0 
9.53674e-007 12.3768 0 1 

1 0 0 0 
0 1 0 0 
0 0 1 0 
0 12.3768 0 1 

1 0 0 0 
0 1 0 0 
0 0 1 0 
0 12.3768 0 1 

1 0 0 0 
0 1 0 0 
0 0 1 0 
0 12.3768 0 1 

1 0 0 0 
0 1 0 0 
0 0 1 0 
0 12.3768 0 1 

1 -5.23096e-010 1.4892e-008 0 
5.23096e-010 1 3.89497e-018 0 
-1.4892e-008 3.89497e-018 1 0 
0 12.3768 2.23517e-008 1 

1 -5.23096e-010 1.4892e-008 0 
5.23096e-010 1 1.01542e-015 0 
-1.4892e-008 -1.00763e-015 1 0 
0 12.3768 2.98023e-008 1 

1 -5.23096e-010 1.4892e-008 0 
5.23096e-010 1 1.01542e-015 0 
-1.4892e-008 -1.00763e-015 1 0 
0 12.3768 2.98023e-008 1 

1 -5.23096e-010 1.4892e-008 0 
5.23096e-010 1 1.01542e-015 0 
-1.4892e-008 -1.00763e-015 1 0 
0 12.3768 0 1 

1.08333
1 0 0 0 
0 1 0 0 
0 0 1 0 
0 12.3768 0 1 

1 0 0 0 
0 1 0 0 
0 0 1 0 
0 12.3768 0 1 

1 0 0 0 
0 1 0 0 
0 0 1 0 
0 12.3768 -1.49012e-008 1 

1 0 0 0 
0 1 0 0 
0 0 1 0 
0 12.3768 -2.98023e-008 1 

1 0 0 0 
0 1 0 0 
0 0 1 0 
0 12.3768 -1.49012e-008 1 

1 2.01944e-010 -7.24651e-019 0 
-2.01944e-010 1 -7.17675e-009 0 
-7.24651e-019 7.17675e-009 1 0 
0 12.3768 1.49012e-007 1 

1 2.01944e-010 -7.24651e-019 0 
-2.01944e-010 1 -7.17675e-009 0 
-7.24651e-019 7.17675e-009 1 0 
0 12.3768 1.78814e-007 1 

1 2.01944e-010 -7.24651e-019 0 
-2.01944e-010 1 -7.17675e-009 0 
-7.24651e-019 7.17675e-009 1 0 
0 12.3768 1.19209e-007 1 

1 0 0 0 
0 1 0 0 
0 0 1 0 
0 12.3768 1.49012e-008 1 

1 0 -1.66898e-015 0 
0 1 0 0 
1.66898e-015 0 1 0 
0 12.3768 0 1 

1 0 -1.66898e-015 0 
0 1 0 0 
1.66898e-015 0 1 0 
9.53674e-007 12.3768 0 1 

1 0 0 0 
0 1 0 0 
0 0 1 0 
0 12.3768 0 1 

1 0 0 0 
0 1 0 0 
0 0 1 0 
0 12.3768 0 1 

1 0 0 0 
0 1 0 0 
0 0 1 0 
0 12.3768 0 1 

1 0 0 0 
0 1 0 0 
0 0 1 0 
0 12.3768 0 1 

1 -5.23096e-010 1.4892e-008 0 
5.23096e-010 1 3.89497e-018 0 
-1.4892e-008 3.89497e-018 1 0 
0 12.3768 2.23517e-008 1 

1 -5.23096e-010 1.4892e-008 0 
5.23096e-010 1 1.01542e-015 0 
-1.4892e-008 -1.00763e-015 1 0 
0 12.3768 2.98023e-008 1 

1 -5.23096e-010 1.4892e-008 0 
5.23096e-010 1 1.01542e-015 0 
-1.4892e-008 -1.00763e-015 1 0 
0 12.3768 2.98023e-008 1 

1 -5.23096e-010 1.4892e-008 0 
5.23096e-010 1 1.01542e-015 0 
-1.4892e-008 -1.00763e-015 1 0 
0 12.3768 0 1 

1.125
1 0 0 0 
0 1 0 0 
0 0 1 0 
0 12.3768 0 1 

1 0 0 0 
0 1 0 0 
0 0 1 0 
0 12.3768 0 1 

1 0 0 0 
0 1 0 0 
0 0 1 0 
0 12.3768 -1.49012e-008 1 

1 0 0 0 
0 1 0 0 
0 0 1 0 
0 12.3768 -2.98023e-008 1 

1 0 0 0 
0 1 0 0 
0 0 1 0 
0 12.3768 -1.49012e-008 1 

1 2.01944e-010 -7.24651e-019 0 
-2.01944e-010 1 -7.17675e-009 0 
-7.24651e-019 7.17675e-009 1 0 
0 12.3768 1.49012e-007 1 

1 2.01944e-010 -7.24651e-019 0 
-2.01944e-010 1 -7.17675e-009 0 
-7.24651e-019 7.17675e-009 1 0 
0 12.3768 1.78814e-007 1 

1 2.01944e-010 -7.24651e-019 0 
-2.01944e-010 1 -7.17675e-009 0 
-7.24651e-019 7.17675e-009 1 0 
0 12.3768 1.19209e-007 1 

1 0 0 0 
0 1 0 0 
0 0 1 0 
0 12.3768 1.49012e-008 1 

1 0 -1.66898e-015 0 
0 1 0 0 
1.66898e-015 0 1 0 
0 12.3768 0 1 

1 0 -1.66898e-015 0 
0 1 0 0 
1.66898e-015 0 1 0 
9.53674e-007 12.3768 0 1 

1 0 0 0 
0 1 0 0 
0 0 1 0 
0 12.3768 0 1 

1 0 0 0 
0 1 0 0 
0 0 1 0 
0 12.3768 0 1 

1 0 0 0 
0 1 0 0 
0 0 1 0 
0 12.3768 0 1 

1 0 0 0 
0 1 0 0 
0 0 1 0 
0 12.3768 0 1 

1 -5.23096e-010 1.4892e-008 0 
5.23096e-010 1 3.89497e-018 0 
-1.4892e-008 3.89497e-018 1 0 
0 12.3768 2.23517e-008 1 

1 -5.23096e-010 1.4892e-008 0 
5.23096e-010 1 1.01542e-015 0 
-1.4892e-008 -1.00763e-015 1 0 
0 12.3768 2.98023e-008 1 

1 -5.23096e-010 1.4892e-008 0 
5.23096e-010 1 1.01542e-015 0 
-1.4892e-008 -1.00763e-015 1 0 
0 12.3768 2.98023e-008 1 

1 -5.23096e-010 1.4892e-008 0 
5.23096e-010 1 1.01542e-015 0 
-1.4892e-008 -1.00763e-015 1 0 
0 12.3768 0 1 

1.16667
1 0 0 0 
0 1 0 0 
0 0 1 0 
0 12.3768 0 1 

1 0 0 0 
0 1 0 0 
0 0 1 0 
0 12.3768 0 1 

1 0 0 0 
0 1 0 0 
0 0 1 0 
0 12.3768 -1.49012e-008 1 

1 0 0 0 
0 1 0 0 
0 0 1 0 
0 12.3768 -2.98023e-008 1 

1 0 0 0 
0 1 0 0 
0 0 1 0 
0 12.3768 -1.49012e-008 1 

1 2.01944e-010 -7.24651e-019 0 
-2.01944e-010 1 -7.17675e-009 0 
-7.24651e-019 7.17675e-009 1 0 
0 12.3768 1.49012e-007 1 

1 2.01944e-010 -7.24651e-019 0 
-2.01944e-010 1 -7.17675e-009 0 
-7.24651e-019 7.17675e-009 1 0 
0 12.3768 1.78814e-007 1 

1 2.01944e-010 -7.24651e-019 0 
-2.01944e-010 1 -7.17675e-009 0 
-7.24651e-019 7.17675e-009 1 0 
0 12.3768 1.19209e-007 1 

1 0 0 0 
0 1 0 0 
0 0 1 0 
0 12.3768 1.49012e-008 1 

1 0 -1.66898e-015 0 
0 1 0 0 
1.66898e-015 0 1 0 
0 12.3768 0 1 

1 0 -1.66898e-015 0 
0 1 0 0 
1.66898e-015 0 1 0 
9.53674e-007 12.3768 0 1 

1 0 0 0 
0 1 0 0 
0 0 1 0 
0 12.3768 0 1 

1 0 0 0 
0 1 0 0 
0 0 1 0 
0 12.3768 0 1 

1 0 0 0 
0 1 0 0 
0 0 1 0 
0 12.3768 0 1 

1 0 0 0 
0 1 0 0 
0 0 1 0 
0 12.3768 0 1 

1 -5.23096e-010 1.4892e-008 0 
5.23096e-010 1 3.89497e-018 0 
-1.4892e-008 3.89497e-018 1 0 
0 12.3768 2.23517e-008 1 

1 -5.23096e-010 1.4892e-008 0 
5.23096e-010 1 1.01542e-015 0 
-1.4892e-008 -1.00763e-015 1 0 
0 12.3768 2.98023e-008 1 

1 -5.23096e-010 1.4892e-008 0 
5.23096e-010 1 1.01542e-015 0 
-1.4892e-008 -1.00763e-015 1 0 
0 12.3768 2.98023e-008 1 

1 -5.23096e-010 1.4892e-008 0 
5.23096e-010 1 1.01542e-015 0 
-1.4892e-008 -1.00763e-015 1 0 
0 12.3768 0 1 

1.20833
1 0 0 0 
0 1 0 0 
0 0 1 0 
0 12.3768 0 1 

1 0 0 0 
0 1 0 0 
0 0 1 0 
0 12.3768 0 1 

1 0 0 0 
0 1 0 0 
0 0 1 0 
0 12.3768 -1.49012e-008 1 

1 0 0 0 
0 1 0 0 
0 0 1 0 
0 12.3768 -2.98023e-008 1 

1 0 0 0 
0 1 0 0 
0 0 1 0 
0 12.3768 -1.49012e-008 1 

1 2.01944e-010 -7.24651e-019 0 
-2.01944e-010 1 -7.17675e-009 0 
-7.24651e-019 7.17675e-009 1 0 
0 12.3768 1.49012e-007 1 

1 2.01944e-010 -7.24651e-019 0 
-2.01944e-010 1 -7.17675e-009 0 
-7.24651e-019 7.17675e-009 1 0 
0 12.3768 1.78814e-007 1 

1 2.01944e-010 -7.24651e-019 0 
-2.01944e-010 1 -7.17675e-009 0 
-7.24651e-019 7.17675e-009 1 0 
0 12.3768 1.19209e-007 1 

1 0 0 0 
0 1 0 0 
0 0 1 0 
0 12.3768 1.49012e-008 1 

1 0 -1.66898e-015 0 
0 1 0 0 
1.66898e-015 0 1 0 
0 12.3768 0 1 

1 0 -1.66898e-015 0 
0 1 0 0 
1.66898e-015 0 1 0 
9.53674e-007 12.3768 0 1 

1 0 0 0 
0 1 0 0 
0 0 1 0 
0 12.3768 0 1 

1 0 0 0 
0 1 0 0 
0 0 1 0 
0 12.3768 0 1 

1 0 0 0 
0 1 0 0 
0 0 1 0 
0 12.3768 0 1 

1 0 0 0 
0 1 0 0 
0 0 1 0 
0 12.3768 0 1 

1 -5.23096e-010 1.4892e-008 0 
5.23096e-010 1 3.89497e-018 0 
-1.4892e-008 3.89497e-018 1 0 
0 12.3768 2.23517e-008 1 

1 -5.23096e-010 1.4892e-008 0 
5.23096e-010 1 1.01542e-015 0 
-1.4892e-008 -1.00763e-015 1 0 
0 12.3768 2.98023e-008 1 

1 -5.23096e-010 1.4892e-008 0 
5.23096e-010 1 1.01542e-015 0 
-1.4892e-008 -1.00763e-015 1 0 
0 12.3768 2.98023e-008 1 

1 -5.23096e-010 1.4892e-008 0 
5.23096e-010 1 1.01542e-015 0 
-1.4892e-008 -1.00763e-015 1 0 
0 12.3768 0 1 

1.25
1 0 0 0 
0 1 0 0 
0 0 1 0 
0 12.3768 0 1 

1 0 0 0 
0 1 0 0 
0 0 1 0 
0 12.3768 0 1 

1 0 0 0 
0 1 0 0 
0 0 1 0 
0 12.3768 -1.49012e-008 1 

1 0 0 0 
0 1 0 0 
0 0 1 0 
0 12.3768 -2.98023e-008 1 

1 0 0 0 
0 1 0 0 
0 0 1 0 
0 12.3768 -1.49012e-008 1 

1 2.01944e-010 -7.24651e-019 0 
-2.01944e-010 1 -7.17675e-009 0 
-7.24651e-019 7.17675e-009 1 0 
0 12.3768 1.49012e-007 1 

1 2.01944e-010 -7.24651e-019 0 
-2.01944e-010 1 -7.17675e-009 0 
-7.24651e-019 7.17675e-009 1 0 
0 12.3768 1.78814e-007 1 

1 2.01944e-010 -7.24651e-019 0 
-2.01944e-010 1 -7.17675e-009 0 
-7.24651e-019 7.17675e-009 1 0 
0 12.3768 1.19209e-007 1 

1 0 0 0 
0 1 0 0 
0 0 1 0 
0 12.3768 1.49012e-008 1 

1 0 -1.66898e-015 0 
0 1 0 0 
1.66898e-015 0 1 0 
0 12.3768 0 1 

1 0 -1.66898e-015 0 
0 1 0 0 
1.66898e-015 0 1 0 
9.53674e-007 12.3768 0 1 

1 0 0 0 
0 1 0 0 
0 0 1 0 
0 12.3768 0 1 

1 0 0 0 
0 1 0 0 
0 0 1 0 
0 12.3768 0 1 

1 0 0 0 
0 1 0 0 
0 0 1 0 
0 12.3768 0 1 

1 0 0 0 
0 1 0 0 
0 0 1 0 
0 12.3768 0 1 

1 -5.23096e-010 1.4892e-008 0 
5.23096e-010 1 3.89497e-018 0 
-1.4892e-008 3.89497e-018 1 0 
0 12.3768 2.23517e-008 1 

1 -5.23096e-010 1.4892e-008 0 
5.23096e-010 1 1.01542e-015 0 
-1.4892e-008 -1.00763e-015 1 0 
0 12.3768 2.98023e-008 1 

1 -5.23096e-010 1.4892e-008 0 
5.23096e-010 1 1.01542e-015 0 
-1.4892e-008 -1.00763e-015 1 0 
0 12.3768 2.98023e-008 1 

1 -5.23096e-010 1.4892e-008 0 
5.23096e-010 1 1.01542e-015 0 
-1.4892e-008 -1.00763e-015 1 0 
0 12.3768 0 1 

1.29167
1 0 0 0 
0 1 0 0 
0 0 1 0 
0 12.3768 0 1 

1 0 0 0 
0 1 0 0 
0 0 1 0 
0 12.3768 0 1 

1 0 0 0 
0 1 0 0 
0 0 1 0 
0 12.3768 -1.49012e-008 1 

1 0 0 0 
0 1 0 0 
0 0 1 0 
0 12.3768 -2.98023e-008 1 

1 0 0 0 
0 1 0 0 
0 0 1 0 
0 12.3768 -1.49012e-008 1 

1 2.01944e-010 -7.24651e-019 0 
-2.01944e-010 1 -7.17675e-009 0 
-7.24651e-019 7.17675e-009 1 0 
0 12.3768 1.49012e-007 1 

1 2.01944e-010 -7.24651e-019 0 
-2.01944e-010 1 -7.17675e-009 0 
-7.24651e-019 7.17675e-009 1 0 
0 12.3768 1.78814e-007 1 

1 2.01944e-010 -7.24651e-019 0 
-2.01944e-010 1 -7.17675e-009 0 
-7.24651e-019 7.17675e-009 1 0 
0 12.3768 1.19209e-007 1 

1 0 0 0 
0 1 0 0 
0 0 1 0 
0 12.3768 1.49012e-008 1 

1 0 -1.66898e-015 0 
0 1 0 0 
1.66898e-015 0 1 0 
0 12.3768 0 1 

1 0 -1.66898e-015 0 
0 1 0 0 
1.66898e-015 0 1 0 
9.53674e-007 12.3768 0 1 

1 0 0 0 
0 1 0 0 
0 0 1 0 
0 12.3768 0 1 

1 0 0 0 
0 1 0 0 
0 0 1 0 
0 12.3768 0 1 

1 0 0 0 
0 1 0 0 
0 0 1 0 
0 12.3768 0 1 

1 0 0 0 
0 1 0 0 
0 0 1 0 
0 12.3768 0 1 

1 -5.23096e-010 1.4892e-008 0 
5.23096e-010 1 3.89497e-018 0 
-1.4892e-008 3.89497e-018 1 0 
0 12.3768 2.23517e-008 1 

1 -5.23096e-010 1.4892e-008 0 
5.23096e-010 1 1.01542e-015 0 
-1.4892e-008 -1.00763e-015 1 0 
0 12.3768 2.98023e-008 1 

1 -5.23096e-010 1.4892e-008 0 
5.23096e-010 1 1.01542e-015 0 
-1.4892e-008 -1.00763e-015 1 0 
0 12.3768 2.98023e-008 1 

1 -5.23096e-010 1.4892e-008 0 
5.23096e-010 1 1.01542e-015 0 
-1.4892e-008 -1.00763e-015 1 0 
0 12.3768 0 1 

1.33333
1 0 0 0 
0 1 0 0 
0 0 1 0 
0 12.3768 0 1 

1 0 0 0 
0 1 0 0 
0 0 1 0 
0 12.3768 0 1 

1 0 0 0 
0 1 0 0 
0 0 1 0 
0 12.3768 -1.49012e-008 1 

1 0 0 0 
0 1 0 0 
0 0 1 0 
0 12.3768 -2.98023e-008 1 

1 0 0 0 
0 1 0 0 
0 0 1 0 
0 12.3768 -1.49012e-008 1 

1 2.01944e-010 -7.24651e-019 0 
-2.01944e-010 1 -7.17675e-009 0 
-7.24651e-019 7.17675e-009 1 0 
0 12.3768 1.49012e-007 1 

1 2.01944e-010 -7.24651e-019 0 
-2.01944e-010 1 -7.17675e-009 0 
-7.24651e-019 7.17675e-009 1 0 
0 12.3768 1.78814e-007 1 

1 2.01944e-010 -7.24651e-019 0 
-2.01944e-010 1 -7.17675e-009 0 
-7.24651e-019 7.17675e-009 1 0 
0 12.3768 1.19209e-007 1 

1 0 0 0 
0 1 0 0 
0 0 1 0 
0 12.3768 1.49012e-008 1 

1 0 -1.66898e-015 0 
0 1 0 0 
1.66898e-015 0 1 0 
0 12.3768 0 1 

1 0 -1.66898e-015 0 
0 1 0 0 
1.66898e-015 0 1 0 
9.53674e-007 12.3768 0 1 

1 0 0 0 
0 1 0 0 
0 0 1 0 
0 12.3768 0 1 

1 0 0 0 
0 1 0 0 
0 0 1 0 
0 12.3768 0 1 

1 0 0 0 
0 1 0 0 
0 0 1 0 
0 12.3768 0 1 

1 0 0 0 
0 1 0 0 
0 0 1 0 
0 12.3768 0 1 

1 -5.23096e-010 1.4892e-008 0 
5.23096e-010 1 3.89497e-018 0 
-1.4892e-008 3.89497e-018 1 0 
0 12.3768 2.23517e-008 1 

1 -5.23096e-010 1.4892e-008 0 
5.23096e-010 1 1.01542e-015 0 
-1.4892e-008 -1.00763e-015 1 0 
0 12.3768 2.98023e-008 1 

1 -5.23096e-010 1.4892e-008 0 
5.23096e-010 1 1.01542e-015 0 
-1.4892e-008 -1.00763e-015 1 0 
0 12.3768 2.98023e-008 1 

1 -5.23096e-010 1.4892e-008 0 
5.23096e-010 1 1.01542e-015 0 
-1.4892e-008 -1.00763e-015 1 0 
0 12.3768 0 1 

1.375
1 0 0 0 
0 1 0 0 
0 0 1 0 
0 12.3768 0 1 

1 0 0 0 
0 1 0 0 
0 0 1 0 
0 12.3768 0 1 

1 0 0 0 
0 1 0 0 
0 0 1 0 
0 12.3768 -1.49012e-008 1 

1 0 0 0 
0 1 0 0 
0 0 1 0 
0 12.3768 -2.98023e-008 1 

1 0 0 0 
0 1 0 0 
0 0 1 0 
0 12.3768 -1.49012e-008 1 

1 2.01944e-010 -7.24651e-019 0 
-2.01944e-010 1 -7.17675e-009 0 
-7.24651e-019 7.17675e-009 1 0 
0 12.3768 1.49012e-007 1 

1 2.01944e-010 -7.24651e-019 0 
-2.01944e-010 1 -7.17675e-009 0 
-7.24651e-019 7.17675e-009 1 0 
0 12.3768 1.78814e-007 1 

1 2.01944e-010 -7.24651e-019 0 
-2.01944e-010 1 -7.17675e-009 0 
-7.24651e-019 7.17675e-009 1 0 
0 12.3768 1.19209e-007 1 

1 0 0 0 
0 1 0 0 
0 0 1 0 
0 12.3768 1.49012e-008 1 

1 0 -1.66898e-015 0 
0 1 0 0 
1.66898e-015 0 1 0 
0 12.3768 0 1 

1 0 -1.66898e-015 0 
0 1 0 0 
1.66898e-015 0 1 0 
9.53674e-007 12.3768 0 1 

1 0 0 0 
0 1 0 0 
0 0 1 0 
0 12.3768 0 1 

1 0 0 0 
0 1 0 0 
0 0 1 0 
0 12.3768 0 1 

1 0 0 0 
0 1 0 0 
0 0 1 0 
0 12.3768 0 1 

1 0 0 0 
0 1 0 0 
0 0 1 0 
0 12.3768 0 1 

1 -5.23096e-010 1.4892e-008 0 
5.23096e-010 1 3.89497e-018 0 
-1.4892e-008 3.89497e-018 1 0 
0 12.3768 2.23517e-008 1 

1 -5.23096e-010 1.4892e-008 0 
5.23096e-010 1 1.01542e-015 0 
-1.4892e-008 -1.00763e-015 1 0 
0 12.3768 2.98023e-008 1 

1 -5.23096e-010 1.4892e-008 0 
5.23096e-010 1 1.01542e-015 0 
-1.4892e-008 -1.00763e-015 1 0 
0 12.3768 2.98023e-008 1 

1 -5.23096e-010 1.4892e-008 0 
5.23096e-010 1 1.01542e-015 0 
-1.4892e-008 -1.00763e-015 1 0 
0 12.3768 0 1 

1.41667
1 0 0 0 
0 1 0 0 
0 0 1 0 
0 12.3768 0 1 

1 0 0 0 
0 1 0 0 
0 0 1 0 
0 12.3768 0 1 

1 0 0 0 
0 1 0 0 
0 0 1 0 
0 12.3768 -1.49012e-008 1 

1 0 0 0 
0 1 0 0 
0 0 1 0 
0 12.3768 -2.98023e-008 1 

1 0 0 0 
0 1 0 0 
0 0 1 0 
0 12.3768 -1.49012e-008 1 

1 2.01944e-010 -7.24651e-019 0 
-2.01944e-010 1 -7.17675e-009 0 
-7.24651e-019 7.17675e-009 1 0 
0 12.3768 1.49012e-007 1 

1 2.01944e-010 -7.24651e-019 0 
-2.01944e-010 1 -7.17675e-009 0 
-7.24651e-019 7.17675e-009 1 0 
0 12.3768 1.78814e-007 1 

1 2.01944e-010 -7.24651e-019 0 
-2.01944e-010 1 -7.17675e-009 0 
-7.24651e-019 7.17675e-009 1 0 
0 12.3768 1.19209e-007 1 

1 0 0 0 
0 1 0 0 
0 0 1 0 
0 12.3768 1.49012e-008 1 

1 0 -1.66898e-015 0 
0 1 0 0 
1.66898e-015 0 1 0 
0 12.3768 0 1 

1 0 -1.66898e-015 0 
0 1 0 0 
1.66898e-015 0 1 0 
9.53674e-007 12.3768 0 1 

1 0 0 0 
0 1 0 0 
0 0 1 0 
0 12.3768 0 1 

1 0 0 0 
0 1 0 0 
0 0 1 0 
0 12.3768 0 1 

1 0 0 0 
0 1 0 0 
0 0 1 0 
0 12.3768 0 1 

1 0 0 0 
0 1 0 0 
0 0 1 0 
0 12.3768 0 1 

1 -5.23096e-010 1.4892e-008 0 
5.23096e-010 1 3.89497e-018 0 
-1.4892e-008 3.89497e-018 1 0 
0 12.3768 2.23517e-008 1 

1 -5.23096e-010 1.4892e-008 0 
5.23096e-010 1 1.01542e-015 0 
-1.4892e-008 -1.00763e-015 1 0 
0 12.3768 2.98023e-008 1 

1 -5.23096e-010 1.4892e-008 0 
5.23096e-010 1 1.01542e-015 0 
-1.4892e-008 -1.00763e-015 1 0 
0 12.3768 2.98023e-008 1 

1 -5.23096e-010 1.4892e-008 0 
5.23096e-010 1 1.01542e-015 0 
-1.4892e-008 -1.00763e-015 1 0 
0 12.3768 0 1 

1.45833
1 0 0 0 
0 1 0 0 
0 0 1 0 
0 12.3768 0 1 

1 0 0 0 
0 1 0 0 
0 0 1 0 
0 12.3768 0 1 

1 0 0 0 
0 1 0 0 
0 0 1 0 
0 12.3768 -1.49012e-008 1 

1 0 0 0 
0 1 0 0 
0 0 1 0 
0 12.3768 -2.98023e-008 1 

1 0 0 0 
0 1 0 0 
0 0 1 0 
0 12.3768 -1.49012e-008 1 

1 2.01944e-010 -7.24651e-019 0 
-2.01944e-010 1 -7.17675e-009 0 
-7.24651e-019 7.17675e-009 1 0 
0 12.3768 1.49012e-007 1 

1 2.01944e-010 -7.24651e-019 0 
-2.01944e-010 1 -7.17675e-009 0 
-7.24651e-019 7.17675e-009 1 0 
0 12.3768 1.78814e-007 1 

1 2.01944e-010 -7.24651e-019 0 
-2.01944e-010 1 -7.17675e-009 0 
-7.24651e-019 7.17675e-009 1 0 
0 12.3768 1.19209e-007 1 

1 0 0 0 
0 1 0 0 
0 0 1 0 
0 12.3768 1.49012e-008 1 

1 0 -1.66898e-015 0 
0 1 0 0 
1.66898e-015 0 1 0 
0 12.3768 0 1 

1 0 -1.66898e-015 0 
0 1 0 0 
1.66898e-015 0 1 0 
9.53674e-007 12.3768 0 1 

1 0 0 0 
0 1 0 0 
0 0 1 0 
0 12.3768 0 1 

1 0 0 0 
0 1 0 0 
0 0 1 0 
0 12.3768 0 1 

1 0 0 0 
0 1 0 0 
0 0 1 0 
0 12.3768 0 1 

1 0 0 0 
0 1 0 0 
0 0 1 0 
0 12.3768 0 1 

1 -5.23096e-010 1.4892e-008 0 
5.23096e-010 1 3.89497e-018 0 
-1.4892e-008 3.89497e-018 1 0 
0 12.3768 2.23517e-008 1 

1 -5.23096e-010 1.4892e-008 0 
5.23096e-010 1 1.01542e-015 0 
-1.4892e-008 -1.00763e-015 1 0 
0 12.3768 2.98023e-008 1 

1 -5.23096e-010 1.4892e-008 0 
5.23096e-010 1 1.01542e-015 0 
-1.4892e-008 -1.00763e-015 1 0 
0 12.3768 2.98023e-008 1 

1 -5.23096e-010 1.4892e-008 0 
5.23096e-010 1 1.01542e-015 0 
-1.4892e-008 -1.00763e-015 1 0 
0 12.3768 0 1 

CLIPNAME#walking
11

1.66667
1 0 0 0 
0 1 0 0 
0 0 1 0 
0 12.3768 0 1 

1 0 0 0 
0 1 0 0 
0 0 1 0 
0 12.3768 0 1 

1 0 0 0 
0 1 0 0 
0 0 1 0 
0 12.3768 -1.49012e-008 1 

1 0 0 0 
0 1 0 0 
0 0 1 0 
0 12.3768 -2.98023e-008 1 

1 0 0 0 
0 1 0 0 
0 0 1 0 
0 12.3768 -1.49012e-008 1 

1 2.01944e-010 -7.24651e-019 0 
-2.01944e-010 1 -7.17675e-009 0 
-7.24651e-019 7.17675e-009 1 0 
0 12.3768 1.49012e-007 1 

1 2.01944e-010 -7.24651e-019 0 
-2.01944e-010 1 -7.17675e-009 0 
-7.24651e-019 7.17675e-009 1 0 
0 12.3768 1.78814e-007 1 

1 2.01944e-010 -7.24651e-019 0 
-2.01944e-010 1 -7.17675e-009 0 
-7.24651e-019 7.17675e-009 1 0 
0 12.3768 1.19209e-007 1 

1 0 0 0 
0 1 0 0 
0 0 1 0 
0 12.3768 1.49012e-008 1 

1 0 -1.66898e-015 0 
0 1 0 0 
1.66898e-015 0 1 0 
0 12.3768 0 1 

1 0 -1.66898e-015 0 
0 1 0 0 
1.66898e-015 0 1 0 
9.53674e-007 12.3768 0 1 

1 0 0 0 
0 1 0 0 
0 0 1 0 
0 12.3768 0 1 

1 0 0 0 
0 1 0 0 
0 0 1 0 
0 12.3768 0 1 

1 0 0 0 
0 1 0 0 
0 0 1 0 
0 12.3768 0 1 

1 0 0 0 
0 1 0 0 
0 0 1 0 
0 12.3768 0 1 

1 -5.23096e-010 1.4892e-008 0 
5.23096e-010 1 3.89497e-018 0 
-1.4892e-008 3.89497e-018 1 0 
0 12.3768 2.23517e-008 1 

1 -5.23096e-010 1.4892e-008 0 
5.23096e-010 1 1.01542e-015 0 
-1.4892e-008 -1.00763e-015 1 0 
0 12.3768 2.98023e-008 1 

1 -5.23096e-010 1.4892e-008 0 
5.23096e-010 1 1.01542e-015 0 
-1.4892e-008 -1.00763e-015 1 0 
0 12.3768 2.98023e-008 1 

1 -5.23096e-010 1.4892e-008 0 
5.23096e-010 1 1.01542e-015 0 
-1.4892e-008 -1.00763e-015 1 0 
0 12.3768 0 1 

1.70833
1 0 0 0 
0 1 0 0 
0 0 1 0 
0 12.3768 0 1 

1 0 0 0 
0 1 0 0 
0 0 1 0 
0 12.3768 0 1 

1 0 0 0 
0 1 0 0 
0 0 1 0 
0 12.3768 -1.49012e-008 1 

1 0 0 0 
0 1 0 0 
0 0 1 0 
0 12.3768 -2.98023e-008 1 

1 0 0 0 
0 1 0 0 
0 0 1 0 
0 12.3768 -1.49012e-008 1 

1 2.01944e-010 -7.24651e-019 0 
-2.01944e-010 1 -7.17675e-009 0 
-7.24651e-019 7.17675e-009 1 0 
0 12.3768 1.49012e-007 1 

1 2.01944e-010 -7.24651e-019 0 
-2.01944e-010 1 -7.17675e-009 0 
-7.24651e-019 7.17675e-009 1 0 
0 12.3768 1.78814e-007 1 

1 2.01944e-010 -7.24651e-019 0 
-2.01944e-010 1 -7.17675e-009 0 
-7.24651e-019 7.17675e-009 1 0 
0 12.3768 1.19209e-007 1 

1 0 0 0 
0 1 0 0 
0 0 1 0 
0 12.3768 1.49012e-008 1 

1 0 -1.66898e-015 0 
0 1 0 0 
1.66898e-015 0 1 0 
0 12.3768 0 1 

1 0 -1.66898e-015 0 
0 1 0 0 
1.66898e-015 0 1 0 
9.53674e-007 12.3768 0 1 

1 0 0 0 
0 1 0 0 
0 0 1 0 
0 12.3768 0 1 

1 0 0 0 
0 1 0 0 
0 0 1 0 
0 12.3768 0 1 

1 0 0 0 
0 1 0 0 
0 0 1 0 
0 12.3768 0 1 

1 0 0 0 
0 1 0 0 
0 0 1 0 
0 12.3768 0 1 

1 -5.23096e-010 1.4892e-008 0 
5.23096e-010 1 3.89497e-018 0 
-1.4892e-008 3.89497e-018 1 0 
0 12.3768 2.23517e-008 1 

1 -5.23096e-010 1.4892e-008 0 
5.23096e-010 1 1.01542e-015 0 
-1.4892e-008 -1.00763e-015 1 0 
0 12.3768 2.98023e-008 1 

1 -5.23096e-010 1.4892e-008 0 
5.23096e-010 1 1.01542e-015 0 
-1.4892e-008 -1.00763e-015 1 0 
0 12.3768 2.98023e-008 1 

1 -5.23096e-010 1.4892e-008 0 
5.23096e-010 1 1.01542e-015 0 
-1.4892e-008 -1.00763e-015 1 0 
0 12.3768 0 1 

1.75
1 0 0 0 
0 1 0 0 
0 0 1 0 
0 12.3768 0 1 

1 0 0 0 
0 1 0 0 
0 0 1 0 
0 12.3768 0 1 

1 0 0 0 
0 1 0 0 
0 0 1 0 
0 12.3768 -1.49012e-008 1 

1 0 0 0 
0 1 0 0 
0 0 1 0 
0 12.3768 -2.98023e-008 1 

1 0 0 0 
0 1 0 0 
0 0 1 0 
0 12.3768 -1.49012e-008 1 

1 2.01944e-010 -7.24651e-019 0 
-2.01944e-010 1 -7.17675e-009 0 
-7.24651e-019 7.17675e-009 1 0 
0 12.3768 1.49012e-007 1 

1 2.01944e-010 -7.24651e-019 0 
-2.01944e-010 1 -7.17675e-009 0 
-7.24651e-019 7.17675e-009 1 0 
0 12.3768 1.78814e-007 1 

1 2.01944e-010 -7.24651e-019 0 
-2.01944e-010 1 -7.17675e-009 0 
-7.24651e-019 7.17675e-009 1 0 
0 12.3768 1.19209e-007 1 

1 0 0 0 
0 1 0 0 
0 0 1 0 
0 12.3768 1.49012e-008 1 

1 0 -1.66898e-015 0 
0 1 0 0 
1.66898e-015 0 1 0 
0 12.3768 0 1 

1 0 -1.66898e-015 0 
0 1 0 0 
1.66898e-015 0 1 0 
9.53674e-007 12.3768 0 1 

1 0 0 0 
0 1 0 0 
0 0 1 0 
0 12.3768 0 1 

1 0 0 0 
0 1 0 0 
0 0 1 0 
0 12.3768 0 1 

1 0 0 0 
0 1 0 0 
0 0 1 0 
0 12.3768 0 1 

1 0 0 0 
0 1 0 0 
0 0 1 0 
0 12.3768 0 1 

1 -5.23096e-010 1.4892e-008 0 
5.23096e-010 1 3.89497e-018 0 
-1.4892e-008 3.89497e-018 1 0 
0 12.3768 2.23517e-008 1 

1 -5.23096e-010 1.4892e-008 0 
5.23096e-010 1 1.01542e-015 0 
-1.4892e-008 -1.00763e-015 1 0 
0 12.3768 2.98023e-008 1 

1 -5.23096e-010 1.4892e-008 0 
5.23096e-010 1 1.01542e-015 0 
-1.4892e-008 -1.00763e-015 1 0 
0 12.3768 2.98023e-008 1 

1 -5.23096e-010 1.4892e-008 0 
5.23096e-010 1 1.01542e-015 0 
-1.4892e-008 -1.00763e-015 1 0 
0 12.3768 0 1 

1.79167
1 0 0 0 
0 1 0 0 
0 0 1 0 
0 12.3768 0 1 

1 0 0 0 
0 1 0 0 
0 0 1 0 
0 12.3768 0 1 

1 0 0 0 
0 1 0 0 
0 0 1 0 
0 12.3768 -1.49012e-008 1 

1 0 0 0 
0 1 0 0 
0 0 1 0 
0 12.3768 -2.98023e-008 1 

1 0 0 0 
0 1 0 0 
0 0 1 0 
0 12.3768 -1.49012e-008 1 

1 2.01944e-010 -7.24651e-019 0 
-2.01944e-010 1 -7.17675e-009 0 
-7.24651e-019 7.17675e-009 1 0 
0 12.3768 1.49012e-007 1 

1 2.01944e-010 -7.24651e-019 0 
-2.01944e-010 1 -7.17675e-009 0 
-7.24651e-019 7.17675e-009 1 0 
0 12.3768 1.78814e-007 1 

1 2.01944e-010 -7.24651e-019 0 
-2.01944e-010 1 -7.17675e-009 0 
-7.24651e-019 7.17675e-009 1 0 
0 12.3768 1.19209e-007 1 

1 0 0 0 
0 1 0 0 
0 0 1 0 
0 12.3768 1.49012e-008 1 

1 0 -1.66898e-015 0 
0 1 0 0 
1.66898e-015 0 1 0 
0 12.3768 0 1 

1 0 -1.66898e-015 0 
0 1 0 0 
1.66898e-015 0 1 0 
9.53674e-007 12.3768 0 1 

1 0 0 0 
0 1 0 0 
0 0 1 0 
0 12.3768 0 1 

1 0 0 0 
0 1 0 0 
0 0 1 0 
0 12.3768 0 1 

1 0 0 0 
0 1 0 0 
0 0 1 0 
0 12.3768 0 1 

1 0 0 0 
0 1 0 0 
0 0 1 0 
0 12.3768 0 1 

1 -5.23096e-010 1.4892e-008 0 
5.23096e-010 1 3.89497e-018 0 
-1.4892e-008 3.89497e-018 1 0 
0 12.3768 2.23517e-008 1 

1 -5.23096e-010 1.4892e-008 0 
5.23096e-010 1 1.01542e-015 0 
-1.4892e-008 -1.00763e-015 1 0 
0 12.3768 2.98023e-008 1 

1 -5.23096e-010 1.4892e-008 0 
5.23096e-010 1 1.01542e-015 0 
-1.4892e-008 -1.00763e-015 1 0 
0 12.3768 2.98023e-008 1 

1 -5.23096e-010 1.4892e-008 0 
5.23096e-010 1 1.01542e-015 0 
-1.4892e-008 -1.00763e-015 1 0 
0 12.3768 0 1 

1.83333
1 0 0 0 
0 1 0 0 
0 0 1 0 
0 12.3768 0 1 

1 0 0 0 
0 1 0 0 
0 0 1 0 
0 12.3768 0 1 

1 0 0 0 
0 1 0 0 
0 0 1 0 
0 12.3768 -1.49012e-008 1 

1 0 0 0 
0 1 0 0 
0 0 1 0 
0 12.3768 -2.98023e-008 1 

1 0 0 0 
0 1 0 0 
0 0 1 0 
0 12.3768 -1.49012e-008 1 

1 2.01944e-010 -7.24651e-019 0 
-2.01944e-010 1 -7.17675e-009 0 
-7.24651e-019 7.17675e-009 1 0 
0 12.3768 1.49012e-007 1 

1 2.01944e-010 -7.24651e-019 0 
-2.01944e-010 1 -7.17675e-009 0 
-7.24651e-019 7.17675e-009 1 0 
0 12.3768 1.78814e-007 1 

1 2.01944e-010 -7.24651e-019 0 
-2.01944e-010 1 -7.17675e-009 0 
-7.24651e-019 7.17675e-009 1 0 
0 12.3768 1.19209e-007 1 

1 0 0 0 
0 1 0 0 
0 0 1 0 
0 12.3768 1.49012e-008 1 

1 0 -1.66898e-015 0 
0 1 0 0 
1.66898e-015 0 1 0 
0 12.3768 0 1 

1 0 -1.66898e-015 0 
0 1 0 0 
1.66898e-015 0 1 0 
9.53674e-007 12.3768 0 1 

1 0 0 0 
0 1 0 0 
0 0 1 0 
0 12.3768 0 1 

1 0 0 0 
0 1 0 0 
0 0 1 0 
0 12.3768 0 1 

1 0 0 0 
0 1 0 0 
0 0 1 0 
0 12.3768 0 1 

1 0 0 0 
0 1 0 0 
0 0 1 0 
0 12.3768 0 1 

1 -5.23096e-010 1.4892e-008 0 
5.23096e-010 1 3.89497e-018 0 
-1.4892e-008 3.89497e-018 1 0 
0 12.3768 2.23517e-008 1 

1 -5.23096e-010 1.4892e-008 0 
5.23096e-010 1 1.01542e-015 0 
-1.4892e-008 -1.00763e-015 1 0 
0 12.3768 2.98023e-008 1 

1 -5.23096e-010 1.4892e-008 0 
5.23096e-010 1 1.01542e-015 0 
-1.4892e-008 -1.00763e-015 1 0 
0 12.3768 2.98023e-008 1 

1 -5.23096e-010 1.4892e-008 0 
5.23096e-010 1 1.01542e-015 0 
-1.4892e-008 -1.00763e-015 1 0 
0 12.3768 0 1 

1.875
1 0 0 0 
0 1 0 0 
0 0 1 0 
0 12.3768 0 1 

1 0 0 0 
0 1 0 0 
0 0 1 0 
0 12.3768 0 1 

1 0 0 0 
0 1 0 0 
0 0 1 0 
0 12.3768 -1.49012e-008 1 

1 0 0 0 
0 1 0 0 
0 0 1 0 
0 12.3768 -2.98023e-008 1 

1 0 0 0 
0 1 0 0 
0 0 1 0 
0 12.3768 -1.49012e-008 1 

1 2.01944e-010 -7.24651e-019 0 
-2.01944e-010 1 -7.17675e-009 0 
-7.24651e-019 7.17675e-009 1 0 
0 12.3768 1.49012e-007 1 

1 2.01944e-010 -7.24651e-019 0 
-2.01944e-010 1 -7.17675e-009 0 
-7.24651e-019 7.17675e-009 1 0 
0 12.3768 1.78814e-007 1 

1 2.01944e-010 -7.24651e-019 0 
-2.01944e-010 1 -7.17675e-009 0 
-7.24651e-019 7.17675e-009 1 0 
0 12.3768 1.19209e-007 1 

1 0 0 0 
0 1 0 0 
0 0 1 0 
0 12.3768 1.49012e-008 1 

1 0 -1.66898e-015 0 
0 1 0 0 
1.66898e-015 0 1 0 
0 12.3768 0 1 

1 0 -1.66898e-015 0 
0 1 0 0 
1.66898e-015 0 1 0 
9.53674e-007 12.3768 0 1 

1 0 0 0 
0 1 0 0 
0 0 1 0 
0 12.3768 0 1 

1 0 0 0 
0 1 0 0 
0 0 1 0 
0 12.3768 0 1 

1 0 0 0 
0 1 0 0 
0 0 1 0 
0 12.3768 0 1 

1 0 0 0 
0 1 0 0 
0 0 1 0 
0 12.3768 0 1 

1 -5.23096e-010 1.4892e-008 0 
5.23096e-010 1 3.89497e-018 0 
-1.4892e-008 3.89497e-018 1 0 
0 12.3768 2.23517e-008 1 

1 -5.23096e-010 1.4892e-008 0 
5.23096e-010 1 1.01542e-015 0 
-1.4892e-008 -1.00763e-015 1 0 
0 12.3768 2.98023e-008 1 

1 -5.23096e-010 1.4892e-008 0 
5.23096e-010 1 1.01542e-015 0 
-1.4892e-008 -1.00763e-015 1 0 
0 12.3768 2.98023e-008 1 

1 -5.23096e-010 1.4892e-008 0 
5.23096e-010 1 1.01542e-015 0 
-1.4892e-008 -1.00763e-015 1 0 
0 12.3768 0 1 

1.91667
1 0 0 0 
0 1 0 0 
0 0 1 0 
0 12.3768 0 1 

1 0 0 0 
0 1 0 0 
0 0 1 0 
0 12.3768 0 1 

1 0 0 0 
0 1 0 0 
0 0 1 0 
0 12.3768 -1.49012e-008 1 

1 0 0 0 
0 1 0 0 
0 0 1 0 
0 12.3768 -2.98023e-008 1 

1 0 0 0 
0 1 0 0 
0 0 1 0 
0 12.3768 -1.49012e-008 1 

1 2.01944e-010 -7.24651e-019 0 
-2.01944e-010 1 -7.17675e-009 0 
-7.24651e-019 7.17675e-009 1 0 
0 12.3768 1.49012e-007 1 

1 2.01944e-010 -7.24651e-019 0 
-2.01944e-010 1 -7.17675e-009 0 
-7.24651e-019 7.17675e-009 1 0 
0 12.3768 1.78814e-007 1 

1 2.01944e-010 -7.24651e-019 0 
-2.01944e-010 1 -7.17675e-009 0 
-7.24651e-019 7.17675e-009 1 0 
0 12.3768 1.19209e-007 1 

1 0 0 0 
0 1 0 0 
0 0 1 0 
0 12.3768 1.49012e-008 1 

1 0 -1.66898e-015 0 
0 1 0 0 
1.66898e-015 0 1 0 
0 12.3768 0 1 

1 0 -1.66898e-015 0 
0 1 0 0 
1.66898e-015 0 1 0 
9.53674e-007 12.3768 0 1 

1 0 0 0 
0 1 0 0 
0 0 1 0 
0 12.3768 0 1 

1 0 0 0 
0 1 0 0 
0 0 1 0 
0 12.3768 0 1 

1 0 0 0 
0 1 0 0 
0 0 1 0 
0 12.3768 0 1 

1 0 0 0 
0 1 0 0 
0 0 1 0 
0 12.3768 0 1 

1 -5.23096e-010 1.4892e-008 0 
5.23096e-010 1 3.89497e-018 0 
-1.4892e-008 3.89497e-018 1 0 
0 12.3768 2.23517e-008 1 

1 -5.23096e-010 1.4892e-008 0 
5.23096e-010 1 1.01542e-015 0 
-1.4892e-008 -1.00763e-015 1 0 
0 12.3768 2.98023e-008 1 

1 -5.23096e-010 1.4892e-008 0 
5.23096e-010 1 1.01542e-015 0 
-1.4892e-008 -1.00763e-015 1 0 
0 12.3768 2.98023e-008 1 

1 -5.23096e-010 1.4892e-008 0 
5.23096e-010 1 1.01542e-015 0 
-1.4892e-008 -1.00763e-015 1 0 
0 12.3768 0 1 

1.95833
1 0 0 0 
0 1 0 0 
0 0 1 0 
0 12.3768 0 1 

1 0 0 0 
0 1 0 0 
0 0 1 0 
0 12.3768 0 1 

1 0 0 0 
0 1 0 0 
0 0 1 0 
0 12.3768 -1.49012e-008 1 

1 0 0 0 
0 1 0 0 
0 0 1 0 
0 12.3768 -2.98023e-008 1 

1 0 0 0 
0 1 0 0 
0 0 1 0 
0 12.3768 -1.49012e-008 1 

1 2.01944e-010 -7.24651e-019 0 
-2.01944e-010 1 -7.17675e-009 0 
-7.24651e-019 7.17675e-009 1 0 
0 12.3768 1.49012e-007 1 

1 2.01944e-010 -7.24651e-019 0 
-2.01944e-010 1 -7.17675e-009 0 
-7.24651e-019 7.17675e-009 1 0 
0 12.3768 1.78814e-007 1 

1 2.01944e-010 -7.24651e-019 0 
-2.01944e-010 1 -7.17675e-009 0 
-7.24651e-019 7.17675e-009 1 0 
0 12.3768 1.19209e-007 1 

1 0 0 0 
0 1 0 0 
0 0 1 0 
0 12.3768 1.49012e-008 1 

1 0 -1.66898e-015 0 
0 1 0 0 
1.66898e-015 0 1 0 
0 12.3768 0 1 

1 0 -1.66898e-015 0 
0 1 0 0 
1.66898e-015 0 1 0 
9.53674e-007 12.3768 0 1 

1 0 0 0 
0 1 0 0 
0 0 1 0 
0 12.3768 0 1 

1 0 0 0 
0 1 0 0 
0 0 1 0 
0 12.3768 0 1 

1 0 0 0 
0 1 0 0 
0 0 1 0 
0 12.3768 0 1 

1 0 0 0 
0 1 0 0 
0 0 1 0 
0 12.3768 0 1 

1 -5.23096e-010 1.4892e-008 0 
5.23096e-010 1 3.89497e-018 0 
-1.4892e-008 3.89497e-018 1 0 
0 12.3768 2.23517e-008 1 

1 -5.23096e-010 1.4892e-008 0 
5.23096e-010 1 1.01542e-015 0 
-1.4892e-008 -1.00763e-015 1 0 
0 12.3768 2.98023e-008 1 

1 -5.23096e-010 1.4892e-008 0 
5.23096e-010 1 1.01542e-015 0 
-1.4892e-008 -1.00763e-015 1 0 
0 12.3768 2.98023e-008 1 

1 -5.23096e-010 1.4892e-008 0 
5.23096e-010 1 1.01542e-015 0 
-1.4892e-008 -1.00763e-015 1 0 
0 12.3768 0 1 

2
1 0 0 0 
0 1 0 0 
0 0 1 0 
0 12.3768 0 1 

1 0 0 0 
0 1 0 0 
0 0 1 0 
0 12.3768 0 1 

1 0 0 0 
0 1 0 0 
0 0 1 0 
0 12.3768 -1.49012e-008 1 
