1
BAKED_SKELETAL

19

CLIPNAME#walking
21

0.416667
1 0 0 0 
0 1 0 0 
0 0 1 0 
0 0 0 1 

1 0 0 0 
0 1 0 0 
0 0 1 0 
0 0 0 1 

1 0 0 0 
0 1 0 0 
0 0 1 0 
0 0 -1.49012e-008 1 

1 0 0 0 
0 1 0 0 
0 0 1 0 
0 -1.90735e-006 -2.98023e-008 1 

1 0 0 0 
0 1 0 0 
0 0 1 0 
0 0 -1.49012e-008 1 

0.228023 -0.718872 -0.65668 0 
0.971195 0.215848 0.100944 0 
0.0691772 -0.660782 0.747383 0 
-16.7015 16.734 -0.340479 1 

0.157062 -0.898447 0.410031 0 
0.971195 0.215848 0.100944 0 
-0.179197 0.382366 0.906468 0 
-16.3889 18.9501 -8.0861 1 

0.157062 -0.898447 0.410031 0 
0.971195 0.215848 0.100944 0 
-0.179197 0.382366 0.906468 0 
-16.3889 18.9501 -8.0861 1 

0.273121 0.957439 0.093359 0 
-0.949936 0.25312 0.183173 0 
0.151746 -0.138714 0.978638 0 
16.6514 17.0691 -3.33259 1 

-0.0631819 0.418525 -0.906005 0 
-0.949936 0.25312 0.183173 0 
0.305991 0.87222 0.381579 0 
14.2644 13.7294 -11.0968 1 

-0.0631819 0.418525 -0.906005 0 
-0.949936 0.25312 0.183173 0 
0.305991 0.87222 0.381579 0 
14.2644 13.7294 -11.0968 1 

0.996029 -0.0178823 -0.0872161 0 
-0.0257519 0.87988 -0.474498 0 
0.0852248 0.47486 0.875925 0 
0.324139 1.50292 6.17033 1 

0.996029 -0.0178823 -0.0872161 0 
0.0268508 0.994343 0.102768 0 
0.084885 -0.104702 0.990874 0 
-0.00854337 0.876082 2.49955 1 

0.996029 -0.0178823 -0.0872161 0 
0.0459589 0.942278 0.331662 0 
0.0762509 -0.334354 0.939358 0 
-0.0394751 0.886953 2.14407 1 

0.996029 -0.0178823 -0.0872161 0 
0.0459589 0.942278 0.331662 0 
0.0762509 -0.334354 0.939358 0 
-0.039475 0.886953 2.14407 1 

0.99992 0.0040731 -0.0119553 0 
-0.0037598 0.999652 0.0261124 0 
0.0120575 -0.0260654 0.999587 0 
0.046245 0.0136051 -0.349758 1 

0.99992 0.0040731 -0.0119553 0 
0.00395267 0.798105 0.602505 0 
0.0119956 -0.602505 0.798025 0 
-0.00252998 1.38517 -3.96194 1 

0.936433 0.264834 0.230121 0 
-0.323568 0.905472 0.274635 0 
-0.135636 -0.331637 0.933606 0 
0.340264 1.72155 -3.04717 1 

0.936433 0.264834 0.230121 0 
-0.323568 0.905472 0.274635 0 
-0.135636 -0.331637 0.933606 0 
0.340264 1.72155 -3.04717 1 

0.458333
1 0 0 0 
0 1 0 0 
0 0 1 0 
0 -0.0817842 0 1 

1 0 0 0 
0 1 0 0 
0 0 1 0 
0 -0.0817842 0 1 

1 0 0 0 
0 1 0 0 
0 0 1 0 
0 -0.0817852 -1.49012e-008 1 

1 0 0 0 
0 1 0 0 
0 0 1 0 
0 -0.0817852 -2.98023e-008 1 

1 0 0 0 
0 1 0 0 
0 0 1 0 
0 -0.0817871 -1.49012e-008 1 

0.209559 -0.726718 -0.654191 0 
0.976579 0.188928 0.102956 0 
0.0487748 -0.660445 0.749289 0 
-16.7651 17.1917 -0.385019 1 

0.124607 -0.886716 0.445204 0 
0.976579 0.188928 0.102956 0 
-0.175405 0.421948 0.88949 0 
-16.3286 19.2966 -8.38822 1 

0.124607 -0.886716 0.445204 0 
0.976579 0.188928 0.102956 0 
-0.175405 0.421948 0.88949 0 
-16.3286 19.2966 -8.38822 1 

0.255011 0.963966 0.0757592 0 
-0.953604 0.237754 0.184698 0 
0.16003 -0.119344 0.979871 0 
16.677 17.3085 -3.40849 1 

-0.0436719 0.497754 -0.866218 0 
-0.953604 0.237754 0.184698 0 
0.297881 0.834095 0.464277 0 
14.5575 14.4694 -10.6969 1 

-0.0436719 0.497754 -0.866218 0 
-0.953604 0.237754 0.184698 0 
0.297881 0.834095 0.464277 0 
14.5575 14.4694 -10.6969 1 

0.99611 -0.0167866 -0.0865077 0 
-0.0274049 0.873998 -0.485156 0 
0.0837517 0.48564 0.870138 0 
0.345083 1.49264 6.30467 1 

0.99611 -0.0167866 -0.0865077 0 
0.0291598 0.989174 0.143819 0 
0.0831569 -0.145783 0.985816 0 
-0.0126178 0.869984 2.30668 1 

0.99611 -0.0167866 -0.0865077 0 
0.0469505 0.931848 0.359798 0 
0.0745722 -0.36246 0.929011 0 
-0.0415751 0.892444 1.96889 1 

0.99611 -0.0167866 -0.0865077 0 
0.0469505 0.931848 0.359798 0 
0.0745722 -0.36246 0.929011 0 
-0.0415752 0.892444 1.96889 1 

0.99992 0.00396142 -0.0120469 0 
-0.0040864 0.999938 -0.0103669 0 
0.0120051 0.0104153 0.999874 0 
0.0503849 -0.0757217 0.111994 1 

0.99992 0.00396142 -0.0120469 0 
0.00438905 0.783144 0.621825 0 
0.0118978 -0.621827 0.783064 0 
-0.00320864 1.40164 -3.85058 1 

0.935678 0.252807 0.24616 0 
-0.322337 0.8962 0.304834 0 
-0.143544 -0.364573 0.920044 0 
0.334932 1.70653 -2.92577 1 

0.935678 0.252807 0.24616 0 
-0.322337 0.8962 0.304834 0 
-0.143544 -0.364573 0.920044 0 
0.334931 1.70653 -2.92577 1 

0.5
1 0 0 0 
0 1 0 0 
0 0 1 0 
0 -0.261709 0 1 

1 0 0 0 
0 1 0 0 
0 0 1 0 
0 -0.261709 0 1 

1 0 0 0 
0 1 0 0 
0 0 1 0 
0 -0.261709 -1.49012e-008 1 

1 0 0 0 
0 1 0 0 
0 0 1 0 
0 -0.261711 -2.98023e-008 1 

1 0 0 0 
0 1 0 0 
0 0 1 0 
0 -0.261711 -1.49012e-008 1 

0.199595 -0.745466 -0.635957 0 
0.979424 0.171538 0.106315 0 
0.0298363 -0.644092 0.764366 0 
-16.8012 17.4018 -0.491361 1 

0.091074 -0.8458 0.525669 0 
0.979424 0.171538 0.106315 0 
-0.180094 0.50517 0.84402 0 
-16.1784 19.1228 -9.00597 1 

0.091074 -0.8458 0.525669 0 
0.979424 0.171538 0.106315 0 
-0.180094 0.50517 0.84402 0 
-16.1784 19.1228 -9.00596 1 

0.245055 0.96584 0.0842653 0 
-0.956055 0.226311 0.186393 0 
0.160956 -0.126239 0.978855 0 
16.6988 17.3553 -3.41934 1 

-0.0248284 0.570968 -0.820597 0 
-0.956055 0.226311 0.186393 0 
0.292134 0.789164 0.540257 0 
14.7879 15.0193 -10.3846 1 

-0.0248284 0.570968 -0.820597 0 
-0.956055 0.226311 0.186393 0 
0.292134 0.789164 0.540257 0 
14.7879 15.0193 -10.3846 1 

0.99631 -0.0137783 -0.0847178 0 
-0.0304462 0.866113 -0.49892 0 
0.0802495 0.499658 0.862497 0 
0.383612 1.40598 6.47668 1 

0.99631 -0.0137783 -0.0847178 0 
0.0334872 0.971208 0.235866 0 
0.0790289 -0.237833 0.968086 0 
-0.020595 0.864876 1.81108 1 

0.99631 -0.0137783 -0.0847178 0 
0.0480672 0.907301 0.417725 0 
0.0711091 -0.420256 0.904615 0 
-0.0445828 0.907059 1.52211 1 

0.99631 -0.0137783 -0.0847178 0 
0.0480672 0.907301 0.417725 0 
0.0711091 -0.420256 0.904615 0 
-0.0445828 0.90706 1.52211 1 

0.999918 0.00361759 -0.0122908 0 
-0.00477275 0.995438 -0.0952969 0 
0.01189 0.0953477 0.995373 0 
0.059085 -0.207923 1.18751 1 

0.999918 0.00361759 -0.0122908 0 
0.00530905 0.75608 0.654458 0 
0.0116604 -0.65447 0.755998 0 
-0.00464904 1.43189 -3.51493 1 

0.934924 0.232319 0.268224 0 
-0.321553 0.874335 0.363514 0 
-0.150066 -0.426106 0.89214 0 
0.330667 1.68841 -2.59338 1 

0.934924 0.232319 0.268224 0 
-0.321553 0.874335 0.363514 0 
-0.150066 -0.426106 0.89214 0 
0.330667 1.68841 -2.59338 1 

0.541667
1 0 0 0 
0 1 0 0 
0 0 1 0 
0 -0.441634 0 1 

1 0 0 0 
0 1 0 0 
0 0 1 0 
0 -0.441634 0 1 

1 0 0 0 
0 1 0 0 
0 0 1 0 
0 -0.441633 -1.49012e-008 1 

1 0 0 0 
0 1 0 0 
0 0 1 0 
0 -0.441637 -2.98023e-008 1 

1 0 0 0 
0 1 0 0 
0 0 1 0 
0 -0.441635 -1.49012e-008 1 

0.196443 -0.777944 -0.596836 0 
0.980445 0.163143 0.110056 0 
0.0117524 -0.606784 0.79478 0 
-16.8195 17.4818 -0.653405 1 

0.0579859 -0.773907 0.63064 0 
0.980445 0.163143 0.110056 0 
-0.188057 0.611926 0.768233 0 
-15.9669 18.4909 -9.74506 1 

0.0579859 -0.773907 0.63064 0 
0.980445 0.163143 0.110056 0 
-0.188057 0.611926 0.768233 0 
-15.9669 18.4909 -9.74506 1 

0.240894 0.964049 0.11216 0 
-0.958006 0.217667 0.186669 0 
0.155544 -0.152417 0.975999 0 
16.7247 17.3338 -3.35178 1 

-0.00520839 0.63767 -0.770292 0 
-0.958006 0.217667 0.186669 0 
0.2867 0.738917 0.609759 0 
14.9895 15.4886 -10.1054 1 

-0.00520839 0.63767 -0.770292 0 
-0.958006 0.217667 0.186669 0 
0.2867 0.738917 0.609759 0 
14.9895 15.4886 -10.1054 1 

0.99656 -0.00932662 -0.0823508 0 
-0.0326826 0.868898 -0.493912 0 
0.0761609 0.494904 0.865604 0 
0.411923 1.18367 6.4089 1 

0.99656 -0.00932662 -0.0823508 0 
0.0368136 0.940055 0.33903 0 
0.0742523 -0.340895 0.937164 0 
-0.0273563 0.873728 1.12811 1 

0.99656 -0.00932662 -0.0823508 0 
0.0473534 0.879559 0.473428 0 
0.0680169 -0.475699 0.876974 0 
-0.044845 0.924644 0.91071 1 

0.99656 -0.00932662 -0.0823508 0 
0.0473534 0.879559 0.473428 0 
0.0680169 -0.475699 0.876974 0 
-0.044845 0.924644 0.91071 1 

0.999915 0.00302069 -0.0126433 0 
-0.00546483 0.980184 -0.198013 0 
0.0117946 0.198066 0.980118 0 
0.0678546 -0.20619 2.48919 1 

0.999915 0.00302069 -0.0126433 0 
0.00623859 0.741781 0.670613 0 
0.0114043 -0.670635 0.7417 0 
-0.00611007 1.44752 -2.96534 1 

0.933912 0.214433 0.286053 0 
-0.321937 0.85236 0.412116 0 
-0.155448 -0.476971 0.865063 0 
0.328057 1.67771 -2.06666 1 

0.933912 0.214433 0.286053 0 
-0.321937 0.85236 0.412116 0 
-0.155448 -0.476971 0.865063 0 
0.328057 1.67771 -2.06666 1 

0.583333
1 0 0 0 
0 1 0 0 
0 0 1 0 
0 -0.523417 0 1 

1 0 0 0 
0 1 0 0 
0 0 1 0 
0 -0.523417 0 1 

1 0 0 0 
0 1 0 0 
0 0 1 0 
0 -0.523417 -1.49012e-008 1 

1 0 0 0 
0 1 0 0 
0 0 1 0 
0 -0.52342 -2.98023e-008 1 

1 0 0 0 
0 1 0 0 
0 0 1 0 
0 -0.523418 -1.49012e-008 1 

0.198513 -0.82353 -0.531405 0 
0.980077 0.163179 0.113236 0 
-0.00653917 -0.543297 0.839515 0 
-16.8246 17.5411 -0.867423 1 

0.0268461 -0.673716 0.738503 0 
0.980077 0.163179 0.113236 0 
-0.196798 0.720749 0.664674 0 
-15.7185 17.5118 -10.399 1 

0.0268461 -0.673716 0.738503 0 
0.980077 0.163179 0.113236 0 
-0.196798 0.720749 0.664674 0 
-15.7185 17.5118 -10.399 1 

0.240226 0.958697 0.152285 0 
-0.959883 0.211232 0.184406 0 
0.144622 -0.190475 0.970981 0 
16.7573 17.3554 -3.20287 1 

0.0161039 0.698095 -0.715824 0 
-0.959883 0.211232 0.184406 0 
0.279937 0.684138 0.673491 0 
15.1871 15.9856 -9.80682 1 

0.0161039 0.698095 -0.715824 0 
-0.959883 0.211232 0.184406 0 
0.279937 0.684138 0.673491 0 
15.1871 15.9856 -9.80681 1 

0.996804 -0.00399744 -0.0797826 0 
-0.0330362 0.888708 -0.457282 0 
0.0727314 0.458456 0.885736 0 
0.416334 0.845657 5.93861 1 

0.996804 -0.00399744 -0.0797826 0 
0.0375868 0.904752 0.424277 0 
0.0704875 -0.42592 0.902011 0 
-0.0300163 0.892484 0.359565 1 

0.996804 -0.00399744 -0.0797826 0 
0.0439292 0.861601 0.505681 0 
0.0667194 -0.50757 0.859024 0 
-0.0405447 0.933007 0.225992 1 

0.996804 -0.00399744 -0.0797826 0 
0.0439292 0.861601 0.505681 0 
0.0667194 -0.50757 0.859024 0 
-0.0405447 0.933007 0.225992 1 

0.999912 0.00217284 -0.0130677 0 
-0.00595153 0.954981 -0.296609 0 
0.0118349 0.29666 0.95491 0 
0.0740082 0.019702 3.73958 1 

0.999912 0.00217284 -0.0130677 0 
0.0068849 0.757521 0.652775 0 
0.0113174 -0.652808 0.757439 0 
-0.00710213 1.42797 -2.23264 1 

0.932511 0.208591 0.29481 0 
-0.323907 0.844085 0.427322 0 
-0.159709 -0.493973 0.854683 0 
0.327508 1.67579 -1.37599 1 

0.932511 0.208591 0.29481 0 
-0.323907 0.844085 0.427322 0 
-0.159709 -0.493973 0.854683 0 
0.327508 1.67579 -1.37599 1 

0.625
1 0 0 0 
0 1 0 0 
0 0 1 0 
0 -0.484646 0 1 

1 0 0 0 
0 1 0 0 
0 0 1 0 
0 -0.484646 0 1 

1 0 0 0 
0 1 0 0 
0 0 1 0 
0 -0.484646 -1.49012e-008 1 

1 0 0 0 
0 1 0 0 
0 0 1 0 
0 -0.484648 -2.98023e-008 1 

1 0 0 0 
0 1 0 0 
0 0 1 0 
0 -0.484646 -1.49012e-008 1 

0.204128 -0.875378 -0.438229 0 
0.978597 0.170549 0.115156 0 
-0.0260661 -0.452356 0.891456 0 
-16.8179 17.606 -1.12628 1 

-0.000898745 -0.556046 0.831151 0 
0.978597 0.170549 0.115156 0 
-0.205784 0.813465 0.543992 0 
-15.4563 16.3258 -10.8011 1 

-0.000898745 -0.556046 0.831151 0 
0.978597 0.170549 0.115156 0 
-0.205784 0.813465 0.543992 0 
-15.4563 16.3258 -10.8011 1 

0.24145 0.950093 0.19755 0 
-0.961658 0.206976 0.179933 0 
0.130065 -0.23342 0.963638 0 
16.792 17.4454 -2.99779 1 

0.0387973 0.752153 -0.657846 0 
-0.961658 0.206976 0.179933 0 
0.271495 0.625641 0.731344 0 
15.3844 16.5288 -9.46634 1 

0.0387973 0.752153 -0.657846 0 
-0.961658 0.206976 0.179933 0 
0.271495 0.625641 0.731344 0 
15.3844 16.5288 -9.46634 1 

0.997015 0.0015109 -0.0771994 0 
-0.0316226 0.920105 -0.390392 0 
0.0704417 0.391668 0.917406 0 
0.398309 0.484281 5.08393 1 

0.997015 0.0015109 -0.0771994 0 
0.0359057 0.876062 0.48086 0 
0.068358 -0.482197 0.873392 0 
-0.0284925 0.909432 -0.419807 1 

0.997015 0.0015109 -0.0771994 0 
0.0380726 0.860199 0.508535 0 
0.0671752 -0.509956 0.857574 0 
-0.0320591 0.924982 -0.465566 1 

0.997015 0.0015109 -0.0771994 0 
0.0380726 0.860199 0.508535 0 
0.0671752 -0.509956 0.857574 0 
-0.0320591 0.924982 -0.465566 1 

0.999908 0.00114621 -0.0135465 0 
-0.00620335 0.925126 -0.37961 0 
0.0120971 0.379659 0.925048 0 
0.0771627 0.426357 4.7929 1 

0.999908 0.00114621 -0.0135465 0 
0.0071979 0.800682 0.599047 0 
0.0115331 -0.599089 0.8006 0 
-0.00751257 1.37767 -1.37673 1 

0.930755 0.216843 0.294405 0 
-0.32742 0.852688 0.407086 0 
-0.162762 -0.475291 0.864643 0 
0.329037 1.68161 -0.579421 1 

0.930755 0.216843 0.294405 0 
-0.32742 0.852688 0.407086 0 
-0.162762 -0.475291 0.864643 0 
0.329037 1.68161 -0.579421 1 

0.666667
1 0 0 0 
0 1 0 0 
0 0 1 0 
0 -0.387716 0 1 

1 0 0 0 
0 1 0 0 
0 0 1 0 
0 -0.387716 0 1 

1 0 0 0 
0 1 0 0 
0 0 1 0 
0 -0.387716 -1.49012e-008 1 

1 0 0 0 
0 1 0 0 
0 0 1 0 
0 -0.387718 -2.98023e-008 1 

1 0 0 0 
0 1 0 0 
0 0 1 0 
0 -0.387718 -1.49012e-008 1 

0.211673 -0.922238 -0.323531 0 
0.97619 0.183444 0.115766 0 
-0.0474134 -0.340332 0.939109 0 
-16.799 17.6175 -1.4172 1 

-0.0241378 -0.438505 0.898405 0 
0.97619 0.183444 0.115766 0 
-0.215571 0.879808 0.423636 0 
-15.2001 15.0837 -10.8847 1 

-0.0241378 -0.438505 0.898405 0 
0.97619 0.183444 0.115766 0 
-0.215571 0.879808 0.423636 0 
-15.2001 15.0837 -10.8847 1 

0.243657 0.939244 0.24177 0 
-0.963074 0.204873 0.174689 0 
0.114544 -0.275406 0.954479 0 
16.8222 17.5459 -2.78081 1 

0.061467 0.799 -0.598182 0 
-0.963074 0.204873 0.174689 0 
0.262128 0.565355 0.782088 0 
15.5697 17.044 -9.09717 1 

0.061467 0.799 -0.598182 0 
-0.963074 0.204873 0.174689 0 
0.262128 0.565355 0.782088 0 
15.5697 17.044 -9.09717 1 

0.997182 0.00659009 -0.0747354 0 
-0.029255 0.951438 -0.306448 0 
0.0690866 0.307771 0.948949 0 
0.368182 0.184375 4.01352 1 

0.997182 0.00659009 -0.0747354 0 
0.0328728 0.857046 0.51419 0 
0.0674403 -0.515197 0.854414 0 
-0.0245321 0.919465 -1.16158 1 

0.997182 0.00659009 -0.0747354 0 
0.0309419 0.871349 0.489687 0 
0.0683477 -0.490619 0.868689 0 
-0.0213963 0.905313 -1.12099 1 

0.997182 0.00659009 -0.0747354 0 
0.0309419 0.871349 0.489687 0 
0.0683477 -0.490619 0.868689 0 
-0.0213963 0.905313 -1.12099 1 

0.999901 5.06008e-005 -0.0140661 0 
-0.00630763 0.895428 -0.445161 0 
0.0125727 0.445206 0.89534 0 
0.078424 0.890863 5.62518 1 

0.999901 5.06008e-005 -0.0140661 0 
0.00729416 0.853171 0.52158 0 
0.0120272 -0.521631 0.853087 0 
-0.00752294 1.3203 -0.482869 1 

0.928803 0.233858 0.287462 0 
-0.332 0.869735 0.365154 0 
-0.164622 -0.434594 0.885453 0 
0.332186 1.69532 0.242105 1 

0.928803 0.233858 0.287462 0 
-0.332 0.869735 0.365154 0 
-0.164622 -0.434594 0.885453 0 
0.332186 1.69532 0.242106 1 

0.708333
1 0 0 0 
0 1 0 0 
0 0 1 0 
0 -0.261709 0 1 

1 0 0 0 
0 1 0 0 
0 0 1 0 
0 -0.261709 0 1 

1 0 0 0 
0 1 0 0 
0 0 1 0 
0 -0.261709 -1.49012e-008 1 

1 0 0 0 
0 1 0 0 
0 0 1 0 
0 -0.261711 -2.98023e-008 1 

1 0 0 0 
0 1 0 0 
0 0 1 0 
0 -0.261711 -1.49012e-008 1 

0.219265 -0.954515 -0.202048 0 
0.973187 0.199217 0.114974 0 
-0.0694936 -0.22184 0.972604 0 
-16.7691 17.5673 -1.70397 1 

-0.0417387 -0.338608 0.940001 0 
0.973187 0.199217 0.114974 0 
-0.226195 0.919596 0.321214 0 
-14.9743 13.9898 -10.6971 1 

-0.0417387 -0.338608 0.940001 0 
0.973187 0.199217 0.114974 0 
-0.226195 0.919596 0.321214 0 
-14.9743 13.9898 -10.6971 1 

0.246049 0.92784 0.280307 0 
-0.964092 0.204461 0.169479 0 
0.0999374 -0.311942 0.94483 0 
16.8453 17.6421 -2.57957 1 

0.0825271 0.837232 -0.540585 0 
-0.964092 0.204461 0.169479 0 
0.252422 0.507187 0.824042 0 
15.7339 17.4932 -8.72229 1 

0.0825271 0.837232 -0.540585 0 
-0.964092 0.204461 0.169479 0 
0.252422 0.507187 0.824042 0 
15.7339 17.4932 -8.72229 1 

0.997306 0.0108452 -0.072543 0 
-0.0262711 0.976211 -0.215226 0 
0.0684831 0.216552 0.973866 0 
0.330247 -0.00123024 2.8521 1 

0.997306 0.0108452 -0.072543 0 
0.0289607 0.850433 0.525286 0 
0.0673898 -0.525972 0.847828 0 
-0.0189396 0.918905 -1.81089 1 

0.997306 0.0108452 -0.072543 0 
0.0232079 0.891542 0.452343 0 
0.0695809 -0.452808 0.888889 0 
-0.00974572 0.878959 -1.69046 1 

0.997306 0.0108452 -0.072543 0 
0.0232079 0.891542 0.452343 0 
0.0695809 -0.452808 0.888889 0 
-0.0097456 0.878959 -1.69046 1 

0.999893 -0.00100901 -0.0145926 0 
-0.0062761 0.87153 -0.490303 0 
0.0132126 0.490342 0.87143 0 
0.0779461 1.31317 6.1984 1 

0.999893 -0.00100901 -0.0145926 0 
0.00719443 0.902534 0.430559 0 
0.0127359 -0.430618 0.902445 0 
-0.007182 1.2715 0.368279 1 

0.926847 0.255344 0.275235 0 
-0.337041 0.88887 0.310344 0 
-0.165403 -0.380407 0.909908 0 
0.336326 1.71691 1.01342 1 

0.926847 0.255344 0.275235 0 
-0.337041 0.88887 0.310344 0 
-0.165403 -0.380407 0.909908 0 
0.336326 1.71691 1.01342 1 

0.75
1 0 0 0 
0 1 0 0 
0 0 1 0 
0 -0.135701 0 1 

1 0 0 0 
0 1 0 0 
0 0 1 0 
0 -0.135701 0 1 

1 0 0 0 
0 1 0 0 
0 0 1 0 
0 -0.135702 -1.49012e-008 1 

1 0 0 0 
0 1 0 0 
0 0 1 0 
0 -0.135702 -2.98023e-008 1 

1 0 0 0 
0 1 0 0 
0 0 1 0 
0 -0.135704 -1.49012e-008 1 

0.225382 -0.969799 -0.0932363 0 
0.970127 0.214576 0.113186 0 
-0.0897612 -0.115961 0.98919 0 
-16.7335 17.4763 -1.94503 1 

-0.0532575 -0.266804 0.962278 0 
0.970127 0.214576 0.113186 0 
-0.23668 0.93956 0.247406 0 
-14.8 13.1822 -10.3759 1 

-0.0532575 -0.266804 0.962278 0 
0.970127 0.214576 0.113186 0 
-0.23668 0.93956 0.247406 0 
-14.8 13.1822 -10.3759 1 

0.248129 0.917729 0.310169 0 
-0.964738 0.205075 0.164997 0 
0.0878145 -0.340173 0.936254 0 
16.8608 17.7235 -2.41518 1 

0.100051 0.865528 -0.490766 0 
-0.964738 0.205075 0.164997 0 
0.243453 0.456953 0.855526 0 
15.8655 17.8444 -8.38497 1 

0.100051 0.865528 -0.490766 0 
-0.964738 0.205075 0.164997 0 
0.243453 0.456953 0.855526 0 
15.8655 17.8444 -8.38497 1 

0.997393 0.0140438 -0.0707774 0 
-0.0230921 0.991415 -0.128695 0 
0.0683624 0.129994 0.989155 0 
0.289855 -0.0643473 1.75178 1 

0.997393 0.0140438 -0.0707774 0 
0.0247581 0.854727 0.518488 0 
0.0677769 -0.518888 0.852151 0 
-0.0127237 0.9091 -2.31901 1 

0.997393 0.0140438 -0.0707774 0 
0.0157864 0.914646 0.403948 0 
0.0704092 -0.404012 0.91204 0 
0.00138712 0.853265 -2.13123 1 

0.997393 0.0140438 -0.0707774 0 
0.0157864 0.914646 0.403948 0 
0.0704092 -0.404012 0.91204 0 
0.00138724 0.853265 -2.13123 1 

0.999885 -0.0019192 -0.0150701 0 
-0.00613317 0.856559 -0.516012 0 
0.0138988 0.516045 0.856449 0 
0.0760523 1.62465 6.52473 1 

0.999885 -0.0019192 -0.0150701 0 
0.00694297 0.940059 0.34094 0 
0.0135125 -0.341005 0.939964 0 
-0.00659633 1.2402 1.09006 1 

0.925119 0.276428 0.260272 0 
-0.341762 0.904894 0.253705 0 
-0.165388 -0.323658 0.931607 0 
0.340588 1.74329 1.65836 1 

0.925119 0.276428 0.260272 0 
-0.341762 0.904894 0.253705 0 
-0.165388 -0.323658 0.931607 0 
0.340588 1.74329 1.65836 1 

0.791667
1 0 0 0 
0 1 0 0 
0 0 1 0 
0 -0.0387716 0 1 

1 0 0 0 
0 1 0 0 
0 0 1 0 
0 -0.0387716 0 1 

1 0 0 0 
0 1 0 0 
0 0 1 0 
0 -0.0387707 -1.49012e-008 1 

1 0 0 0 
0 1 0 0 
0 0 1 0 
0 -0.0387745 -2.98023e-008 1 

1 0 0 0 
0 1 0 0 
0 0 1 0 
0 -0.0387726 -1.49012e-008 1 

0.229234 -0.973236 -0.0162359 0 
0.96773 0.226081 0.111295 0 
-0.104646 -0.0412247 0.993655 0 
-16.7028 17.3883 -2.10629 1 

-0.0592812 -0.225017 0.97255 0 
0.96773 0.226081 0.111295 0 
-0.244918 0.947763 0.204354 0 
-14.6907 12.7033 -10.0847 1 

-0.0592812 -0.225017 0.97255 0 
0.96773 0.226081 0.111295 0 
-0.244918 0.947763 0.204354 0 
-14.6907 12.7033 -10.0847 1 

0.249589 0.910557 0.329531 0 
-0.965081 0.205954 0.161869 0 
0.0795227 -0.358425 0.930166 0 
16.8696 17.7805 -2.30438 1 

0.11199 0.88301 -0.455798 0 
-0.965081 0.205954 0.161869 0 
0.236805 0.421754 0.875241 0 
15.9528 18.0728 -8.14244 1 

0.11199 0.88301 -0.455798 0 
-0.965081 0.205954 0.161869 0 
0.236805 0.421754 0.875241 0 
15.9528 18.0728 -8.14244 1 

0.997446 0.0160543 -0.0695963 0 
-0.0204049 0.997851 -0.0622578 0 
0.0684472 0.0635189 0.995631 0 
0.255728 -0.0455351 0.907821 1 

0.997446 0.0160543 -0.0695963 0 
0.0211985 0.863962 0.503111 0 
0.0682056 -0.503302 0.861415 0 
-0.00739384 0.896447 -2.64592 1 

0.997446 0.0160543 -0.0695963 0 
0.0100125 0.933359 0.358804 0 
0.0707187 -0.358585 0.930815 0 
0.00997686 0.835162 -2.4111 1 

0.997446 0.0160543 -0.0695963 0 
0.0100125 0.933359 0.358804 0 
0.0707187 -0.358585 0.930815 0 
0.00997674 0.835162 -2.4111 1 

0.999878 -0.00255694 -0.0154209 0 
-0.00595132 0.849962 -0.526811 0 
0.0144542 0.526838 0.849843 0 
0.073682 1.80299 6.66158 1 

0.999878 -0.00255694 -0.0154209 0 
0.00665237 0.96234 0.271768 0 
0.0141453 -0.271838 0.962239 0 
-0.00599122 1.22608 1.59131 1 

0.923886 0.292287 0.246988 0 
-0.345262 0.915018 0.208654 0 
-0.165011 -0.278048 0.946288 0 
0.34393 1.76685 2.1008 1 

0.923886 0.292287 0.246988 0 
-0.345262 0.915018 0.208654 0 
-0.165011 -0.278048 0.946288 0 
0.343929 1.76685 2.1008 1 

0.833333
1 0 0 0 
0 1 0 0 
0 0 1 0 
0 0 0 1 

1 0 0 0 
0 1 0 0 
0 0 1 0 
0 0 0 1 

1 0 0 0 
0 1 0 0 
0 0 1 0 
0 0 -1.49012e-008 1 

1 0 0 0 
0 1 0 0 
0 0 1 0 
0 -1.90735e-006 -2.98023e-008 1 

1 0 0 0 
0 1 0 0 
0 0 1 0 
0 0 -1.49012e-008 1 

0.230592 -0.972969 0.0126013 0 
0.966773 0.230554 0.110433 0 
-0.110353 -0.0132823 0.993804 0 
-16.69 17.3506 -2.16427 1 

-0.0610605 -0.211225 0.975528 0 
0.966773 0.230554 0.110433 0 
-0.248238 0.949857 0.190128 0 
-14.6527 12.5436 -9.96385 1 

-0.0610605 -0.211225 0.975528 0 
0.966773 0.230554 0.110433 0 
-0.248238 0.949857 0.190128 0 
-14.6527 12.5436 -9.96385 1 

0.250151 0.907813 0.336602 0 
-0.965187 0.206378 0.160693 0 
0.0764113 -0.365081 0.927835 0 
16.8725 17.8023 -2.26327 1 

0.116374 0.889035 -0.442803 0 
-0.965187 0.206378 0.160693 0 
0.234246 0.408687 0.882102 0 
15.9843 18.1554 -8.05172 1 

0.116374 0.889035 -0.442803 0 
-0.965187 0.206378 0.160693 0 
0.234246 0.408687 0.882102 0 
15.9843 18.1554 -8.05172 1 

0.997465 0.0167609 -0.0691637 0 
-0.0192551 0.999182 -0.0355542 0 
0.0685112 0.0367958 0.996972 0 
0.24113 -0.0220823 0.568803 1 

0.997465 0.0167609 -0.0691637 0 
0.0196756 0.869036 0.494357 0 
0.0683916 -0.494464 0.866503 0 
-0.00510585 0.890253 -2.76128 1 

0.997465 0.0167609 -0.0691637 0 
0.0076714 0.940883 0.338646 0 
0.0707509 -0.338318 0.938369 0 
0.0134376 0.828639 -2.50878 1 

0.997465 0.0167609 -0.0691637 0 
0.0076714 0.940883 0.338646 0 
0.0707509 -0.338318 0.938369 0 
0.0134375 0.828639 -2.50878 1 

0.999875 -0.00279601 -0.0155563 0 
-0.00586007 0.848503 -0.529158 0 
0.0146791 0.529183 0.848381 0 
0.0724989 1.85961 6.69124 1 

0.999875 -0.00279601 -0.0155563 0 
0.00651159 0.969693 0.244242 0 
0.014402 -0.244312 0.96959 0 
-0.00571167 1.22274 1.77876 1 

0.92342 0.298467 0.241273 0 
-0.346615 0.918484 0.190384 0 
-0.164782 -0.259433 0.951599 0 
0.345262 1.77699 2.26496 1 

0.92342 0.298467 0.241273 0 
-0.346615 0.918484 0.190384 0 
-0.164782 -0.259433 0.951599 0 
0.345262 1.77699 2.26496 1 

0.875
1 0 0 0 
0 1 0 0 
0 0 1 0 
0 -0.070034 0 1 

1 0 0 0 
0 1 0 0 
0 0 1 0 
0 -0.070034 0 1 

1 0 0 0 
0 1 0 0 
0 0 1 0 
0 -0.070034 -1.49012e-008 1 

1 0 0 0 
0 1 0 0 
0 0 1 0 
0 -0.0700359 -2.98023e-008 1 

1 0 0 0 
0 1 0 0 
0 0 1 0 
0 -0.070034 -1.49012e-008 1 

0.232914 -0.972365 -0.0160711 0 
0.966843 0.229748 0.111495 0 
-0.104721 -0.0415069 0.993635 0 
-16.6952 17.2839 -2.11057 1 

-0.0583188 -0.226419 0.972283 0 
0.966843 0.229748 0.111495 0 
-0.248625 0.946546 0.205513 0 
-14.6662 12.6149 -10.0847 1 

-0.0583188 -0.226419 0.972283 0 
0.966843 0.229748 0.111495 0 
-0.248625 0.946546 0.205513 0 
-14.6662 12.6149 -10.0847 1 

0.251057 0.907248 0.33745 0 
-0.964869 0.206661 0.16223 0 
0.0774448 -0.366324 0.927259 0 
16.8689 17.725 -2.29115 1 

0.110254 0.878969 -0.463958 0 
-0.964869 0.206661 0.16223 0 
0.238477 0.429773 0.870875 0 
15.9308 18.0221 -8.24896 1 

0.110254 0.878969 -0.463958 0 
-0.964869 0.206661 0.16223 0 
0.238477 0.429773 0.870875 0 
15.9308 18.0221 -8.24896 1 

0.997444 0.0161087 -0.0696192 0 
-0.0208827 0.997439 -0.0683994 0 
0.0683392 0.0696784 0.995226 0 
0.261795 -0.0723057 0.985671 1 

0.997444 0.0161087 -0.0696192 0 
0.0218387 0.85893 0.511627 0 
0.0680397 -0.51184 0.856382 0 
-0.00839019 0.901361 -2.66001 1 

0.997444 0.0161087 -0.0696192 0 
0.0106711 0.929758 0.368015 0 
0.0706573 -0.367817 0.92721 0 
0.00898337 0.837747 -2.42581 1 

0.997444 0.0161087 -0.0696192 0 
0.0106711 0.929758 0.368015 0 
0.0706573 -0.367817 0.92721 0 
0.00898349 0.837747 -2.42581 1 

0.999878 -0.00256433 -0.0154166 0 
-0.00602482 0.846953 -0.531633 0 
0.0144204 0.531661 0.846834 0 
0.0746161 1.80932 6.72296 1 

0.999878 -0.00256433 -0.0154166 0 
0.00675304 0.960494 0.27822 0 
0.0140941 -0.27829 0.960394 0 
-0.00615573 1.22695 1.58118 1 

0.924094 0.290645 0.248145 0 
-0.345045 0.91368 0.214785 0 
-0.164299 -0.284103 0.944612 0 
0.344146 1.76446 2.09305 1 

0.924094 0.290645 0.248145 0 
-0.345045 0.91368 0.214785 0 
-0.164299 -0.284103 0.944612 0 
0.344147 1.76446 2.09305 1 

0.916667
1 0 0 0 
0 1 0 0 
0 0 1 0 
0 -0.224109 0 1 

1 0 0 0 
0 1 0 0 
0 0 1 0 
0 -0.224109 0 1 

1 0 0 0 
0 1 0 0 
0 0 1 0 
0 -0.224108 -1.49012e-008 1 

1 0 0 0 
0 1 0 0 
0 0 1 0 
0 -0.224112 -2.98023e-008 1 

1 0 0 0 
0 1 0 0 
0 0 1 0 
0 -0.22411 -1.49012e-008 1 

0.237996 -0.966844 -0.0925746 0 
0.967194 0.227201 0.113644 0 
-0.0888426 -0.116584 0.989199 0 
-16.7093 17.1366 -1.95557 1 

-0.0491999 -0.271349 0.961223 0 
0.967194 0.227201 0.113644 0 
-0.249228 0.93528 0.251269 0 
-14.7241 12.8947 -10.3705 1 

-0.0491999 -0.271349 0.961223 0 
0.967194 0.227201 0.113644 0 
-0.249228 0.93528 0.251269 0 
-14.7241 12.8947 -10.3705 1 

0.253466 0.906802 0.336845 0 
-0.963979 0.207754 0.166081 0 
0.0806223 -0.366807 0.926797 0 
16.8585 17.5483 -2.36801 1 

0.0938999 0.85003 -0.518297 0 
-0.963979 0.207754 0.166081 0 
0.248852 0.484032 0.838919 0 
15.7864 17.6696 -8.7429 1 

0.0938999 0.85003 -0.518297 0 
-0.963979 0.207754 0.166081 0 
0.248852 0.484032 0.838919 0 
15.7864 17.6696 -8.7429 1 

0.997387 0.0141787 -0.0708361 0 
-0.0242864 0.989288 -0.143939 0 
0.0680365 0.145283 0.987048 0 
0.305022 -0.127622 1.94513 1 

0.997387 0.0141787 -0.0708361 0 
0.0263673 0.841455 0.539684 0 
0.0672574 -0.540142 0.838882 0 
-0.015258 0.922452 -2.35429 1 

0.997387 0.0141787 -0.0708361 0 
0.0174492 0.904234 0.426682 0 
0.0701022 -0.426803 0.901624 0 
-0.00116527 0.861916 -2.16797 1 

0.997387 0.0141787 -0.0708361 0 
0.0174492 0.904234 0.426682 0 
0.0701022 -0.426803 0.901624 0 
-0.00116527 0.861916 -2.16797 1 

0.999885 -0.00193552 -0.015061 0 
-0.00631966 0.848823 -0.52864 0 
0.0138073 0.528674 0.848712 0 
0.0784234 1.63288 6.68544 1 

0.999885 -0.00193552 -0.015061 0 
0.00719955 0.933702 0.357979 0 
0.0133696 -0.358046 0.933608 0 
-0.00701916 1.24469 1.06288 1 

0.925806 0.272058 0.262426 0 
-0.341147 0.900366 0.270113 0 
-0.162793 -0.339598 0.926376 0 
0.341525 1.73841 1.63587 1 

0.925806 0.272058 0.262426 0 
-0.341147 0.900366 0.270113 0 
-0.162793 -0.339598 0.926376 0 
0.341525 1.7384 1.63587 1 

0.958333
1 0 0 0 
0 1 0 0 
0 0 1 0 
0 -0.378183 0 1 

1 0 0 0 
0 1 0 0 
0 0 1 0 
0 -0.378183 0 1 

1 0 0 0 
0 1 0 0 
0 0 1 0 
0 -0.378183 -1.49012e-008 1 

1 0 0 0 
0 1 0 0 
0 0 1 0 
0 -0.378185 -2.98023e-008 1 

1 0 0 0 
0 1 0 0 
0 0 1 0 
0 -0.378185 -1.49012e-008 1 

0.24266 -0.949162 -0.200518 0 
0.967952 0.223109 0.115286 0 
-0.0646879 -0.222067 0.972883 0 
-16.7269 16.9762 -1.71384 1 

-0.031868 -0.346228 0.937609 0 
0.967952 0.223109 0.115286 0 
-0.249104 0.911235 0.328022 0 
-14.8558 13.4876 -10.6725 1 

-0.031868 -0.346228 0.937609 0 
0.967952 0.223109 0.115286 0 
-0.249104 0.911235 0.328022 0 
-14.8558 13.4876 -10.6725 1 

0.256921 0.90871 0.328993 0 
-0.962572 0.210216 0.171067 0 
0.0862911 -0.360631 0.928708 0 
16.8414 17.3526 -2.48559 1 

0.0704598 0.80358 -0.591011 0 
-0.962572 0.210216 0.171067 0 
0.261706 0.556837 0.788316 0 
15.5751 17.1589 -9.37317 1 

0.0704598 0.80358 -0.591011 0 
-0.962572 0.210216 0.171067 0 
0.261706 0.556837 0.788316 0 
15.5751 17.1589 -9.37317 1 

0.9973 0.0109818 -0.0726052 0 
-0.027679 0.972042 -0.233172 0 
0.0680146 0.234552 0.969721 0 
0.348132 -0.0669918 3.07987 1 

0.9973 0.0109818 -0.0726052 0 
0.0308708 0.834429 0.55025 0 
0.0666266 -0.551006 0.831837 0 
-0.0219926 0.935222 -1.85256 1 

0.9973 0.0109818 -0.0726052 0 
0.0251753 0.877693 0.478561 0 
0.0689806 -0.479097 0.875047 0 
-0.0128365 0.891706 -1.73337 1 

0.9973 0.0109818 -0.0726052 0 
0.0251753 0.877693 0.478561 0 
0.0689806 -0.479097 0.875047 0 
-0.0128366 0.891706 -1.73337 1 

0.999893 -0.00102089 -0.0145864 0 
-0.00649591 0.862701 -0.505672 0 
0.0131 0.505712 0.862603 0 
0.0807412 1.30689 6.39393 1 

0.999893 -0.00102089 -0.0145864 0 
0.00749813 0.892215 0.451549 0 
0.0125532 -0.45161 0.892127 0 
-0.00768673 1.28075 0.33407 1 

0.928075 0.250389 0.27565 0 
-0.336197 0.881696 0.331033 0 
-0.160152 -0.399896 0.90246 0 
0.33856 1.714 0.981147 1 

0.928075 0.250389 0.27565 0 
-0.336197 0.881696 0.331033 0 
-0.160152 -0.399896 0.90246 0 
0.33856 1.714 0.981147 1 

1
1 0 0 0 
0 1 0 0 
0 0 1 0 
0 -0.448217 0 1 

1 0 0 0 
0 1 0 0 
0 0 1 0 
0 -0.448217 0 1 

1 0 0 0 
0 1 0 0 
0 0 1 0 
0 -0.448217 -1.49012e-008 1 

1 0 0 0 
0 1 0 0 
0 0 1 0 
0 -0.448219 -2.98023e-008 1 

1 0 0 0 
0 1 0 0 
0 0 1 0 
0 -0.448219 -1.49012e-008 1 

0.244305 -0.915085 -0.320834 0 
0.969059 0.218381 0.115042 0 
-0.0352095 -0.339013 0.940123 0 
-16.7415 16.8654 -1.40985 1 

-0.00531488 -0.44751 0.894263 0 
0.969059 0.218381 0.115042 0 
-0.246772 0.867205 0.432503 0 
-15.0776 14.439 -10.8202 1 

-0.00531488 -0.44751 0.894263 0 
0.969059 0.218381 0.115042 0 
-0.246772 0.867205 0.432503 0 
-15.0776 14.439 -10.8202 1 

0.260801 0.914415 0.309562 0 
-0.960773 0.214514 0.175784 0 
0.0943342 -0.343263 0.93449 0 
16.8182 17.2174 -2.62764 1 

0.0433261 0.742138 -0.668845 0 
-0.960773 0.214514 0.175784 0 
0.273932 0.634992 0.72232 0 
15.3254 16.5662 -9.9924 1 

0.0433261 0.742138 -0.668845 0 
-0.960773 0.214514 0.175784 0 
0.273932 0.634992 0.72232 0 
15.3254 16.5662 -9.9924 1 

0.99718 0.00663233 -0.0747558 0 
-0.02994 0.948546 -0.315219 0 
0.0688187 0.316568 0.94607 0 
0.376886 0.159512 4.12492 1 

0.99718 0.00663233 -0.0747558 0 
0.0338078 0.849599 0.526344 0 
0.0670034 -0.527387 0.846979 0 
-0.0260466 0.926939 -1.18179 1 

0.99718 0.00663233 -0.0747558 0 
0.0318889 0.864252 0.502048 0 
0.0679376 -0.503016 0.861603 0 
-0.0229211 0.912207 -1.1414 1 

0.99718 0.00663233 -0.0747558 0 
0.0318889 0.864252 0.502048 0 
0.0679376 -0.503016 0.861603 0 
-0.0229211 0.912207 -1.1414 1 

0.999901 5.09258e-005 -0.0140663 0 
-0.0064137 0.891646 -0.452689 0 
0.0125191 0.452734 0.891558 0 
0.0797725 0.87749 5.72088 1 

0.999901 5.09258e-005 -0.0140663 0 
0.0074409 0.846711 0.532001 0 
0.0119372 -0.532053 0.846627 0 
-0.00776732 1.32688 -0.500248 1 

0.930454 0.233742 0.282169 0 
-0.331358 0.865469 0.375721 0 
-0.156387 -0.44309 0.882731 0 
0.336263 1.699 0.217118 1 

0.930454 0.233742 0.282169 0 
-0.331358 0.865469 0.375721 0 
-0.156387 -0.44309 0.882731 0 
0.336263 1.699 0.217118 1 

1.04167
1 0 0 0 
0 1 0 0 
0 0 1 0 
0 -0.415016 0 1 

1 0 0 0 
0 1 0 0 
0 0 1 0 
0 -0.415016 0 1 

1 0 0 0 
0 1 0 0 
0 0 1 0 
0 -0.415016 -1.49012e-008 1 

1 0 0 0 
0 1 0 0 
0 0 1 0 
0 -0.415018 -2.98023e-008 1 

1 0 0 0 
0 1 0 0 
0 0 1 0 
0 -0.415016 -1.49012e-008 1 

0.24237 -0.867536 -0.434325 0 
0.970172 0.21454 0.112864 0 
-0.00473394 -0.448725 0.893657 0 
-16.7465 16.8085 -1.09137 1 

0.0287369 -0.564081 0.825219 0 
0.970172 0.21454 0.112864 0 
-0.240707 0.797362 0.553421 0 
-15.3693 15.6287 -10.6874 1 

0.0287369 -0.564081 0.825219 0 
0.970172 0.21454 0.112864 0 
-0.240707 0.797362 0.553421 0 
-15.3693 15.6287 -10.6874 1 

0.264522 0.923659 0.277275 0 
-0.958707 0.220723 0.179341 0 
0.104449 -0.313265 0.943904 0 
16.7899 17.1602 -2.78019 1 

0.0156336 0.670548 -0.741701 0 
-0.958707 0.220723 0.179341 0 
0.283967 0.70827 0.64631 0 
15.0648 15.9391 -10.499 1 

0.0156336 0.670548 -0.741701 0 
-0.958707 0.220723 0.179341 0 
0.283967 0.70827 0.64631 0 
15.0648 15.9391 -10.499 1 

0.997015 0.00150016 -0.0771939 0 
-0.0308428 0.92431 -0.380395 0 
0.0707804 0.38164 0.921597 0 
0.388399 0.501719 4.9569 1 

0.997015 0.00150016 -0.0771939 0 
0.0348372 0.883508 0.467118 0 
0.0689022 -0.468413 0.880819 0 
-0.0267458 0.902367 -0.397218 1 

0.997015 0.00150016 -0.0771939 0 
0.0370221 0.868083 0.495037 0 
0.0677533 -0.496417 0.865436 0 
-0.0303293 0.917197 -0.443215 1 

0.997015 0.00150016 -0.0771939 0 
0.0370221 0.868083 0.495037 0 
0.0677533 -0.496417 0.865436 0 
-0.0303295 0.917197 -0.443215 1 

0.999908 0.00113749 -0.0135426 0 
-0.0060837 0.928535 -0.371196 0 
0.0121525 0.371244 0.928456 0 
0.075642 0.453674 4.68602 1 

0.999908 0.00113749 -0.0135426 0 
0.00703284 0.809376 0.587249 0 
0.011629 -0.58729 0.809293 0 
-0.00723922 1.36816 -1.35665 1 

0.932602 0.226622 0.280885 0 
-0.327424 0.858652 0.394348 0 
-0.151815 -0.459738 0.874982 0 
0.335174 1.69293 -0.579122 1 

0.932602 0.226622 0.280885 0 
-0.327424 0.858652 0.394348 0 
-0.151815 -0.459738 0.874982 0 
0.335174 1.69293 -0.579122 1 

1.08333
1 0 0 0 
0 1 0 0 
0 0 1 0 
0 -0.332013 0 1 

1 0 0 0 
0 1 0 0 
0 0 1 0 
0 -0.332013 0 1 

1 0 0 0 
0 1 0 0 
0 0 1 0 
0 -0.332014 -1.49012e-008 1 

1 0 0 0 
0 1 0 0 
0 0 1 0 
0 -0.332014 -2.98023e-008 1 

1 0 0 0 
0 1 0 0 
0 0 1 0 
0 -0.332016 -1.49012e-008 1 

0.23828 -0.816039 -0.526595 0 
0.97094 0.212619 0.109858 0 
0.0223158 -0.537469 0.842988 0 
-16.7406 16.762 -0.813434 1 

0.0659469 -0.678958 0.731209 0 
0.97094 0.212619 0.109858 0 
-0.230058 0.702715 0.673249 0 
-15.6825 16.8064 -10.2512 1 

0.0659469 -0.678958 0.731209 0 
0.97094 0.212619 0.109858 0 
-0.230058 0.702715 0.673249 0 
-15.6825 16.8064 -10.2512 1 

0.267832 0.934561 0.234226 0 
-0.956409 0.228525 0.181818 0 
0.116393 -0.272713 0.955029 0 
16.7563 17.1283 -2.93968 1 

-0.0102499 0.595947 -0.802958 0 
-0.956409 0.228525 0.181818 0 
0.29185 0.76982 0.567627 0 
14.8129 15.2888 -10.8502 1 

-0.0102499 0.595947 -0.802958 0 
-0.956409 0.228525 0.181818 0 
0.29185 0.76982 0.567627 0 
14.8129 15.2888 -10.8502 1 

0.996801 -0.00392277 -0.0798239 0 
-0.0308069 0.902748 -0.429064 0 
0.0737441 0.430151 0.89974 0 
0.388006 0.862044 5.57993 1 

0.996801 -0.00392277 -0.0798239 0 
0.0345298 0.9219 0.385886 0 
0.0720759 -0.387408 0.919086 0 
-0.0250027 0.87801 0.421703 1 

0.996801 -0.00392277 -0.0798239 0 
0.0410318 0.882229 0.469029 0 
0.0685831 -0.470804 0.879568 0 
-0.0356889 0.912849 0.286548 1 

0.996801 -0.00392277 -0.0798239 0 
0.0410318 0.882229 0.469029 0 
0.0685831 -0.470804 0.879568 0 
-0.0356888 0.912849 0.286548 1 

0.999913 0.00212627 -0.0130481 0 
-0.00561323 0.96188 -0.273414 0 
0.0119693 0.273463 0.961808 0 
0.0697113 0.126044 3.4452 1 

0.999913 0.00212627 -0.0130481 0 
0.00642097 0.784638 0.619921 0 
0.0115561 -0.61995 0.784556 0 
-0.00634181 1.39702 -2.17588 1 

0.934309 0.227974 0.274035 0 
-0.324745 0.861372 0.390614 0 
-0.146996 -0.453946 0.87882 0 
0.33532 1.69267 -1.34766 1 

0.934309 0.227974 0.274035 0 
-0.324745 0.861372 0.390614 0 
-0.146996 -0.453946 0.87882 0 
0.33532 1.69267 -1.34766 1 

1.125
1 0 0 0 
0 1 0 0 
0 0 1 0 
0 -0.224109 0 1 

1 0 0 0 
0 1 0 0 
0 0 1 0 
0 -0.224109 0 1 

1 0 0 0 
0 1 0 0 
0 0 1 0 
0 -0.224108 -1.49012e-008 1 

1 0 0 0 
0 1 0 0 
0 0 1 0 
0 -0.224112 -2.98023e-008 1 

1 0 0 0 
0 1 0 0 
0 0 1 0 
0 -0.22411 -1.49012e-008 1 

0.233828 -0.77153 -0.591664 0 
0.971304 0.21259 0.106646 0 
0.0435013 -0.599622 0.7991 0 
-16.7282 16.7319 -0.59943 1 

0.101416 -0.775784 0.622795 0 
0.971304 0.21259 0.106646 0 
-0.215134 0.594108 0.775082 0 
-15.9704 17.781 -9.59276 1 

0.101416 -0.775784 0.622795 0 
0.971304 0.21259 0.106646 0 
-0.215134 0.594108 0.775082 0 
-15.9704 17.781 -9.59276 1 

0.270397 0.944641 0.185848 0 
-0.954074 0.237066 0.183145 0 
0.128948 -0.226835 0.965359 0 
16.7202 17.1058 -3.09096 1 

-0.0322658 0.526483 -0.849573 0 
-0.954074 0.237066 0.183145 0 
0.297827 0.816465 0.494655 0 
14.591 14.679 -11.0414 1 

-0.0322658 0.526483 -0.849573 0 
-0.954074 0.237066 0.183145 0 
0.297827 0.816465 0.494655 0 
14.591 14.679 -11.0413 1 

0.996552 -0.00913783 -0.0824628 0 
-0.0298875 0.88765 -0.459548 0 
0.0773974 0.460428 0.884316 0 
0.376415 1.16695 5.97203 1 

0.996552 -0.00913783 -0.0824628 0 
0.0329915 0.955603 0.292806 0 
0.0761261 -0.294517 0.952609 0 
-0.0211136 0.863723 1.20155 1 

0.996552 -0.00913783 -0.0824628 0 
0.0438491 0.901771 0.429985 0 
0.0704334 -0.432118 0.899062 0 
-0.0389179 0.903914 0.981939 1 

0.996552 -0.00913783 -0.0824628 0 
0.0438491 0.901771 0.429985 0 
0.0704334 -0.432118 0.899062 0 
-0.0389179 0.903914 0.981939 1 

0.999916 0.00294601 -0.0126136 0 
-0.00504972 0.985404 -0.170156 0 
0.0119282 0.170206 0.985336 0 
0.0625855 -0.0520258 2.13595 1 

0.999916 0.00294601 -0.0126136 0 
0.00567391 0.775782 0.630976 0 
0.0116443 -0.630994 0.7757 0 
-0.00519931 1.40831 -2.89646 1 

0.935471 0.236407 0.262688 0 
-0.323396 0.872381 0.36656 0 
-0.142507 -0.427859 0.89254 0 
0.336476 1.69736 -2.02833 1 

0.935471 0.236407 0.262688 0 
-0.323396 0.872381 0.36656 0 
-0.142507 -0.427859 0.89254 0 
0.336476 1.69736 -2.02833 1 

1.16667
1 0 0 0 
0 1 0 0 
0 0 1 0 
0 -0.116204 0 1 

1 0 0 0 
0 1 0 0 
0 0 1 0 
0 -0.116204 0 1 

1 0 0 0 
0 1 0 0 
0 0 1 0 
0 -0.116205 -1.49012e-008 1 

1 0 0 0 
0 1 0 0 
0 0 1 0 
0 -0.116205 -2.98023e-008 1 

1 0 0 0 
0 1 0 0 
0 0 1 0 
0 -0.116207 -1.49012e-008 1 

0.230435 -0.740632 -0.631161 0 
0.971353 0.213783 0.103775 0 
0.0580728 -0.636994 0.768678 0 
-16.7149 16.7229 -0.453179 1 

0.130604 -0.84508 0.518442 0 
0.971353 0.213783 0.103775 0 
-0.198532 0.490037 0.848792 0 
-16.1961 18.4553 -8.87856 1 

0.130604 -0.84508 0.518442 0 
0.971353 0.213783 0.103775 0 
-0.198532 0.490037 0.848792 0 
-16.1961 18.4553 -8.87856 1 

0.272058 0.952022 0.140141 0 
-0.951989 0.245035 0.183509 0 
0.140365 -0.183338 0.972977 0 
16.6863 17.0869 -3.21697 1 

-0.0489728 0.469824 -0.881401 0 
-0.951989 0.245035 0.183509 0 
0.302191 0.848071 0.435267 0 
14.4169 14.1793 -11.1074 1 

-0.0489728 0.469824 -0.881401 0 
-0.951989 0.245035 0.183509 0 
0.302191 0.848071 0.435267 0 
14.4169 14.1793 -11.1074 1 

0.996303 -0.0135996 -0.0848305 0 
-0.0282837 0.880432 -0.473328 0 
0.0811246 0.473977 0.876792 0 
0.35615 1.37249 6.15134 1 

0.996303 -0.0135996 -0.0848305 0 
0.0305458 0.978948 0.201809 0 
0.0803002 -0.203654 0.975744 0 
-0.015838 0.862967 1.86416 1 

0.996303 -0.0135996 -0.0848305 0 
0.0454254 0.921473 0.385778 0 
0.0729225 -0.388205 0.918683 0 
-0.0401144 0.894965 1.57391 1 

0.996303 -0.0135996 -0.0848305 0 
0.0454254 0.921473 0.385778 0 
0.0729225 -0.388205 0.918683 0 
-0.0401144 0.894965 1.57391 1 

0.999918 0.00355728 -0.0122679 0 
-0.00446101 0.997215 -0.0744438 0 
0.0119689 0.0744924 0.99715 0 
0.0551304 -0.0828857 0.92331 1 

0.999918 0.00355728 -0.0122679 0 
0.00488847 0.780744 0.624832 0 
0.0118008 -0.624841 0.780663 0 
-0.00398171 1.40369 -3.46366 1 

0.936116 0.248648 0.248719 0 
-0.323113 0.88731 0.329058 0 
-0.138872 -0.3884 0.910966 0 
0.338141 1.70619 -2.5679 1 

0.936116 0.248648 0.248719 0 
-0.323113 0.88731 0.329058 0 
-0.138872 -0.3884 0.910966 0 
0.338141 1.70619 -2.5679 1 

1.20833
1 0 0 0 
0 1 0 0 
0 0 1 0 
0 -0.0332012 0 1 

1 0 0 0 
0 1 0 0 
0 0 1 0 
0 -0.0332012 0 1 

1 0 0 0 
0 1 0 0 
0 0 1 0 
0 -0.0332012 -1.49012e-008 1 

1 0 0 0 
0 1 0 0 
0 0 1 0 
0 -0.0332031 -2.98023e-008 1 

1 0 0 0 
0 1 0 0 
0 0 1 0 
0 -0.0332031 -1.49012e-008 1 

0.228579 -0.723969 -0.650861 0 
0.971257 0.215202 0.101725 0 
0.0664206 -0.655406 0.752351 0 
-16.7051 16.7285 -0.368757 1 

0.150028 -0.885235 0.440285 0 
0.971257 0.215202 0.101725 0 
-0.184801 0.412368 0.892077 0 
-16.3389 18.8302 -8.31141 1 

0.150028 -0.885235 0.440285 0 
0.971257 0.215202 0.101725 0 
-0.184801 0.412368 0.892077 0 
-16.3389 18.8302 -8.31141 1 

0.27289 0.95615 0.106342 0 
-0.950496 0.250886 0.183338 0 
0.148619 -0.151109 0.977281 0 
16.6611 17.0735 -3.30186 1 

-0.0594929 0.432169 -0.899828 0 
-0.950496 0.250886 0.183338 0 
0.304987 0.86619 0.395849 0 
14.3044 13.8482 -11.1065 1 

-0.0594929 0.432169 -0.899828 0 
-0.950496 0.250886 0.183338 0 
0.304987 0.86619 0.395849 0 
14.3044 13.8482 -11.1065 1 

0.996107 -0.0167162 -0.0865541 0 
-0.0265672 0.87928 -0.475564 0 
0.0840549 0.476012 0.875413 0 
0.334449 1.47521 6.18274 1 

0.996107 -0.0167162 -0.0865541 0 
0.0280265 0.990965 0.131158 0 
0.0835796 -0.133073 0.987576 0 
-0.0108045 0.870888 2.32611 1 

0.996107 -0.0167162 -0.0865541 0 
0.0459399 0.936425 0.347847 0 
0.0752367 -0.350469 0.933547 0 
-0.0398742 0.888994 1.98806 1 

0.996107 -0.0167162 -0.0865541 0 
0.0459399 0.936425 0.347847 0 
0.0752367 -0.350469 0.933547 0 
-0.0398741 0.888994 1.98806 1 

0.99992 0.0039393 -0.0120388 0 
-0.00396863 0.999989 -0.00241356 0 
0.0120291 0.00246114 0.999925 0 
0.0488914 -0.027009 0.0112912 1 

0.99992 0.0039393 -0.0120388 0 
0.00423118 0.791948 0.610574 0 
