1
BAKED_SKELETAL

19

CLIPNAME#idle
11

0.416667
1 0 0 0 
0 1 0 0 
0 0 1 0 
0 12.3768 0 1 

1 0 0 0 
0 1 0 0 
0 0 1 0 
0 12.3768 0 1 

1 0 0 0 
0 1 0 0 
0 0 1 0 
0 12.3768 -1.49012e-008 1 

1 0 0 0 
0 1 0 0 
0 0 1 0 
0 12.3768 -2.98023e-008 1 

1 0 0 0 
0 1 0 0 
0 0 1 0 
0 12.3768 -1.49012e-008 1 

0.998063 -0.00891143 -0.061563 0 
0.00912071 0.999954 0.00311925 0 
0.0615323 -0.00367471 0.998098 0 
-0.147835 12.3994 0.0985512 1 

0.99519 -0.00938144 0.0975097 0 
0.00912071 0.999954 0.00311925 0 
-0.0975344 -0.00221489 0.99523 0 
-0.262211 12.4041 -1.07918 1 

0.99519 -0.00938144 0.0975097 0 
0.00912071 0.999954 0.00311925 0 
-0.0975344 -0.00221489 0.99523 0 
-0.262211 12.4041 -1.07918 1 

0.995821 0.0153222 0.090028 0 
-0.0158722 0.999859 0.00539674 0 
-0.0899327 -0.00680313 0.995925 0 
0.27963 12.4185 0.131229 1 

0.994842 0.0163329 -0.100111 0 
-0.0158722 0.999859 0.00539674 0 
0.100185 -0.00377991 0.994962 0 
0.393236 12.4279 -1.27441 1 

0.994842 0.0163329 -0.100111 0 
-0.0158722 0.999859 0.00539674 0 
0.100185 -0.00377991 0.994962 0 
0.393236 12.4279 -1.27441 1 

0.999999 -0.000964871 -0.000624576 0 
0.000933052 0.998794 -0.0490836 0 
0.000671182 0.049083 0.998794 0 
-0.0118828 12.3887 0.622725 1 

0.999999 -0.000964871 -0.000624576 0 
0.00100526 0.997666 0.0682676 0 
0.000557249 -0.0682682 0.997667 0 
-0.0123204 12.4155 -0.119392 1 

0.999999 -0.000964871 -0.000624576 0 
0.00100526 0.997666 0.0682676 0 
0.000557249 -0.0682682 0.997667 0 
-0.0123204 12.4155 -0.119392 1 

0.999999 -0.000964871 -0.000624576 0 
0.00100526 0.997666 0.0682676 0 
0.000557249 -0.0682682 0.997667 0 
-0.0123204 12.4155 -0.119392 1 

0.999998 -0.0015971 -0.00103382 0 
0.00154126 0.99865 -0.0519277 0 
0.00111536 0.051926 0.99865 0 
-0.0196339 12.386 0.656031 1 

0.999998 -0.0015971 -0.00103382 0 
0.00166647 0.997475 0.0710029 0 
0.00091781 -0.0710045 0.997476 0 
-0.0203928 12.4141 -0.121371 1 

0.999998 -0.0015971 -0.00103382 0 
0.00166647 0.997475 0.0710029 0 
0.00091781 -0.0710045 0.997476 0 
-0.0203928 12.4141 -0.121371 1 

0.999998 -0.0015971 -0.00103382 0 
0.00166647 0.997475 0.0710029 0 
0.00091781 -0.0710045 0.997476 0 
-0.0203928 12.4141 -0.121371 1 

0.458333
1 0 0 0 
0 1 0 0 
0 0 1 0 
0 12.3768 0 1 

1 0 0 0 
0 1 0 0 
0 0 1 0 
0 12.3768 0 1 

1 0 0 0 
0 1 0 0 
0 0 1 0 
0 12.3768 -1.49012e-008 1 

1 0 0 0 
0 1 0 0 
0 0 1 0 
0 12.3768 -2.98023e-008 1 

1 0 0 0 
0 1 0 0 
0 0 1 0 
0 12.3768 -1.49012e-008 1 

0.997456 -0.0108934 -0.0704423 0 
0.0111907 0.99993 0.00382719 0 
0.0703957 -0.00460575 0.997509 0 
-0.182861 12.4046 0.107672 1 

0.99343 -0.0115538 0.113855 0 
0.0111907 0.99993 0.00382719 0 
-0.113891 -0.00252792 0.99349 0 
-0.310218 12.4113 -1.25741 1 

0.99343 -0.0115538 0.113855 0 
0.0111907 0.99993 0.00382719 0 
-0.113891 -0.00252792 0.99349 0 
-0.310218 12.4113 -1.25741 1 

0.994428 0.0187135 0.103741 0 
-0.0195063 0.999788 0.00663235 0 
-0.103595 -0.008619 0.994582 0 
0.34397 12.4285 0.142996 1 

0.993159 0.0201399 -0.115018 0 
-0.0195063 0.999788 0.00663235 0 
0.115127 -0.0043434 0.993341 0 
0.473617 12.4417 -1.47431 1 

0.993159 0.0201399 -0.115018 0 
-0.0195063 0.999788 0.00663235 0 
0.115127 -0.0043434 0.993341 0 
0.473617 12.4417 -1.47431 1 

0.999999 -0.00118364 -0.000766183 0 
0.00113823 0.998387 -0.0567709 0 
0.000832143 0.05677 0.998387 0 
-0.0144967 12.3934 0.720352 1 

0.999999 -0.00118364 -0.000766183 0 
0.00124064 0.996853 0.0792592 0 
0.000669958 -0.07926 0.996854 0 
-0.0151173 12.4259 -0.139851 1 

0.999999 -0.00118364 -0.000766183 0 
0.00124064 0.996853 0.0792592 0 
0.000669958 -0.07926 0.996854 0 
-0.0151173 12.4259 -0.139851 1 

0.999999 -0.00118364 -0.000766183 0 
0.00124064 0.996853 0.0792592 0 
0.000669958 -0.07926 0.996854 0 
-0.0151173 12.4259 -0.139851 1 

0.999997 -0.00195945 -0.00126838 0 
0.00187979 0.998195 -0.0600242 0 
0.0013837 0.0600216 0.998196 0 
-0.0239495 12.3904 0.758225 1 

0.999997 -0.00195945 -0.00126838 0 
0.0020572 0.996605 0.0823078 0 
0.00110279 -0.0823102 0.996606 0 
-0.0250245 12.4243 -0.141831 1 

0.999997 -0.00195945 -0.00126838 0 
0.0020572 0.996605 0.0823078 0 
0.00110279 -0.0823102 0.996606 0 
-0.0250247 12.4243 -0.141831 1 

0.999997 -0.00195945 -0.00126838 0 
0.0020572 0.996605 0.0823078 0 
0.00110279 -0.0823102 0.996606 0 
-0.0250247 12.4243 -0.141831 1 

0.5
1 0 0 0 
0 1 0 0 
0 0 1 0 
0 12.3768 0 1 

1 0 0 0 
0 1 0 0 
0 0 1 0 
0 12.3768 0 1 

1 0 0 0 
0 1 0 0 
0 0 1 0 
0 12.3768 -1.49012e-008 1 

1 0 0 0 
0 1 0 0 
0 0 1 0 
0 12.3768 -2.98023e-008 1 

1 0 0 0 
0 1 0 0 
0 0 1 0 
0 12.3768 -1.49012e-008 1 

0.99678 -0.0130517 -0.0791147 0 
0.0134578 0.999899 0.00460252 0 
0.0790466 -0.00565241 0.996855 0 
-0.221588 12.4104 0.114933 1 

0.991343 -0.0139436 0.130558 0 
0.0134578 0.999899 0.00460252 0 
-0.130609 -0.00280565 0.99143 0 
-0.360144 12.4194 -1.43883 1 

0.991343 -0.0139436 0.130558 0 
0.0134578 0.999899 0.00460252 0 
-0.130609 -0.00280565 0.99143 0 
-0.360144 12.4194 -1.43883 1 

0.992819 0.0223988 0.117514 0 
-0.0234996 0.999692 0.00799012 0 
-0.117299 -0.0106943 0.993039 0 
0.414742 12.4396 0.152492 1 

0.991229 0.0243388 -0.129896 0 
-0.0234996 0.999692 0.00799012 0 
0.13005 -0.00486755 0.991496 0 
0.560214 12.4576 -1.67671 1 

0.991229 0.0243388 -0.129896 0 
-0.0234996 0.999692 0.00799012 0 
0.13005 -0.00486755 0.991496 0 
0.560214 12.4576 -1.67671 1 

0.999999 -0.00142314 -0.000921216 0 
0.00136076 0.997917 -0.0645017 0 
0.00101109 0.0645004 0.997917 0 
-0.0173322 12.399 0.818559 1 

0.999999 -0.00142314 -0.000921216 0 
0.00150059 0.995905 0.0903986 0 
0.000788794 -0.0903998 0.995905 0 
-0.0181795 12.4377 -0.160928 1 

0.999999 -0.00142314 -0.000921216 0 
0.00150059 0.995905 0.0903986 0 
0.000788794 -0.0903998 0.995905 0 
-0.0181794 12.4377 -0.160928 1 

0.999999 -0.00142314 -0.000921216 0 
0.00150059 0.995905 0.0903986 0 
0.000788794 -0.0903998 0.995905 0 
-0.0181794 12.4377 -0.160928 1 

0.999996 -0.00235627 -0.00152524 0 
0.00224682 0.997671 -0.068168 0 
0.00168231 0.0681643 0.997673 0 
-0.02863 12.3955 0.860991 1 

0.999996 -0.00235627 -0.00152524 0 
0.00248888 0.995593 0.0937451 0 
0.00129763 -0.0937485 0.995595 0 
-0.0300968 12.4358 -0.162844 1 

0.999996 -0.00235627 -0.00152524 0 
0.00248888 0.995593 0.0937451 0 
0.00129763 -0.0937485 0.995595 0 
-0.0300967 12.4358 -0.162844 1 

0.999996 -0.00235627 -0.00152524 0 
0.00248888 0.995593 0.0937451 0 
0.00129763 -0.0937485 0.995595 0 
-0.0300967 12.4358 -0.162844 1 

0.541667
1 0 0 0 
0 1 0 0 
0 0 1 0 
0 12.3768 0 1 

1 0 0 0 
0 1 0 0 
0 0 1 0 
0 12.3768 0 1 

1 0 0 0 
0 1 0 0 
0 0 1 0 
0 12.3768 -1.49012e-008 1 

1 0 0 0 
0 1 0 0 
0 0 1 0 
0 12.3768 -2.98023e-008 1 

1 0 0 0 
0 1 0 0 
0 0 1 0 
0 12.3768 -1.49012e-008 1 

0.996044 -0.015381 -0.0875249 0 
0.0159183 0.999858 0.00544399 0 
0.0874287 -0.00681569 0.996147 0 
-0.263988 12.4168 0.120221 1 

0.988917 -0.0165474 0.147542 0 
0.0159183 0.999858 0.00544399 0 
-0.147611 -0.00303504 0.989041 0 
-0.411707 12.4286 -1.6226 1 

0.988917 -0.0165474 0.147542 0 
0.0159183 0.999858 0.00544399 0 
-0.147611 -0.00303504 0.989041 0 
-0.411707 12.4286 -1.6226 1 

0.990993 0.0263666 0.131293 0 
-0.0278493 0.999567 0.00946906 0 
-0.130986 -0.0130402 0.991298 0 
0.491901 12.452 0.159599 1 

0.989055 0.028927 -0.144685 0 
-0.0278493 0.999567 0.00946906 0 
0.144896 -0.00533606 0.989433 0 
0.652935 12.4758 -1.88091 1 

0.989055 0.028927 -0.144685 0 
-0.0278493 0.999567 0.00946906 0 
0.144896 -0.00533606 0.989433 0 
0.652935 12.4758 -1.88091 1 

0.999998 -0.00168298 -0.00108941 0 
0.00159988 0.997386 -0.0722422 0 
0.00120815 0.0722404 0.997387 0 
-0.0203794 12.4054 0.916917 1 

0.999998 -0.00168298 -0.00108941 0 
0.00178499 0.99482 0.10164 0 
0.000912712 -0.101641 0.994821 0 
-0.0215008 12.4508 -0.182545 1 

0.999998 -0.00168298 -0.00108941 0 
0.00178499 0.99482 0.10164 0 
0.000912712 -0.101641 0.994821 0 
-0.0215008 12.4508 -0.182545 1 

0.999998 -0.00168298 -0.00108941 0 
0.00178499 0.99482 0.10164 0 
0.000912712 -0.101641 0.994821 0 
-0.0215008 12.4508 -0.182545 1 

0.999995 -0.0027869 -0.00180399 0 
0.00264109 0.997079 -0.0763253 0 
0.00201143 0.0763201 0.997081 0 
-0.0336586 12.4015 0.963899 1 

0.999995 -0.0027869 -0.00180399 0 
0.00296133 0.994439 0.105269 0 
0.00150059 -0.105274 0.994442 0 
-0.0355986 12.4486 -0.184336 1 

0.999995 -0.0027869 -0.00180399 0 
0.00296133 0.994439 0.105269 0 
0.00150059 -0.105274 0.994442 0 
-0.0355986 12.4486 -0.184335 1 

0.999995 -0.0027869 -0.00180399 0 
0.00296133 0.994439 0.105269 0 
0.00150059 -0.105274 0.994442 0 
-0.0355986 12.4486 -0.184335 1 

0.583333
1 0 0 0 
0 1 0 0 
0 0 1 0 
0 12.3768 0 1 

1 0 0 0 
0 1 0 0 
0 0 1 0 
0 12.3768 0 1 

1 0 0 0 
0 1 0 0 
0 0 1 0 
0 12.3768 -1.49012e-008 1 

1 0 0 0 
0 1 0 0 
0 0 1 0 
0 12.3768 -2.98023e-008 1 

1 0 0 0 
0 1 0 0 
0 0 1 0 
0 12.3768 -1.49012e-008 1 

0.995256 -0.0178766 -0.095631 0 
0.0185685 0.999807 0.00635037 0 
0.0954991 -0.00809597 0.995397 0 
-0.310032 12.4238 0.123453 1 

0.986146 -0.0193612 0.164748 0 
0.0185685 0.999807 0.00635037 0 
-0.164839 -0.00320326 0.986315 0 
-0.464656 12.4389 -1.80806 1 

0.986146 -0.0193612 0.164748 0 
0.0185685 0.999807 0.00635037 0 
-0.164839 -0.00320326 0.986315 0 
-0.464656 12.4389 -1.80806 1 

0.988953 0.0306058 0.145037 0 
-0.0325526 0.999409 0.0110682 0 
-0.144613 -0.0156673 0.989364 0 
0.575409 12.4657 0.164228 1 

0.986642 0.0339014 -0.15934 0 
-0.0325526 0.999409 0.0110682 0 
0.159621 -0.00573347 0.987162 0 
0.751705 12.4964 -2.08635 1 

0.986642 0.0339014 -0.15934 0 
-0.0325526 0.999409 0.0110682 0 
0.159621 -0.00573347 0.987162 0 
0.751706 12.4964 -2.08635 1 

0.999997 -0.00196276 -0.00127051 0 
0.00185487 0.996796 -0.0799671 0 
0.0014234 0.0799646 0.996797 0 
-0.0236292 12.4125 1.01511 1 

0.999997 -0.00196276 -0.00127051 0 
0.0020937 0.993599 0.112947 0 
0.00104069 -0.11295 0.9936 0 
-0.0250757 12.4651 -0.204642 1 

0.999997 -0.00196276 -0.00127051 0 
0.0020937 0.993599 0.112947 0 
0.00104069 -0.11295 0.9936 0 
-0.0250757 12.4651 -0.204642 1 

0.999997 -0.00196276 -0.00127051 0 
0.0020937 0.993599 0.112947 0 
0.00104069 -0.11295 0.9936 0 
-0.0250757 12.4651 -0.204642 1 

0.999992 -0.00325072 -0.00210422 0 
0.00306137 0.996421 -0.0844707 0 
0.00237128 0.0844636 0.996424 0 
-0.0390205 12.4082 1.06663 1 

0.999992 -0.00325072 -0.00210422 0 
0.00347433 0.993144 0.116845 0 
0.00170997 -0.116851 0.993148 0 
-0.0415219 12.4627 -0.206245 1 

0.999992 -0.00325072 -0.00210422 0 
0.00347433 0.993144 0.116845 0 
0.00170997 -0.116851 0.993148 0 
-0.0415218 12.4627 -0.206245 1 

0.999992 -0.00325072 -0.00210422 0 
0.00347433 0.993144 0.116845 0 
0.00170997 -0.116851 0.993148 0 
-0.0415218 12.4627 -0.206245 1 

0.625
1 0 0 0 
0 1 0 0 
0 0 1 0 
0 12.3768 0 1 

1 0 0 0 
0 1 0 0 
0 0 1 0 
0 12.3768 0 1 

1 0 0 0 
0 1 0 0 
0 0 1 0 
0 12.3768 -1.49012e-008 1 

1 0 0 0 
0 1 0 0 
0 0 1 0 
0 12.3768 -2.98023e-008 1 

1 0 0 0 
0 1 0 0 
0 0 1 0 
0 12.3768 -1.49012e-008 1 

0.994428 -0.020534 -0.103401 0 
0.021405 0.999744 0.00732042 0 
0.103224 -0.00949292 0.994613 0 
-0.359689 12.4313 0.124574 1 

0.983021 -0.0223805 0.182125 0 
0.021405 0.999744 0.00732042 0 
-0.182242 -0.00329775 0.983248 0 
-0.518767 12.4503 -1.99468 1 

0.983021 -0.0223805 0.182125 0 
0.021405 0.999744 0.00732042 0 
-0.182242 -0.00329775 0.983248 0 
-0.518767 12.4503 -1.99468 1 

0.9867 0.0351052 0.158715 0 
-0.0376071 0.999211 0.0127868 0 
-0.158141 -0.0185856 0.987242 0 
0.665229 12.4808 0.16631 1 

0.983994 0.0392588 -0.173826 0 
-0.0376071 0.999211 0.0127868 0 
0.174191 -0.00604508 0.984693 0 
0.856464 12.5195 -2.2926 1 

0.983994 0.0392588 -0.173826 0 
-0.0376071 0.999211 0.0127868 0 
0.174191 -0.00604508 0.984693 0 
0.856464 12.5195 -2.2926 1 

0.999996 -0.00226207 -0.00146426 0 
0.00212501 0.996148 -0.0876573 0 
0.00165691 0.0876538 0.99615 0 
-0.0270723 12.4204 1.11288 1 

0.999996 -0.00226207 -0.00146426 0 
0.00242653 0.992242 0.124295 0 
0.00117174 -0.124298 0.992244 0 
-0.0288981 12.4807 -0.227169 1 

0.999996 -0.00226207 -0.00146426 0 
0.00242653 0.992242 0.124295 0 
0.00117174 -0.124298 0.992244 0 
-0.0288982 12.4807 -0.227168 1 

0.999996 -0.00226207 -0.00146426 0 
0.00242653 0.992242 0.124295 0 
0.00117174 -0.124298 0.992244 0 
-0.0288982 12.4807 -0.227168 1 

0.99999 -0.0037471 -0.00242553 0 
0.00350645 0.995699 -0.092585 0 
0.00276203 0.0925756 0.995702 0 
-0.0447006 12.4158 1.16894 1 

0.99999 -0.0037471 -0.00242553 0 
0.00402762 0.991708 0.128446 0 
0.00192412 -0.128454 0.991714 0 
-0.0478568 12.4781 -0.228525 1 

0.99999 -0.0037471 -0.00242553 0 
0.00402762 0.991708 0.128446 0 
0.00192412 -0.128454 0.991714 0 
-0.0478568 12.4781 -0.228525 1 

0.99999 -0.0037471 -0.00242553 0 
0.00402762 0.991708 0.128446 0 
0.00192412 -0.128454 0.991714 0 
-0.0478568 12.4781 -0.228525 1 

0.666667
1 0 0 0 
0 1 0 0 
0 0 1 0 
0 12.3768 0 1 

1 0 0 0 
0 1 0 0 
0 0 1 0 
0 12.3768 0 1 

1 0 0 0 
0 1 0 0 
0 0 1 0 
0 12.3768 -1.49012e-008 1 

1 0 0 0 
0 1 0 0 
0 0 1 0 
0 12.3768 -2.98023e-008 1 

1 0 0 0 
0 1 0 0 
0 0 1 0 
0 12.3768 -1.49012e-008 1 

0.993567 -0.0233491 -0.110809 0 
0.024424 0.999667 0.00835293 0 
0.110577 -0.0110056 0.993807 0 
-0.412924 12.4396 0.123547 1 

0.979537 -0.0256003 0.199631 0 
0.024424 0.999667 0.00835293 0 
-0.199778 -0.0033062 0.979836 0 
-0.573836 12.4628 -2.18201 1 

0.979537 -0.0256003 0.199631 0 
0.024424 0.999667 0.00835293 0 
-0.199778 -0.0033062 0.979836 0 
-0.573836 12.4628 -2.18201 1 

0.984238 0.0398539 0.172299 0 
-0.0430104 0.998968 0.014624 0 
-0.171539 -0.0218042 0.984936 0 
0.761331 12.4974 0.165794 1 

0.981116 0.0449957 -0.188115 0 
-0.0430104 0.998968 0.014624 0 
0.188578 -0.00625697 0.982038 0 
0.967155 12.5453 -2.49931 1 

0.981116 0.0449957 -0.188115 0 
-0.0430104 0.998968 0.014624 0 
0.188578 -0.00625697 0.982038 0 
0.967155 12.5453 -2.49931 1 

0.999995 -0.00258053 -0.00167041 0 
0.00240961 0.995446 -0.0952978 0 
0.00190872 0.0952934 0.995447 0 
-0.0306998 12.4291 1.21006 1 

0.999995 -0.00258053 -0.00167041 0 
0.00278329 0.990752 0.13566 0 
0.00130488 -0.135664 0.990754 0 
-0.0329624 12.4975 -0.250083 1 

0.999995 -0.00258053 -0.00167041 0 
0.00278329 0.990752 0.13566 0 
0.00130488 -0.135664 0.990754 0 
-0.0329623 12.4975 -0.250083 1 

0.999995 -0.00258053 -0.00167041 0 
0.00278329 0.990752 0.13566 0 
0.00130488 -0.135664 0.990754 0 
-0.0329623 12.4975 -0.250083 1 

0.999987 -0.00427542 -0.00276752 0 
0.00397517 0.994914 -0.100653 0 
0.00318378 0.100641 0.994918 0 
-0.050684 12.424 1.27064 1 

0.999987 -0.00427542 -0.00276752 0 
0.00462089 0.990134 0.140051 0 
0.00214144 -0.140061 0.99014 0 
-0.0545938 12.4946 -0.251136 1 

0.999987 -0.00427542 -0.00276752 0 
0.00462089 0.990134 0.140051 0 
0.00214144 -0.140061 0.99014 0 
-0.0545937 12.4946 -0.251136 1 

0.999987 -0.00427542 -0.00276752 0 
0.00462089 0.990134 0.140051 0 
0.00214144 -0.140061 0.99014 0 
-0.0545937 12.4946 -0.251136 1 

0.708333
1 0 0 0 
0 1 0 0 
0 0 1 0 
0 12.3768 0 1 

1 0 0 0 
0 1 0 0 
0 0 1 0 
0 12.3768 0 1 

1 0 0 0 
0 1 0 0 
0 0 1 0 
0 12.3768 -1.49012e-008 1 

1 0 0 0 
0 1 0 0 
0 0 1 0 
0 12.3768 -2.98023e-008 1 

1 0 0 0 
0 1 0 0 
0 0 1 0 
0 12.3768 -1.49012e-008 1 

0.992684 -0.0263181 -0.117836 0 
0.0276221 0.999574 0.00944667 0 
0.117537 -0.0126324 0.992988 0 
-0.469699 12.4484 0.120345 1 

0.975689 -0.0290151 0.217231 0 
0.0276221 0.999574 0.00944667 0 
-0.217412 -0.00321664 0.976075 0 
-0.629673 12.4764 -2.36966 1 

0.975689 -0.0290151 0.217231 0 
0.0276221 0.999574 0.00944667 0 
-0.217412 -0.00321664 0.976075 0 
-0.629674 12.4764 -2.36966 1 

0.98157 0.0448413 0.185769 0 
-0.0487603 0.998673 0.016579 0 
-0.184779 -0.0253316 0.982454 0 
0.863684 12.5156 0.162638 1 

0.978013 0.051108 -0.202183 0 
-0.0487603 0.998673 0.016579 0 
0.202762 -0.00635602 0.979207 0 
1.08373 12.5739 -2.70618 1 

0.978013 0.051108 -0.202183 0 
-0.0487603 0.998673 0.016579 0 
0.202762 -0.00635602 0.979207 0 
1.08373 12.5739 -2.70618 1 

0.999994 -0.00291776 -0.00188869 0 
0.00270798 0.99469 -0.102877 0 
0.00217884 0.102872 0.994692 0 
-0.0345037 12.4385 1.30649 1 

0.999994 -0.00291776 -0.00188869 0 
0.00316374 0.989128 0.147026 0 
0.00143917 -0.147031 0.989131 0 
-0.0372626 12.5156 -0.27335 1 

0.999994 -0.00291776 -0.00188869 0 
0.00316374 0.989128 0.147026 0 
0.00143917 -0.147031 0.989131 0 
-0.0372626 12.5156 -0.27335 1 

0.999994 -0.00291776 -0.00188869 0 
0.00316374 0.989128 0.147026 0 
0.00143917 -0.147031 0.989131 0 
-0.0372626 12.5156 -0.27335 1 

0.999983 -0.00483508 -0.00312979 0 
0.00446638 0.994069 -0.108664 0 
0.00363663 0.108649 0.994074 0 
-0.0569563 12.433 1.37159 1 

0.999983 -0.00483508 -0.00312979 0 
0.0052538 0.988421 0.151643 0 
0.00236035 -0.151657 0.98843 0 
-0.0617231 12.5124 -0.274045 1 

0.999983 -0.00483508 -0.00312979 0 
0.0052538 0.988421 0.151643 0 
0.00236035 -0.151657 0.98843 0 
-0.0617231 12.5124 -0.274045 1 

0.999983 -0.00483508 -0.00312979 0 
0.0052538 0.988421 0.151643 0 
0.00236035 -0.151657 0.98843 0 
-0.0617231 12.5124 -0.274045 1 

0.75
1 0 0 0 
0 1 0 0 
0 0 1 0 
0 12.3768 0 1 

1 0 0 0 
0 1 0 0 
0 0 1 0 
0 12.3768 0 1 

1 0 0 0 
0 1 0 0 
0 0 1 0 
0 12.3768 -1.49012e-008 1 

1 0 0 0 
0 1 0 0 
0 0 1 0 
0 12.3768 -2.98023e-008 1 

1 0 0 0 
0 1 0 0 
0 0 1 0 
0 12.3768 -1.49012e-008 1 

0.991787 -0.0294376 -0.124464 0 
0.0309958 0.999463 0.0106004 0 
0.124086 -0.0143713 0.992167 0 
-0.529977 12.458 0.114956 1 

0.971474 -0.0326191 0.234891 0 
0.0309958 0.999463 0.0106004 0 
-0.235111 -0.00301742 0.971964 0 
-0.686109 12.4912 -2.55732 1 

0.971474 -0.0326191 0.234891 0 
0.0309958 0.999463 0.0106004 0 
-0.235111 -0.00301742 0.971964 0 
-0.68611 12.4912 -2.55732 1 

0.978699 0.0500566 0.199104 0 
-0.0548545 0.99832 0.0186511 0 
-0.197836 -0.0291756 0.979801 0 
0.972262 12.5354 0.156809 1 

0.974691 0.0575918 -0.216012 0 
-0.0548545 0.99832 0.0186511 0 
0.216723 -0.00632988 0.976213 0 
1.20614 12.6056 -2.91296 1 

0.974691 0.0575918 -0.216012 0 
-0.0548545 0.99832 0.0186511 0 
0.216723 -0.00632988 0.976213 0 
1.20614 12.6056 -2.91296 1 

0.999992 -0.00327336 -0.00211888 0 
0.00301947 0.993884 -0.110387 0 
0.00246726 0.11038 0.993886 0 
-0.0384749 12.4485 1.40206 1 

0.999992 -0.00327336 -0.00211888 0 
0.00356764 0.987372 0.15838 0 
0.00157369 -0.158386 0.987376 0 
-0.0417925 12.5348 -0.29694 1 

0.999992 -0.00327336 -0.00211888 0 
0.00356764 0.987372 0.15838 0 
0.00157369 -0.158386 0.987376 0 
-0.0417925 12.5348 -0.29694 1 

0.999992 -0.00327336 -0.00211888 0 
0.00356764 0.987372 0.15838 0 
0.00157369 -0.158386 0.987376 0 
-0.0417925 12.5348 -0.296941 1 

0.999979 -0.00542548 -0.00351196 0 
0.00497898 0.993165 -0.116609 0 
0.00412061 0.116589 0.993172 0 
-0.0635036 12.4427 1.47166 1 

0.999979 -0.00542548 -0.00351196 0 
0.00592594 0.986574 0.163209 0 
0.00257932 -0.163227 0.986585 0 
-0.0692352 12.5313 -0.297225 1 

0.999979 -0.00542548 -0.00351196 0 
0.00592594 0.986574 0.163209 0 
0.00257932 -0.163227 0.986585 0 
-0.0692352 12.5313 -0.297225 1 

0.999979 -0.00542548 -0.00351196 0 
0.00592594 0.986574 0.163209 0 
0.00257932 -0.163227 0.986585 0 
-0.0692352 12.5313 -0.297225 1 

0.791667
1 0 0 0 
0 1 0 0 
0 0 1 0 
0 12.3768 0 1 

1 0 0 0 
0 1 0 0 
0 0 1 0 
0 12.3768 0 1 

1 0 0 0 
0 1 0 0 
0 0 1 0 
0 12.3768 -1.49012e-008 1 

1 0 0 0 
0 1 0 0 
0 0 1 0 
0 12.3768 -2.98023e-008 1 

1 0 0 0 
0 1 0 0 
0 0 1 0 
0 12.3768 -1.49012e-008 1 

0.990885 -0.0327046 -0.130682 0 
0.0345414 0.999333 0.011813 0 
0.130208 -0.0162193 0.991354 0 
-0.593715 12.4683 0.10737 1 

0.96689 -0.0364058 0.252585 0 
0.0345414 0.999333 0.011813 0 
-0.252847 -0.00269726 0.967503 0 
-0.742982 12.5071 -2.74467 1 

0.96689 -0.0364058 0.252585 0 
0.0345414 0.999333 0.011813 0 
-0.252847 -0.00269726 0.967503 0 
-0.742982 12.5071 -2.74467 1 

0.97563 0.0554895 0.21229 0 
-0.0612908 0.997902 0.0208396 0 
-0.210688 -0.0333431 0.976985 0 
1.08704 12.557 0.148279 1 

0.971153 0.0644424 -0.229584 0 
-0.0612908 0.997902 0.0208396 0 
0.230445 -0.006167 0.973066 0 
1.33435 12.6404 -3.11942 1 

0.971153 0.0644424 -0.229584 0 
-0.0612908 0.997902 0.0208396 0 
0.230445 -0.006167 0.973066 0 
1.33435 12.6404 -3.11942 1 

0.999991 -0.00364696 -0.00236071 0 
0.00334343 0.993029 -0.11782 0 
0.00277394 0.117811 0.993032 0 
-0.0426054 12.4592 1.49667 1 

0.999991 -0.00364696 -0.00236071 0 
0.0039947 0.985486 0.169709 0 
0.00170753 -0.169717 0.985491 0 
-0.0465462 12.5551 -0.320826 1 

0.999991 -0.00364696 -0.00236071 0 
0.0039947 0.985486 0.169709 0 
0.00170753 -0.169717 0.985491 0 
-0.0465462 12.5551 -0.320826 1 

0.999991 -0.00364696 -0.00236071 0 
0.0039947 0.985486 0.169709 0 
0.00170753 -0.169717 0.985491 0 
-0.0465462 12.5551 -0.320826 1 

0.999974 -0.00604601 -0.00391363 0 
0.00551187 0.992207 -0.12448 0 
0.00463574 0.124455 0.992215 0 
-0.0703125 12.453 1.57079 1 

0.999974 -0.00604601 -0.00391363 0 
0.00663689 0.984592 0.174739 0 
0.00279686 -0.17476 0.984607 0 
-0.0771205 12.5514 -0.320649 1 

0.999974 -0.00604601 -0.00391363 0 
0.00663689 0.984592 0.174739 0 
0.00279686 -0.17476 0.984607 0 
-0.0771204 12.5514 -0.320649 1 

0.999974 -0.00604601 -0.00391363 0 
0.00663689 0.984592 0.174739 0 
0.00279686 -0.17476 0.984607 0 
-0.0771204 12.5514 -0.320649 1 

0.833333
1 0 0 0 
0 1 0 0 
0 0 1 0 
0 12.3768 0 1 

1 0 0 0 
0 1 0 0 
0 0 1 0 
0 12.3768 0 1 

1 0 0 0 
0 1 0 0 
0 0 1 0 
0 12.3768 -1.49012e-008 1 

1 0 0 0 
0 1 0 0 
0 0 1 0 
0 12.3768 -2.98023e-008 1 

1 0 0 0 
0 1 0 0 
0 0 1 0 
0 12.3768 -1.49012e-008 1 

0.989985 -0.0361162 -0.136477 0 
0.0382553 0.999182 0.0130832 0 
0.135893 -0.0181731 0.990557 0 
-0.660869 12.4793 0.0975871 1 

0.961934 -0.0403683 0.270285 0 
0.0382553 0.999182 0.0130832 0 
-0.270592 -0.00224533 0.962692 0 
-0.800144 12.5243 -2.93147 1 

0.961934 -0.0403683 0.270285 0 
0.0382553 0.999182 0.0130832 0 
-0.270592 -0.00224533 0.962692 0 
-0.800145 12.5243 -2.93147 1 

0.972367 0.0611298 0.225311 0 
-0.068067 0.997412 0.0231435 0 
-0.223313 -0.0378403 0.974012 0 
1.20798 12.5805 0.137028 1 

0.967405 0.071655 -0.242886 0 
-0.068067 0.997412 0.0231435 0 
0.243916 -0.00585664 0.969779 0 
1.46829 12.6786 -3.32539 1 

0.967405 0.071655 -0.242886 0 
-0.068067 0.997412 0.0231435 0 
0.243916 -0.00585664 0.969779 0 
1.46829 12.6786 -3.32539 1 

0.999988 -0.00403818 -0.00261395 0 
0.00367925 0.992128 -0.12517 0 
0.00309883 0.125158 0.992132 0 
-0.0468874 12.4705 1.59027 1 

0.999988 -0.00403818 -0.00261395 0 
0.00444462 0.983472 0.181004 0 
0.00183982 -0.181013 0.983479 0 
-0.0515177 12.5766 -0.344985 1 

0.999988 -0.00403818 -0.00261395 0 
0.00444462 0.983472 0.181004 0 
0.00183982 -0.181013 0.983479 0 
-0.0515176 12.5766 -0.344984 1 

0.999988 -0.00403818 -0.00261395 0 
0.00444462 0.983472 0.181004 0 
0.00183982 -0.181013 0.983479 0 
-0.0515176 12.5766 -0.344985 1 

0.999968 -0.00669609 -0.00433443 0 
0.006064 0.991195 -0.132271 0 
0.00518197 0.13224 0.991204 0 
-0.0773696 12.464 1.66887 1 

0.999968 -0.00669609 -0.00433443 0 
0.00738617 0.98248 0.186222 0 
0.00301154 -0.186248 0.982498 0 
-0.085369 12.5725 -0.344296 1 

0.999968 -0.00669609 -0.00433443 0 
0.00738617 0.98248 0.186222 0 
0.00301154 -0.186248 0.982498 0 
-0.085369 12.5725 -0.344296 1 

0.999968 -0.00669609 -0.00433443 0 
0.00738617 0.98248 0.186222 0 
0.00301154 -0.186248 0.982498 0 
-0.085369 12.5725 -0.344296 1 

CLIPNAME#walking
21

1.25
1 0 0 0 
0 1 0 0 
0 0 1 0 
0 12.3768 0 1 

1 0 0 0 
0 1 0 0 
0 0 1 0 
0 12.3768 0 1 

1 0 0 0 
0 1 0 0 
0 0 1 0 
0 12.3768 -1.49012e-008 1 

1 0 0 0 
0 1 0 0 
0 0 1 0 
0 12.3768 -2.98023e-008 1 

1 0 0 0 
0 1 0 0 
0 0 1 0 
0 12.3768 -1.49012e-008 1 

0.982409 -0.0777981 -0.169767 0 
0.0838343 0.996067 0.028671 0 
0.166869 -0.042399 0.985067 0 
-1.50851 12.6382 -0.118827 1 

0.892259 -0.0878457 0.442896 0 
0.0838343 0.996067 0.028671 0 
-0.443673 0.0115479 0.896114 0 
-1.36293 12.7584 -4.72123 1 

0.892259 -0.0878457 0.442896 0 
0.0838343 0.996067 0.028671 0 
-0.443673 0.0115479 0.896114 0 
-1.36293 12.7584 -4.72123 1 

0.930318 0.126831 0.344126 0 
-0.153871 0.986705 0.0523179 0 
-0.332915 -0.101623 0.937465 0 
2.74815 12.9491 -0.126686 1 

0.919168 0.162366 -0.358841 0 
-0.153871 0.986705 0.0523179 0 
0.362565 0.00712638 0.931931 0 
3.10782 13.2808 -5.32475 1 

0.919168 0.162366 -0.358841 0 
-0.153871 0.986705 0.0523179 0 
0.362565 0.00712638 0.931931 0 
3.10782 13.2808 -5.32475 1 

0.999945 -0.0088359 -0.00571955 0 
0.00756297 0.981088 -0.193414 0 
0.00732037 0.19336 0.981101 0 
-0.0964243 12.6115 2.46087 1 

0.999945 -0.0088359 -0.00571955 0 
0.010117 0.956764 0.29069 0 
0.00290375 -0.290732 0.9568 0 
-0.111839 12.8466 -0.597261 1 

0.999945 -0.0088359 -0.00571955 0 
0.010117 0.956764 0.29069 0 
0.00290375 -0.290732 0.9568 0 
-0.111839 12.8466 -0.597261 1 

0.999945 -0.0088359 -0.00571955 0 
0.010117 0.956764 0.29069 0 
0.00290375 -0.290732 0.9568 0 
-0.111839 12.8466 -0.597261 1 

0.999847 -0.0146919 -0.00951017 0 
0.0124301 0.978668 -0.20507 0 
0.0123202 0.20492 0.978701 0 
-0.158909 12.6024 2.58371 1 

0.999847 -0.0146919 -0.00951017 0 
0.0168547 0.954677 0.297166 0 
0.00471322 -0.29728 0.954779 0 
-0.185621 12.8383 -0.58918 1 

0.999847 -0.0146919 -0.00951017 0 
0.0168547 0.954677 0.297166 0 
0.00471322 -0.29728 0.954779 0 
-0.185621 12.8383 -0.58918 1 

0.999847 -0.0146919 -0.00951017 0 
0.0168547 0.954677 0.297166 0 
0.00471322 -0.29728 0.954779 0 
-0.185621 12.8383 -0.58918 1 

1.29167
1 0 0 0 
0 1 0 0 
0 0 1 0 
0 12.3768 0 1 

1 0 0 0 
0 1 0 0 
0 0 1 0 
0 12.3768 0 1 

1 0 0 0 
0 1 0 0 
0 0 1 0 
0 12.3768 -1.49012e-008 1 

1 0 0 0 
0 1 0 0 
0 0 1 0 
0 12.3768 -2.98023e-008 1 

1 0 0 0 
0 1 0 0 
0 0 1 0 
0 12.3768 -1.49012e-008 1 

0.981873 -0.0827013 -0.170548 0 
0.0891492 0.995552 0.0304887 0 
0.167268 -0.0451403 0.984878 0 
-1.60945 12.6598 -0.151924 1 

0.883378 -0.0931706 0.459307 0 
0.0891492 0.995552 0.0304887 0 
-0.460105 0.0140138 0.887754 0 
-1.41656 12.7876 -4.88831 1 

0.883378 -0.0931706 0.459307 0 
0.0891492 0.995552 0.0304887 0 
-0.460105 0.0140138 0.887754 0 
-1.41656 12.7876 -4.88832 1 

0.925314 0.134138 0.354684 0 
-0.164164 0.984853 0.0558176 0 
-0.341824 -0.109875 0.933319 0 
2.93392 13.0028 -0.168016 1 

0.913334 0.173132 -0.368573 0 
-0.164164 0.984853 0.0558176 0 
0.372653 0.00952628 0.927922 0 
3.29952 13.3668 -5.51592 1 

0.913334 0.173132 -0.368573 0 
-0.164164 0.984853 0.0558176 0 
0.372653 0.00952628 0.927922 0 
3.29952 13.3668 -5.51592 1 

0.999937 -0.00939581 -0.00608198 0 
0.00799238 0.97983 -0.199673 0 
0.0078354 0.199612 0.979844 0 
-0.101902 12.6278 2.54088 1 

0.999937 -0.00939581 -0.00608198 0 
0.0107916 0.95349 0.301232 0 
0.00296879 -0.301279 0.953531 0 
-0.118792 12.8784 -0.62319 1 

0.999937 -0.00939581 -0.00608198 0 
0.0107916 0.95349 0.301232 0 
0.00296879 -0.301279 0.953531 0 
-0.118792 12.8784 -0.62319 1 

0.999937 -0.00939581 -0.00608198 0 
0.0107916 0.95349 0.301232 0 
0.00296879 -0.301279 0.953531 0 
-0.118792 12.8784 -0.62319 1 

0.999827 -0.0156278 -0.010116 0 
0.0131317 0.977226 -0.211795 0 
0.0131955 0.211625 0.977262 0 
-0.167914 12.6184 2.66804 1 

0.999827 -0.0156278 -0.010116 0 
0.0179831 0.951289 0.307776 0 
0.00481337 -0.307905 0.951405 0 
-0.197196 12.8696 -0.614181 1 

0.999827 -0.0156278 -0.010116 0 
0.0179831 0.951289 0.307776 0 
0.00481337 -0.307905 0.951405 0 
-0.197196 12.8696 -0.614181 1 

0.999827 -0.0156278 -0.010116 0 
0.0179831 0.951289 0.307776 0 
0.00481337 -0.307905 0.951405 0 
-0.197196 12.8696 -0.614181 1 

1.33333
1 0 0 0 
0 1 0 0 
0 0 1 0 
0 12.3768 0 1 

1 0 0 0 
0 1 0 0 
0 0 1 0 
0 12.3768 0 1 

1 0 0 0 
0 1 0 0 
0 0 1 0 
0 12.3768 -1.49012e-008 1 

1 0 0 0 
0 1 0 0 
0 0 1 0 
0 12.3768 -2.98023e-008 1 

1 0 0 0 
0 1 0 0 
0 0 1 0 
0 12.3768 -1.49012e-008 1 

0.981381 -0.0877364 -0.17086 0 
0.0945849 0.994991 0.0323477 0 
0.167166 -0.0479062 0.984764 0 
-1.71302 12.6826 -0.187003 1 

0.874179 -0.098559 0.475497 0 
0.0945849 0.994991 0.0323477 0 
-0.476303 0.0166971 0.879123 0 
-1.46953 12.8177 -5.05257 1 

0.874179 -0.098559 0.475497 0 
0.0945849 0.994991 0.0323477 0 
-0.476303 0.0166971 0.879123 0 
-1.46953 12.8177 -5.05257 1 

0.920195 0.141547 0.364974 0 
-0.174745 0.982819 0.0594153 0 
-0.350293 -0.118451 0.92912 0 
3.12509 13.0602 -0.211973 1 

0.907325 0.184171 -0.377944 0 
-0.174745 0.982819 0.0594153 0 
0.382393 0.0121349 0.92392 0 
3.4957 13.4581 -5.70504 1 

0.907325 0.184171 -0.377944 0 
-0.174745 0.982819 0.0594153 0 
0.382393 0.0121349 0.92392 0 
3.4957 13.4581 -5.70504 1 

0.999929 -0.00996872 -0.00645283 0 
0.00842735 0.978552 -0.205826 0 
0.00836626 0.205757 0.978567 0 
-0.107451 12.6443 2.61956 1 

0.999929 -0.00996872 -0.00645283 0 
0.0114835 0.950117 0.311682 0 
0.00302387 -0.311735 0.950164 0 
-0.125887 12.911 -0.649184 1 

0.999929 -0.00996872 -0.00645283 0 
0.0114835 0.950117 0.311682 0 
0.00302387 -0.311735 0.950164 0 
-0.125887 12.911 -0.649185 1 

0.999929 -0.00996872 -0.00645283 0 
0.0114835 0.950117 0.311682 0 
0.00302387 -0.311735 0.950164 0 
-0.125887 12.911 -0.649185 1 

0.999805 -0.0165861 -0.0107363 0 
0.0138418 0.975758 -0.218413 0 
0.0140987 0.218222 0.975797 0 
-0.177034 12.6348 2.75101 1 

0.999805 -0.0165861 -0.0107363 0 
0.0191413 0.947802 0.318286 0 
0.00489677 -0.318429 0.947934 0 
-0.209013 12.9017 -0.639221 1 

0.999805 -0.0165861 -0.0107363 0 
0.0191413 0.947802 0.318286 0 
0.00489677 -0.318429 0.947934 0 
-0.209013 12.9017 -0.639221 1 

0.999805 -0.0165861 -0.0107363 0 
0.0191413 0.947802 0.318286 0 
0.00489677 -0.318429 0.947934 0 
-0.209013 12.9017 -0.639221 1 

1.375
1 0 0 0 
0 1 0 0 
0 0 1 0 
0 12.3768 0 1 

1 0 0 0 
0 1 0 0 
0 0 1 0 
0 12.3768 0 1 

1 0 0 0 
0 1 0 0 
0 0 1 0 
0 12.3768 -1.49012e-008 1 

1 0 0 0 
0 1 0 0 
0 0 1 0 
0 12.3768 -2.98023e-008 1 

1 0 0 0 
0 1 0 0 
0 0 1 0 
0 12.3768 -1.49012e-008 1 

0.980933 -0.0929031 -0.170702 0 
0.100137 0.994384 0.0342464 0 
0.166562 -0.0506869 0.984727 0 
-1.81914 12.7067 -0.224034 1 

0.864674 -0.104 0.49145 0 
0.100137 0.994384 0.0342464 0 
-0.492252 0.0196002 0.870232 0 
-1.52181 12.8486 -5.21386 1 

0.864674 -0.104 0.49145 0 
0.100137 0.994384 0.0342464 0 
-0.492252 0.0196002 0.870232 0 
-1.5218 12.8486 -5.21386 1 

0.914968 0.149051 0.374991 0 
-0.185606 0.980596 0.0631081 0 
-0.358308 -0.127342 0.924878 0 
3.32153 13.1215 -0.258515 1 

0.901143 0.19547 -0.386952 0 
-0.185606 0.980596 0.0631081 0 
0.39178 0.0149513 0.919938 0 
3.69614 13.5549 -5.892 1 

0.901143 0.19547 -0.386952 0 
-0.185606 0.980596 0.0631081 0 
0.39178 0.0149513 0.919938 0 
3.69614 13.5549 -5.892 1 

0.999921 -0.0105542 -0.00683184 0 
0.00886743 0.977257 -0.211872 0 
0.00891261 0.211795 0.977274 0 
-0.113065 12.6611 2.6969 1 

0.999921 -0.0105542 -0.00683184 0 
0.0121922 0.946648 0.322038 0 
0.00306848 -0.322096 0.946702 0 
-0.133116 12.9443 -0.675232 1 

0.999921 -0.0105542 -0.00683184 0 
0.0121922 0.946648 0.322038 0 
0.00306848 -0.322096 0.946702 0 
-0.133116 12.9443 -0.675231 1 

0.999921 -0.0105542 -0.00683184 0 
0.0121922 0.946648 0.322038 0 
0.00306848 -0.322096 0.946702 0 
-0.133116 12.9443 -0.675231 1 

0.999781 -0.0175661 -0.0113707 0 
0.0145597 0.974267 -0.224926 0 
0.0150291 0.224711 0.97431 0 
-0.186258 12.6515 2.83261 1 

0.999781 -0.0175661 -0.0113707 0 
0.0203281 0.944218 0.328692 0 
0.00496255 -0.328851 0.944369 0 
-0.221058 12.9344 -0.664288 1 

0.999781 -0.0175661 -0.0113707 0 
0.0203281 0.944218 0.328692 0 
0.00496255 -0.328851 0.944369 0 
-0.221058 12.9344 -0.664288 1 

0.999781 -0.0175661 -0.0113707 0 
0.0203281 0.944218 0.328692 0 
0.00496255 -0.328851 0.944369 0 
-0.221058 12.9344 -0.664288 1 

1.41667
1 0 0 0 
0 1 0 0 
0 0 1 0 
0 12.3768 0 1 

1 0 0 0 
0 1 0 0 
0 0 1 0 
0 12.3768 0 1 

1 0 0 0 
0 1 0 0 
0 0 1 0 
0 12.3768 -1.49012e-008 1 

1 0 0 0 
0 1 0 0 
0 0 1 0 
0 12.3768 -2.98023e-008 1 

1 0 0 0 
0 1 0 0 
0 0 1 0 
0 12.3768 -1.49012e-008 1 

0.980526 -0.0982013 -0.170077 0 
0.1058 0.993729 0.0361831 0 
0.165457 -0.0534726 0.984766 0 
-1.92769 12.732 -0.262984 1 

0.854874 -0.109482 0.507152 0 
0.1058 0.993729 0.0361831 0 
-0.507933 0.0227246 0.861097 0 
-1.57339 12.8803 -5.37202 1 

0.854874 -0.109482 0.507152 0 
0.1058 0.993729 0.0361831 0 
-0.507933 0.0227246 0.861097 0 
-1.57339 12.8803 -5.37202 1 

0.909641 0.156644 0.384729 0 
-0.196738 0.978172 0.0668929 0 
-0.365853 -0.136539 0.920602 0 
3.52309 13.1868 -0.307595 1 

0.89479 0.20702 -0.395594 0 
-0.196738 0.978172 0.0668929 0 
0.400807 0.0179731 0.915986 0 
3.90065 13.6573 -6.07669 1 

0.89479 0.20702 -0.395594 0 
-0.196738 0.978172 0.0668929 0 
0.400807 0.0179731 0.915986 0 
3.90065 13.6573 -6.07669 1 

0.999912 -0.0111519 -0.00721874 0 
0.0093122 0.975947 -0.21781 0 
0.00947411 0.217724 0.975964 0 
-0.118739 12.6781 2.77289 1 

0.999912 -0.0111519 -0.00721874 0 
0.0129171 0.943086 0.332297 0 
0.00310214 -0.332361 0.943147 0 
-0.140474 12.9782 -0.701317 1 

0.999912 -0.0111519 -0.00721874 0 
0.0129171 0.943086 0.332297 0 
0.00310214 -0.332361 0.943147 0 
-0.140474 12.9782 -0.701317 1 

0.999912 -0.0111519 -0.00721874 0 
0.0129171 0.943086 0.332297 0 
0.00310214 -0.332361 0.943147 0 
-0.140474 12.9782 -0.701317 1 

0.999755 -0.0185671 -0.0120186 0 
0.0152847 0.972755 -0.231332 0 
0.0159863 0.231091 0.972801 0 
-0.195578 12.6684 2.91284 1 

0.999755 -0.0185671 -0.0120186 0 
0.0215426 0.940543 0.338992 0 
0.00500994 -0.339168 0.940713 0 
-0.233322 12.9677 -0.689369 1 

0.999755 -0.0185671 -0.0120186 0 
0.0215426 0.940543 0.338992 0 
0.00500994 -0.339168 0.940713 0 
-0.233322 12.9677 -0.689369 1 

0.999755 -0.0185671 -0.0120186 0 
0.0215426 0.940543 0.338992 0 
0.00500994 -0.339168 0.940713 0 
-0.233322 12.9677 -0.689369 1 

1.45833
1 0 0 0 
0 1 0 0 
0 0 1 0 
0 12.3768 0 1 

1 0 0 0 
0 1 0 0 
0 0 1 0 
0 12.3768 0 1 

1 0 0 0 
0 1 0 0 
0 0 1 0 
0 12.3768 -1.49012e-008 1 

1 0 0 0 
0 1 0 0 
0 0 1 0 
0 12.3768 -2.98023e-008 1 

1 0 0 0 
0 1 0 0 
0 0 1 0 
0 12.3768 -1.49012e-008 1 

0.980156 -0.103631 -0.168984 0 
0.11157 0.993024 0.0381564 0 
0.163851 -0.0562527 0.98488 0 
-2.03858 12.7586 -0.303818 1 

0.844793 -0.114996 0.52259 0 
0.11157 0.993024 0.0381564 0 
-0.523332 0.0260709 0.85173 0 
-1.6243 12.9127 -5.52692 1 

0.844793 -0.114996 0.52259 0 
0.11157 0.993024 0.0381564 0 
-0.523332 0.0260709 0.85173 0 
-1.6243 12.9127 -5.52692 1 

0.904222 0.16432 0.394185 0 
-0.20813 0.975538 0.0707665 0 
-0.372914 -0.14603 0.916303 0 
3.72961 13.2565 -0.359157 1 

0.888266 0.218808 -0.403866 0 
-0.20813 0.975538 0.0707665 0 
0.40947 0.0211972 0.912077 0 
4.109 13.7654 -6.259 1 

0.888266 0.218808 -0.403866 0 
-0.20813 0.975538 0.0707665 0 
0.40947 0.0211972 0.912077 0 
4.109 13.7654 -6.259 1 

0.999902 -0.0117614 -0.00761326 0 
0.00976127 0.974623 -0.223641 0 
0.0100504 0.223545 0.974642 0 
-0.124468 12.6953 2.84753 1 

0.999902 -0.0117614 -0.00761326 0 
0.0136576 0.939435 0.342455 0 
0.0031244 -0.342526 0.939503 0 
-0.147953 13.0128 -0.727425 1 

0.999902 -0.0117614 -0.00761326 0 
0.0136576 0.939435 0.342455 0 
0.0031244 -0.342526 0.939503 0 
-0.147953 13.0128 -0.727425 1 

0.999902 -0.0117614 -0.00761326 0 
0.0136576 0.939435 0.342455 0 
0.0031244 -0.342526 0.939503 0 
-0.147953 13.0128 -0.727425 1 

0.999728 -0.0195885 -0.0126798 0 
0.0160161 0.971224 -0.23763 0 
0.0169697 0.237362 0.971273 0 
-0.204985 12.6855 2.99169 1 

0.999728 -0.0195885 -0.0126798 0 
0.0227839 0.936777 0.349183 0 
0.00503817 -0.349377 0.936969 0 
-0.245793 13.0018 -0.714452 1 

0.999728 -0.0195885 -0.0126798 0 
0.0227839 0.936777 0.349183 0 
0.00503817 -0.349377 0.936969 0 
-0.245793 13.0018 -0.714452 1 

0.999728 -0.0195885 -0.0126798 0 
0.0227839 0.936777 0.349183 0 
0.00503817 -0.349377 0.936969 0 
-0.245793 13.0018 -0.714452 1 

1.5
1 0 0 0 
0 1 0 0 
0 0 1 0 
0 12.3768 0 1 

1 0 0 0 
0 1 0 0 
0 0 1 0 
0 12.3768 0 1 

1 0 0 0 
0 1 0 0 
0 0 1 0 
0 12.3768 -1.49012e-008 1 

1 0 0 0 
0 1 0 0 
0 0 1 0 
0 12.3768 -2.98023e-008 1 

1 0 0 0 
0 1 0 0 
0 0 1 0 
0 12.3768 -1.49012e-008 1 

0.979819 -0.109191 -0.167427 0 
0.117441 0.992267 0.0401644 0 
0.161747 -0.0590167 0.985066 0 
-2.15171 12.7865 -0.346497 1 

0.834445 -0.120528 0.53775 0 
0.117441 0.992267 0.0401644 0 
-0.538432 0.0296389 0.842148 0 
-1.67453 12.9459 -5.67843 1 

0.834445 -0.120528 0.53775 0 
0.117441 0.992267 0.0401644 0 
-0.538432 0.0296389 0.842148 0 
-1.67453 12.9459 -5.67843 1 

0.89872 0.172074 0.403353 0 
-0.219773 0.972685 0.0747252 0 
-0.379477 -0.155803 0.911988 0 
3.94089 13.3305 -0.413141 1 

0.881573 0.23082 -0.411766 0 
-0.219773 0.972685 0.0747252 0 
0.417766 0.0246192 0.908221 0 
4.32093 13.8793 -6.43882 1 

0.881573 0.23082 -0.411766 0 
-0.219773 0.972685 0.0747252 0 
0.417766 0.0246192 0.908221 0 
4.32093 13.8793 -6.43882 1 

0.999891 -0.0123823 -0.00801513 0 
0.0102142 0.973287 -0.229364 0 
0.0106411 0.229257 0.973308 0 
-0.130246 12.7127 2.92082 1 

0.999891 -0.0123823 -0.00801513 0 
0.014413 0.935696 0.352512 0 
0.00313484 -0.352589 0.935773 0 
-0.155547 13.0481 -0.753545 1 

0.999891 -0.0123823 -0.00801513 0 
0.014413 0.935696 0.352512 0 
0.00313484 -0.352589 0.935773 0 
-0.155546 13.0481 -0.753545 1 

0.999891 -0.0123823 -0.00801513 0 
0.014413 0.935696 0.352512 0 
0.00313484 -0.352589 0.935773 0 
-0.155547 13.0481 -0.753545 1 

0.999698 -0.0206297 -0.0133537 0 
0.0167532 0.969676 -0.24382 0 
0.0179787 0.243523 0.969729 0 
-0.21447 12.7028 3.06915 1 

0.999698 -0.0206297 -0.0133537 0 
0.0240507 0.932926 0.359264 0 
0.00504656 -0.359477 0.93314 0 
-0.258462 13.0364 -0.739526 1 

0.999698 -0.0206297 -0.0133537 0 
0.0240507 0.932926 0.359264 0 
0.00504656 -0.359477 0.93314 0 
-0.258462 13.0364 -0.739525 1 

0.999698 -0.0206297 -0.0133537 0 
0.0240507 0.932926 0.359264 0 
0.00504656 -0.359477 0.93314 0 
-0.258462 13.0364 -0.739525 1 

1.54167
1 0 0 0 
0 1 0 0 
0 0 1 0 
0 12.3768 0 1 

1 0 0 0 
0 1 0 0 
0 0 1 0 
0 12.3768 0 1 

1 0 0 0 
0 1 0 0 
0 0 1 0 
0 12.3768 -1.49012e-008 1 

1 0 0 0 
0 1 0 0 
0 0 1 0 
0 12.3768 -2.98023e-008 1 

1 0 0 0 
0 1 0 0 
0 0 1 0 
0 12.3768 -1.49012e-008 1 

0.979511 -0.114881 -0.165408 0 
0.123409 0.991458 0.0422055 0 
0.159147 -0.0617536 0.985322 0 
-2.26696 12.8159 -0.390984 1 

0.823844 -0.12607 0.552618 0 
0.123409 0.991458 0.0422055 0 
-0.553218 0.0334273 0.832365 0 
-1.72412 12.9797 -5.82641 1 

0.823844 -0.12607 0.552618 0 
0.123409 0.991458 0.0422055 0 
-0.553218 0.0334273 0.832365 0 
-1.72412 12.9797 -5.82641 1 

0.893142 0.179899 0.41223 0 
-0.231654 0.969604 0.078765 0 
-0.38553 -0.165843 0.907669 0 
4.15674 13.4091 -0.469478 1 

0.874714 0.243044 -0.419292 0 
-0.231654 0.969604 0.078765 0 
0.42569 0.0282339 0.904428 0 
4.53619 13.9991 -6.61603 1 

0.874714 0.243044 -0.419292 0 
-0.231654 0.969604 0.078765 0 
0.42569 0.0282339 0.904428 0 
4.53619 13.9991 -6.61603 1 

0.99988 -0.013014 -0.00842407 0 
0.0106707 0.971942 -0.234979 0 
0.0112457 0.234861 0.971964 0 
-0.136068 12.7303 2.99276 1 

0.99988 -0.013014 -0.00842407 0 
0.0151827 0.931874 0.362464 0 
0.00313307 -0.362548 0.93196 0 
-0.163248 13.0839 -0.779661 1 

0.99988 -0.013014 -0.00842407 0 
0.0151827 0.931874 0.362464 0 
0.00313307 -0.362548 0.93196 0 
-0.163248 13.0839 -0.779661 1 

0.99988 -0.013014 -0.00842407 0 
0.0151827 0.931874 0.362464 0 
0.00313307 -0.362548 0.93196 0 
-0.163248 13.0839 -0.779661 1 

0.999666 -0.0216899 -0.01404 0 
0.0174954 0.968113 -0.249902 0 
0.0190127 0.249573 0.968169 0 
-0.224026 12.7202 3.14523 1 

0.999666 -0.0216899 -0.01404 0 
0.0253422 0.928992 0.369231 0 
0.00503448 -0.369464 0.929231 0 
-0.271316 13.0715 -0.764576 1 

0.999666 -0.0216899 -0.01404 0 
0.0253422 0.928992 0.369231 0 
0.00503448 -0.369464 0.929231 0 
-0.271316 13.0715 -0.764576 1 

0.999666 -0.0216899 -0.01404 0 
0.0253422 0.928992 0.369231 0 
0.00503448 -0.369464 0.929231 0 
-0.271316 13.0715 -0.764576 1 

1.58333
1 0 0 0 
0 1 0 0 
0 0 1 0 
0 12.3768 0 1 

1 0 0 0 
0 1 0 0 
0 0 1 0 
0 12.3768 0 1 

1 0 0 0 
0 1 0 0 
0 0 1 0 
0 12.3768 -1.49012e-008 1 

1 0 0 0 
0 1 0 0 
0 0 1 0 
0 12.3768 -2.98023e-008 1 

1 0 0 0 
0 1 0 0 
0 0 1 0 
0 12.3768 -1.49012e-008 1 

0.979227 -0.1207 -0.162931 0 
0.129469 0.990594 0.0442778 0 
0.156054 -0.0644525 0.985643 0 
-2.38422 12.8466 -0.437236 1 

0.813008 -0.13161 0.567184 0 
0.129469 0.990594 0.0442778 0 
-0.567676 0.0374343 0.8224 0 
-1.77311 13.014 -5.97075 1 

0.813008 -0.13161 0.567184 0 
0.129469 0.990594 0.0442778 0 
-0.567676 0.0374343 0.8224 0 
-1.77311 13.014 -5.97075 1 

0.887498 0.187792 0.420811 0 
-0.243762 0.966287 0.0828817 0 
