1
17
BackJoint01
1
RootJoint
1
ChestJoint01 
6.11337e-017 0.99839 0.0567267 0 
-5.77588e-017 0.0567267 -0.99839 0 
-1 5.77588e-017 6.11337e-017 0 
4e-006 16.356 1.01118 1 

ChestJoint01
2
BackJoint01
3
NeckJoint01 Left_ShoulderJoint01 Right_ShoulderJoint01 
5.43962e-017 0.888358 -0.459151 0 
-3.31174e-017 0.459151 0.888358 0 
1 -3.31174e-017 5.43962e-017 0 
4e-006 19.998 0.663283 1 

HipJoint01
10
RootJoint
2
Left_ThighJoint01 Right_ThighJoint01 
-1.60518e-016 -0.998168 0.0604951 0 
7.09607e-017 0.0604951 0.998168 0 
-1 1.64517e-016 6.11202e-017 0 
1.30369e-016 14.0265 0.945623 1 

Left_AnkleJoint01
13
Left_KneeJoint01
0

0.920996 0.00715381 -0.389505 0 
-0.00993098 0.999938 -0.00511685 0 
0.389444 0.00858077 0.92101 0 
1.87015 0.290285 0.13165 1 

Left_ElbowJoint01
5
Left_ShoulderJoint01
1
Left_WristJoint01 
0.794907 -0.606731 -0.000794539 0 
-0.571389 -0.749042 0.335337 0 
-0.204055 -0.266108 -0.942098 0 
7.46082 17.808 -0.912419 1 

Left_KneeJoint01
12
Left_ThighJoint01
1
Left_AnkleJoint01 
0.920996 0.00715381 -0.389505 0 
-0.00993098 0.999938 -0.00511685 0 
0.389444 0.00858077 0.92101 0 
1.76741 6.9195 0.526905 1 

Left_ShoulderJoint01
4
ChestJoint01
1
Left_ElbowJoint01 
0.548369 -0.513966 0.659644 0 
-0.686163 -0.727439 0.00362433 0 
0.477988 -0.454611 -0.751569 0 
2.45817 19.5862 -0.417885 1 

Left_ThighJoint01
11
HipJoint01
1
Left_KneeJoint01 
0.920996 0.00715381 -0.389505 0 
-0.00993098 0.999938 -0.00511685 0 
0.389444 0.00858077 0.92101 0 
1.67856 12.9635 0.371474 1 

Left_WristJoint01
6
Left_ElbowJoint01
0

1 2.56739e-016 -8.32667e-017 0 
-2.56739e-016 1 -2.68163e-008 0 
8.32667e-017 2.68163e-008 1 0 
10.7689 16.6322 -1.23937 1 

NeckJoint01
3
ChestJoint01
0

5.5725e-017 0.910058 -0.414482 0 
-3.58527e-017 0.414482 0.910058 0 
1 -3.58527e-017 5.5725e-017 0 
4e-006 27.5234 0.763551 1 

Right_AnkleJoint01
16
Right_KneeJoint01
0

-0.774151 0.0704049 -0.629073 0 
0.0237184 -0.989871 -0.139973 0 
-0.632556 -0.123281 0.76464 0 
-1.86109 0.281456 0.0848058 1 

Right_ElbowJoint01
8
Right_ShoulderJoint01
1
Right_WristJoint01 
0.990334 0.0301225 0.135393 0 
0.00803818 -0.986957 0.160785 0 
0.13847 -0.158142 -0.977659 0 
-7.10209 17.8731 -0.915679 1 

Right_KneeJoint01
15
Right_ThighJoint01
1
Right_AnkleJoint01 
-0.774151 0.0704049 -0.629073 0 
0.0237183 -0.989871 -0.139973 0 
-0.632556 -0.123281 0.76464 0 
-1.61377 6.75512 0.0205491 1 

Right_ShoulderJoint01
7
ChestJoint01
1
Right_ElbowJoint01 
0.99946 0.0322047 0.00649917 0 
0.0302238 -0.978833 0.202417 0 
0.0128804 -0.202112 -0.979278 0 
-2.52894 19.5479 -0.478713 1 

Right_ThighJoint01
14
HipJoint01
1
Right_KneeJoint01 
-0.794956 0.281443 -0.537434 0 
0.0212486 -0.872418 -0.488298 0 
-0.606295 -0.399595 0.687554 0 
-1.67856 12.9635 0.371474 1 

Right_WristJoint01
9
Right_ElbowJoint01
0

1 -0 -5.55112e-017 0 
-3.14501e-032 -1 -5.66554e-016 0 
-5.55112e-017 5.66554e-016 -1 0 
-10.4497 16.6471 -1.23556 1 

RootJoint
0
NULL
2
BackJoint01 HipJoint01 
5.97932e-017 0.976497 0.215533 0 
-4.80347e-017 0.215533 -0.976497 0 
-1 4.80347e-017 5.97932e-017 0 
3.9443e-031 12.9489 0.379455 1 

RootJoint
