1
17
BackJoint01
1
RootJoint
1
ChestJoint01 
6.11337e-017 0.99839 0.0567267 0 
-5.77588e-017 0.0567267 -0.99839 0 
-1 5.77588e-017 6.11337e-017 0 
4e-006 16.664 1.01118 1 

ChestJoint01
2
BackJoint01
3
NeckJoint01 Left_ShoulderJoint01 Right_ShoulderJoint01 
5.43962e-017 0.888358 -0.459151 0 
-3.31174e-017 0.459151 0.888358 0 
1 -3.31174e-017 5.43962e-017 0 
4e-006 19.6494 1.11801 1 

HipJoint01
10
RootJoint
2
Left_ThighJoint01 Right_ThighJoint01 
-1.60518e-016 -0.998168 0.0604951 0 
7.09607e-017 0.0604951 0.998168 0 
-1 1.64517e-016 6.11202e-017 0 
1.30369e-016 14.0265 0.945623 1 

Left_AnkleJoint01
13
Left_KneeJoint01
0

0.920996 0.00715381 -0.389505 0 
-0.00993098 0.999938 -0.00511685 0 
0.389444 0.00858077 0.92101 0 
1.87015 0.290285 0.13165 1 

Left_ElbowJoint01
5
Left_ShoulderJoint01
1
Left_WristJoint01 
0.0784844 0.825183 0.559386 0 
-0.374607 -0.495584 0.783624 0 
0.923856 -0.271052 0.270224 0 
7.49559 17.7925 -1.37985 1 

Left_KneeJoint01
12
Left_ThighJoint01
1
Left_AnkleJoint01 
0.920996 0.00715381 -0.389505 0 
-0.00993098 0.999938 -0.00511685 0 
0.389444 0.00858077 0.92101 0 
1.76741 6.9195 0.526905 1 

Left_ShoulderJoint01
4
ChestJoint01
1
Left_ElbowJoint01 
0.0773419 0.825571 0.558973 0 
-0.376088 -0.495076 0.783236 0 
0.923351 -0.2708 0.272197 0 
2.47413 19.5928 -0.462999 1 

Left_ThighJoint01
11
HipJoint01
1
Left_KneeJoint01 
0.920996 0.00715381 -0.389505 0 
-0.00993098 0.999938 -0.00511685 0 
0.389444 0.00858077 0.92101 0 
1.67856 12.9635 0.371474 1 

Left_WristJoint01
6
Left_ElbowJoint01
0

-0.0229748 0.883904 -0.467104 0 
-0.057205 0.4653 0.883303 0 
0.998098 0.0470144 0.0398735 0 
10.7709 16.6288 -1.24033 1 

NeckJoint01
3
ChestJoint01
0

5.5725e-017 0.910058 -0.414482 0 
-3.58527e-017 0.414482 0.910058 0 
1 -3.58527e-017 5.5725e-017 0 
4e-006 29.5106 0.763551 1 

Right_AnkleJoint01
16
Right_KneeJoint01
0

0.903642 -0.0255912 0.427524 0 
-0.0173781 -0.999582 -0.0231025 0 
0.427937 0.0134468 -0.903709 0 
-1.94979 0.272872 0.293573 1 

Right_ElbowJoint01
8
Right_ShoulderJoint01
1
Right_WristJoint01 
0.998013 0.0513698 0.036484 0 
0.0437452 -0.981661 0.185547 0 
0.0453464 -0.183582 -0.981958 0 
-6.98089 17.8283 -1.54307 1 

Right_KneeJoint01
15
Right_ThighJoint01
1
Right_AnkleJoint01 
0.903642 -0.0255912 0.427524 0 
-0.0173781 -0.999582 -0.0231025 0 
0.427937 0.0134468 -0.903709 0 
-1.80902 6.95087 0.998526 1 

Right_ShoulderJoint01
7
ChestJoint01
1
Right_ElbowJoint01 
0.990757 0.0473005 0.127135 0 
0.027423 -0.987725 0.153776 0 
0.132848 -0.148868 -0.979893 0 
-2.52894 19.5479 -0.478713 1 

Right_ThighJoint01
14
HipJoint01
1
Right_KneeJoint01 
0.905641 0.0208681 0.423532 0 
-0.0160451 -0.996387 0.0834028 0 
0.423742 -0.0823286 -0.902034 0 
-1.67856 12.9635 0.371474 1 

Right_WristJoint01
9
Right_ElbowJoint01
0

1 1.73472e-018 -6.93889e-018 0 
1.73472e-018 -1 -1.22465e-016 0 
-6.93889e-018 1.22465e-016 -1 0 
-10.3182 16.5351 -1.49927 1 

RootJoint
0
NULL
2
BackJoint01 HipJoint01 
5.97932e-017 0.976497 0.215533 0 
-4.80347e-017 0.215533 -0.976497 0 
-1 4.80347e-017 5.97932e-017 0 
3.9443e-031 12.9489 0.379455 1 

RootJoint
