1
17
BackJoint01
1
RootJoint
1
ChestJoint01 
6.11337e-017 0.99839 0.0567267 0 
-5.77588e-017 0.0567267 -0.99839 0 
-1 5.77588e-017 6.11337e-017 0 
4e-006 16.664 1.01118 1 

ChestJoint01
2
BackJoint01
3
NeckJoint01 Left_ShoulderJoint01 Right_ShoulderJoint01 
-0.0117502 0.888264 -0.459182 0 
-0.0407999 0.458406 0.887806 0 
0.999098 0.0291665 0.0308548 0 
4e-006 19.6494 1.11801 1 

HipJoint01
10
RootJoint
2
Left_ThighJoint01 Right_ThighJoint01 
-1.60518e-016 -0.998168 0.0604951 0 
7.09607e-017 0.0604951 0.998168 0 
-1 1.64517e-016 6.11202e-017 0 
1.30369e-016 14.0265 0.945623 1 

Left_AnkleJoint01
13
Left_KneeJoint01
0

0.920996 0.00715381 -0.389505 0 
-0.00993098 0.999938 -0.00511685 0 
0.389444 0.00858077 0.92101 0 
1.87015 0.290285 0.13165 1 

Left_ElbowJoint01
5
Left_ShoulderJoint01
1
Left_WristJoint01 
0.759199 -0.64986 -0.036037 0 
-0.621647 -0.740414 0.255621 0 
-0.1928 -0.171665 -0.966105 0 
7.49441 17.8965 -0.929904 1 

Left_KneeJoint01
12
Left_ThighJoint01
1
Left_AnkleJoint01 
0.920996 0.00715381 -0.389505 0 
-0.00993098 0.999938 -0.00511685 0 
0.389444 0.00858077 0.92101 0 
1.76741 6.9195 0.526905 1 

Left_ShoulderJoint01
4
ChestJoint01
1
Left_ElbowJoint01 
0.54689 -0.547894 0.633028 0 
-0.687736 -0.725187 -0.0335056 0 
0.477421 -0.417032 -0.773404 0 
2.51417 19.9455 -0.38597 1 

Left_ThighJoint01
11
HipJoint01
1
Left_KneeJoint01 
0.920996 0.00715381 -0.389505 0 
-0.00993098 0.999938 -0.00511685 0 
0.389444 0.00858077 0.92101 0 
1.67856 12.9635 0.371474 1 

Left_WristJoint01
6
Left_ElbowJoint01
0

1 3.46945e-016 -2.77556e-017 0 
-3.46945e-016 1 -2.68163e-008 0 
2.77556e-017 2.68163e-008 1 0 
10.7387 16.5617 -1.28417 1 

NeckJoint01
3
ChestJoint01
0

-0.0137612 0.909927 -0.41454 0 
-0.0401663 0.413741 0.909508 0 
0.999098 0.0291665 0.0308548 0 
-0.276727 29.5066 0.76095 1 

Right_AnkleJoint01
16
Right_KneeJoint01
0

0.903199 -0.0289403 0.428245 0 
-0.025813 -0.999581 -0.0131091 0 
0.428445 0.000785855 -0.903568 0 
-2.05618 0.227243 0.322579 1 

Right_ElbowJoint01
8
Right_ShoulderJoint01
1
Right_WristJoint01 
0.988111 0.0191387 0.152549 0 
-0.00645329 -0.986184 0.165526 0 
0.15361 -0.164542 -0.974336 0 
-7.05412 17.8436 -1.07944 1 

Right_KneeJoint01
15
Right_ThighJoint01
1
Right_AnkleJoint01 
0.903199 -0.0289403 0.428245 0 
-0.025813 -0.999581 -0.0131091 0 
0.428445 0.00078587 -0.903568 0 
-1.85856 6.94851 0.962604 1 

Right_ShoulderJoint01
7
ChestJoint01
1
Right_ElbowJoint01 
0.999391 0.0224079 0.0267492 0 
0.0163967 -0.978232 0.206863 0 
0.0308023 -0.206299 -0.978004 0 
-2.47443 19.4752 -0.555954 1 

Right_ThighJoint01
14
HipJoint01
1
Right_KneeJoint01 
0.905131 0.0110314 0.424991 0 
-0.0242222 -0.996701 0.0774588 0 
0.424443 -0.0804045 -0.901878 0 
-1.67856 12.9635 0.371474 1 

Right_WristJoint01
9
Right_ElbowJoint01
0

1 -2.08167e-017 -1.11022e-016 0 
-2.08167e-017 -1 -5.66554e-016 0 
-1.11022e-016 5.66554e-016 -1 0 
-10.3565 16.667 -1.45693 1 

RootJoint
0
NULL
2
BackJoint01 HipJoint01 
5.97932e-017 0.976497 0.215533 0 
-4.80347e-017 0.215533 -0.976497 0 
-1 4.80347e-017 5.97932e-017 0 
3.9443e-031 12.9489 0.379455 1 

RootJoint
